CHECKSUM 999997590
GEN 0 NUM_GENOME 51 NUM_VILLAGE 3
3.744316 0.184332 4.880520 8.008362 2.228095 0.606162 2.178076 3.353236 2.373266 21.059603 3.917661 46.919156 7.486801 -100000000000.000000
2.840968 3.713340 3.338115 8.985260 1.906186 0.950862 3.749443 3.458983 1.373919 14.113285 2.192755 10.034486 6.349681 -100000000000.000000
0.250404 1.792962 0.740379 4.330576 2.168126 1.631132 3.420392 0.993576 1.524793 7.001251 29.707938 16.940825 4.246956 -100000000000.000000
0.017548 1.932737 2.463454 3.339335 0.165899 1.363308 4.730140 1.834330 2.192810 18.121586 12.890103 9.797967 2.522660 -100000000000.000000
1.364025 3.238319 3.495895 6.546831 0.130558 2.180343 3.906964 3.807672 0.750893 0.288400 25.761895 15.153966 2.545244 -100000000000.000000
1.429334 0.536973 3.390606 5.782647 1.159093 2.281591 3.418332 3.703574 1.822175 14.845729 27.090365 29.476302 15.037080 -100000000000.000000
1.177404 2.319254 2.334971 7.146214 2.206122 0.912391 3.405286 3.286081 2.408286 18.739586 26.378063 46.926786 4.959258 -100000000000.000000
2.441786 4.349040 0.456099 8.096866 1.698263 2.238823 3.752876 3.717994 0.441069 0.148320 1.107822 21.131016 17.303385 -100000000000.000000
0.527360 0.402844 1.837672 4.689779 2.940855 1.161550 3.405835 4.764199 2.360082 27.400739 26.843165 24.327830 2.047182 -100000000000.000000
2.914365 0.766015 4.599139 1.476180 1.499680 2.456090 2.735099 4.423612 0.519843 18.445692 15.786004 38.236641 2.187567 -100000000000.000000
2.302316 0.271462 2.124546 0.768761 2.006806 0.807920 0.882885 3.828272 0.603314 15.662404 17.976012 13.924070 10.394604 -100000000000.000000
2.124393 4.619587 4.900967 0.611286 2.519700 1.676586 4.284219 1.221000 2.347145 13.335978 0.029298 40.838343 8.390149 -100000000000.000000
2.225562 2.075411 1.098972 5.967284 2.362957 1.764003 4.701437 1.237892 2.052071 9.715873 13.102512 30.213324 6.497391 -100000000000.000000
1.108127 2.542680 2.406670 7.926342 1.764824 1.423264 2.509478 2.701539 3.395109 19.159825 10.566189 18.919165 7.920774 -100000000000.000000
1.108127 2.542680 2.406670 7.926342 1.764824 1.423264 2.509478 2.701539 3.395109 19.159825 10.566189 18.919165 7.920774 -100000000000.000000
1.108127 2.542680 2.406670 7.926342 1.764824 1.423264 2.509478 2.701539 3.395109 19.159825 10.566189 18.919165 7.920774 -100000000000.000000
1.108127 2.542680 2.406670 7.926342 1.764824 1.423264 2.509478 2.701539 3.395109 19.159825 10.566189 18.919165 7.920774 -100000000000.000000
3.843196 1.479690 3.061464 0.461440 2.588824 1.963478 2.523881 2.920362 1.381994 0.830409 6.260567 42.732017 14.531083 -100000000000.000000
0.260933 3.195441 2.611164 4.352245 0.083773 1.834434 2.828074 3.012101 1.586181 14.166387 3.487350 7.110813 2.618488 -100000000000.000000
3.211615 0.719932 3.133641 4.294870 0.375744 1.741176 4.670263 4.510544 0.491498 17.316813 18.799097 7.991272 17.147740 -100000000000.000000
1.746422 0.959197 4.969481 2.445448 0.252602 1.629252 4.935316 2.043214 1.080575 9.816584 8.688620 27.623829 13.457442 -100000000000.000000
0.040895 0.712760 0.642720 0.731223 2.466689 1.300867 2.891659 0.650380 2.637193 7.701651 6.448256 3.114414 10.082705 -100000000000.000000
1.386761 0.052797 0.524003 0.824915 1.326273 1.981271 1.664449 4.557375 1.826707 11.411481 7.977233 43.482772 0.462661 -100000000000.000000
4.658040 4.049501 3.664663 6.840724 2.963103 0.634696 1.820872 4.472228 2.521586 4.109012 15.573595 35.726493 13.099765 -100000000000.000000
0.484024 4.759514 2.171697 5.757927 2.068056 1.009275 1.578753 1.962600 0.833128 23.242286 6.608478 28.395947 6.464431 -100000000000.000000
3.047121 3.771630 4.151433 0.073855 2.849757 0.594479 3.866176 1.874706 0.946593 20.993683 23.627735 42.596210 19.481185 -100000000000.000000
1.336711 0.466323 4.714194 5.779290 0.374187 1.658727 3.964507 4.226951 1.338075 5.740532 25.060579 36.716819 19.400006 -100000000000.000000
3.446455 0.400250 1.393933 0.180975 2.842616 1.962740 4.666143 4.904279 1.891885 17.176733 9.096957 9.649953 8.329722 -100000000000.000000
0.765862 4.826502 1.157720 5.178076 0.975341 1.709821 3.980026 3.918088 1.061129 26.245308 9.207739 40.263070 2.893765 -100000000000.000000
2.342143 2.177343 1.633045 9.555651 1.871761 0.445293 3.018693 3.351726 0.843675 7.964415 25.896481 46.290475 19.852290 -100000000000.000000
1.108127 2.542680 2.406670 7.926342 1.764824 1.423264 2.509478 2.701539 3.395109 19.159825 10.566189 18.919165 7.920774 -100000000000.000000
1.108127 2.542680 2.406670 7.926342 1.764824 1.423264 2.509478 2.701539 3.395109 19.159825 10.566189 18.919165 7.920774 -100000000000.000000
1.108127 2.542680 2.406670 7.926342 1.764824 1.423264 2.509478 2.701539 3.395109 19.159825 10.566189 18.919165 7.920774 -100000000000.000000
1.108127 2.542680 2.406670 7.926342 1.764824 1.423264 2.509478 2.701539 3.395109 19.159825 10.566189 18.919165 7.920774 -100000000000.000000
0.315409 2.174596 4.408094 4.191412 2.946074 2.153621 4.488571 3.019929 1.867165 15.758538 23.431806 45.808283 15.673696 -100000000000.000000
4.612568 0.508896 4.086734 2.887051 1.155705 2.433061 4.449568 4.198798 1.724696 19.848323 12.194281 26.602985 3.475448 -100000000000.000000
1.978820 0.901822 1.493118 5.564135 1.076876 1.362569 1.571886 4.658727 1.679458 24.549699 5.659963 10.646382 3.893551 -100000000000.000000
1.022523 2.268288 4.691000 0.851161 1.360881 1.592996 4.838771 2.777810 1.229225 15.116733 9.179357 32.448805 1.846370 -100000000000.000000
3.424024 3.109531 3.606372 0.285043 2.335215 1.510816 3.019242 4.482665 1.271825 16.495560 22.113407 30.060732 2.819300 -100000000000.000000
1.981872 3.465835 0.264138 4.069643 2.987091 2.333222 3.249687 4.841655 2.098132 22.773522 28.142338 19.049654 10.957366 -100000000000.000000
3.775597 4.626301 3.962828 2.972808 0.731346 0.695996 0.819987 3.730903 0.458290 29.035920 18.652608 24.474319 19.514756 -100000000000.000000
0.078585 2.990661 3.237556 8.984039 0.248848 2.092254 4.874065 1.927717 2.205994 4.114505 28.200934 3.849910 0.458388 -100000000000.000000
3.167974 1.996216 4.904935 0.854823 0.795892 1.660070 1.691778 3.028169 1.382900 26.103397 14.129765 11.980041 18.685873 -100000000000.000000
1.028626 3.770104 1.167486 2.849818 1.717215 0.629057 1.868938 0.806391 2.823252 25.116428 5.850398 35.431990 11.051363 -100000000000.000000
4.642018 1.960204 3.928648 0.765099 2.434919 0.772738 2.237266 3.244881 1.879278 19.298074 7.460860 20.050661 12.157964 -100000000000.000000
3.932005 4.910123 1.583300 7.039094 1.203681 0.594546 3.903806 0.698035 1.287481 11.917783 4.851527 12.187567 10.268258 -100000000000.000000
3.655202 3.886990 3.520920 7.354961 2.036103 2.106153 3.775948 3.906552 2.096567 21.508225 13.281045 24.640645 11.089816 -100000000000.000000
1.108127 2.542680 2.406670 7.926342 1.764824 1.423264 2.509478 2.701539 3.395109 19.159825 10.566189 18.919165 7.920774 -100000000000.000000
1.108127 2.542680 2.406670 7.926342 1.764824 1.423264 2.509478 2.701539 3.395109 19.159825 10.566189 18.919165 7.920774 -100000000000.000000
1.108127 2.542680 2.406670 7.926342 1.764824 1.423264 2.509478 2.701539 3.395109 19.159825 10.566189 18.919165 7.920774 -100000000000.000000
1.108127 2.542680 2.406670 7.926342 1.764824 1.423264 2.509478 2.701539 3.395109 19.159825 10.566189 18.919165 7.920774 -100000000000.000000
FILLING
