CHECKSUM 999997590
GEN 0 NUM_GENOME 51 NUM_VILLAGE 3
0.200201 1.626484 0.970489 1.888180 1.729575 0.898560 1.341304 1.421369 0.469579 19.746696 4.553972 48.287912 14.741661 -100000000000.000000
4.961241 1.968749 2.824030 7.953429 2.282754 1.901978 1.526841 0.687872 1.927894 17.559435 3.794061 4.017762 17.181921 -100000000000.000000
4.920804 2.891476 1.643422 6.561174 2.719291 0.416556 3.358455 1.308206 0.576617 26.343272 23.440046 14.641255 17.198401 -100000000000.000000
0.292367 3.247627 0.787378 7.664724 0.338298 1.045061 0.556444 4.991623 1.201209 0.237129 23.035371 8.198798 7.578967 -100000000000.000000
3.651692 2.839290 1.195563 5.971252 0.412641 2.462670 3.273309 4.991073 0.669152 29.515671 24.250313 13.504440 9.617603 -100000000000.000000
1.772973 4.159978 3.771477 4.742271 2.108341 2.070434 4.001999 3.169759 2.245051 23.575549 7.755669 15.268410 17.070833 -100000000000.000000
1.962340 4.884487 4.328440 0.364696 0.668630 1.259105 2.182608 3.408032 1.966210 21.060518 26.167486 16.714988 15.742058 -100000000000.000000
0.698263 3.825495 4.458144 8.470717 1.337809 1.054527 4.112003 3.989639 2.700146 20.719932 19.371319 42.002625 3.162938 -100000000000.000000
3.807642 4.973296 2.584002 7.323832 2.697592 2.454479 2.455351 1.269890 1.886612 4.795679 11.272317 11.819819 14.221625 -100000000000.000000
4.362468 4.329814 1.254463 1.049226 2.103946 1.139326 3.192557 3.554842 0.932255 21.250954 23.194678 44.679098 15.148778 -100000000000.000000
2.410047 4.423963 4.361248 0.466628 1.322062 0.352235 4.675619 4.591708 1.440828 11.847285 23.647877 31.757561 12.762841 -100000000000.000000
3.123722 1.494797 0.061190 2.497940 0.446059 2.250438 0.780023 4.048967 0.529072 16.873684 4.606159 22.043519 10.003967 -100000000000.000000
3.746910 3.237556 3.671682 4.755699 2.133244 1.914399 3.456236 4.441603 2.640571 18.359630 22.132633 11.583300 15.447249 -100000000000.000000
0.886740 4.310357 3.524269 3.067415 0.837915 1.026319 2.850771 3.475875 1.835979 3.792607 6.065554 12.403771 4.685832 -100000000000.000000
0.886740 4.310357 3.524269 3.067415 0.837915 1.026319 2.850771 3.475875 1.835979 3.792607 6.065554 12.403771 4.685832 -100000000000.000000
0.886740 4.310357 3.524269 3.067415 0.837915 1.026319 2.850771 3.475875 1.835979 3.792607 6.065554 12.403771 4.685832 -100000000000.000000
0.886740 4.310357 3.524269 3.067415 0.837915 1.026319 2.850771 3.475875 1.835979 3.792607 6.065554 12.403771 4.685832 -100000000000.000000
3.371838 0.611744 3.189795 0.470901 2.543321 0.681695 0.847453 0.640492 2.322755 18.854946 2.173528 22.568438 16.249886 -100000000000.000000
4.222236 0.381024 4.389477 0.419019 0.487808 1.405942 1.643986 2.969802 2.792682 24.250313 8.402051 26.398511 3.236183 -100000000000.000000
2.637715 4.643544 4.145940 5.186316 2.009644 2.238353 4.016694 2.263771 1.338487 4.693136 12.748192 43.351543 5.987732 -100000000000.000000
3.610950 4.036988 2.257454 4.386120 1.088504 1.402921 1.169362 1.078310 1.894357 29.953307 27.015290 39.730522 17.545701 -100000000000.000000
0.683309 4.647816 0.289163 9.914548 0.651692 0.331758 0.663152 3.731727 2.911090 6.806238 7.725455 37.322611 0.064699 -100000000000.000000
0.815760 0.446181 0.015870 9.558702 0.604175 0.504981 1.470946 4.572069 2.499997 6.279794 29.533982 14.412366 9.468062 -100000000000.000000
0.883053 0.729240 4.682455 1.645863 0.287576 1.858873 2.258278 0.788675 1.762682 4.268319 4.808496 19.446394 2.597125 -100000000000.000000
1.509293 0.378277 4.811853 9.450972 2.301706 1.166115 2.858837 3.818522 2.677651 24.325388 9.465011 14.592425 5.244911 -100000000000.000000
0.204779 4.852901 4.390240 0.859706 0.341685 0.841826 1.339518 4.531144 0.436537 18.633381 19.731132 12.222663 1.439863 -100000000000.000000
1.470382 3.044221 4.680166 9.970702 1.846858 0.448112 1.187353 4.938475 1.599283 21.427656 7.449873 14.398633 14.387036 -100000000000.000000
4.230171 2.440565 0.707419 0.045167 2.279824 1.439848 2.732765 1.972625 1.567229 25.305033 21.005585 27.584155 3.112888 -100000000000.000000
0.491653 4.083224 0.462966 2.625813 1.162572 1.890094 1.591525 3.376995 1.602002 19.458296 5.430158 31.948302 2.998138 -100000000000.000000
1.557817 0.978881 2.889492 4.008911 0.907590 0.628520 2.584033 4.691687 2.677816 21.597034 11.795099 27.306436 16.644185 -100000000000.000000
0.886740 4.310357 3.524269 3.067415 0.837915 1.026319 2.850771 3.475875 1.835979 3.792607 6.065554 12.403771 4.685832 -100000000000.000000
0.886740 4.310357 3.524269 3.067415 0.837915 1.026319 2.850771 3.475875 1.835979 3.792607 6.065554 12.403771 4.685832 -100000000000.000000
0.886740 4.310357 3.524269 3.067415 0.837915 1.026319 2.850771 3.475875 1.835979 3.792607 6.065554 12.403771 4.685832 -100000000000.000000
0.886740 4.310357 3.524269 3.067415 0.837915 1.026319 2.850771 3.475875 1.835979 3.792607 6.065554 12.403771 4.685832 -100000000000.000000
2.247841 2.696005 4.196142 5.503098 0.390118 0.547414 4.630161 4.962645 1.806024 6.726585 13.399152 33.321635 3.784295 -100000000000.000000
0.222785 3.983886 1.586962 7.279580 0.498886 1.573391 2.503281 1.285821 1.866836 10.271615 10.053713 18.549150 3.361309 -100000000000.000000
3.613086 3.712577 2.846309 1.185339 2.445814 2.262725 0.762993 1.286370 0.466530 28.460952 11.343730 5.839717 8.494522 -100000000000.000000
3.070315 0.758385 1.938078 1.368450 0.023255 0.453484 1.702216 4.108158 1.614939 1.666311 15.064547 6.553850 11.244850 -100000000000.000000
0.713218 3.984344 0.482345 5.646840 0.292245 0.457176 4.008866 1.500610 1.154653 26.830348 21.022980 40.011292 0.621357 -100000000000.000000
4.972076 4.528489 4.804987 3.488876 0.779229 1.611124 0.514969 1.244896 0.648140 17.385479 18.984039 23.815119 15.619984 -100000000000.000000
1.628162 4.612110 0.595416 0.304880 2.713889 1.661815 2.664235 2.004212 1.901444 13.541978 5.942869 40.757469 8.546403 -100000000000.000000
2.984252 1.909391 3.550066 4.841151 2.885830 1.182028 1.164968 1.275109 1.472140 22.546464 19.908750 15.726188 15.207373 -100000000000.000000
0.234535 1.778619 1.511124 2.087161 1.971282 0.500616 0.963363 3.513642 0.381494 20.000305 12.105472 17.653432 4.536882 -100000000000.000000
1.652272 3.342387 3.683737 6.985992 1.716575 1.171419 4.657216 4.287790 1.883151 10.592975 1.922666 17.885372 6.316721 -100000000000.000000
0.343181 4.981536 4.757988 4.819483 1.109287 1.987851 2.297830 2.779870 0.944780 5.519883 15.499435 36.709189 15.492416 -100000000000.000000
0.281228 0.283059 4.286019 5.382855 0.849544 0.462682 4.795923 0.792245 1.497189 23.425398 1.409040 41.151158 0.847804 -100000000000.000000
2.143620 2.876675 2.008576 0.747093 0.741966 1.863640 1.437849 0.756127 2.921061 26.986908 13.715934 9.358501 19.667959 -100000000000.000000
0.886740 4.310357 3.524269 3.067415 0.837915 1.026319 2.850771 3.475875 1.835979 3.792607 6.065554 12.403771 4.685832 -100000000000.000000
0.886740 4.310357 3.524269 3.067415 0.837915 1.026319 2.850771 3.475875 1.835979 3.792607 6.065554 12.403771 4.685832 -100000000000.000000
0.886740 4.310357 3.524269 3.067415 0.837915 1.026319 2.850771 3.475875 1.835979 3.792607 6.065554 12.403771 4.685832 -100000000000.000000
0.886740 4.310357 3.524269 3.067415 0.837915 1.026319 2.850771 3.475875 1.835979 3.792607 6.065554 12.403771 4.685832 -100000000000.000000
FILLING
