CHECKSUM 999997590
GEN 0 NUM_GENOME 51 NUM_VILLAGE 3
1.136967 3.474532 3.901028 3.768731 1.743767 2.121729 2.651875 4.755272 0.358834 19.862972 21.656545 16.920988 7.751091 -100000000000.000000
0.919675 2.715384 4.909818 3.329569 0.383892 0.620261 2.950163 2.811594 0.422199 24.655904 24.338206 4.309214 8.597064 -100000000000.000000
3.498489 0.346843 3.390454 4.326304 2.175726 2.023838 2.684011 1.375637 2.429298 25.335246 19.586474 16.512040 7.967162 -100000000000.000000
0.851924 2.972961 2.963805 8.109684 2.830531 1.199149 1.634648 0.597369 1.008640 1.371502 6.518754 26.145207 9.845882 -100000000000.000000
1.919919 2.168645 1.183050 0.923185 2.610248 1.592727 2.869137 1.419996 2.675097 19.442732 20.898465 39.100314 9.109775 -100000000000.000000
1.391797 4.414045 2.705771 5.785089 1.942442 1.933668 2.820246 3.327830 2.118403 25.511032 14.890591 9.495834 4.593036 -100000000000.000000
1.019318 0.685446 4.304941 3.448897 2.245033 0.315711 1.486465 4.681936 1.175005 11.185339 18.087710 2.832118 18.897061 -100000000000.000000
4.943388 4.311960 1.672414 8.117008 2.038026 1.925141 2.271599 4.866100 2.984838 0.759911 0.840480 0.798059 14.316843 -100000000000.000000
0.847194 0.078738 3.776971 5.012055 1.406110 0.638389 1.524781 2.488998 1.704425 16.090884 29.848933 40.987884 1.544847 -100000000000.000000
3.042238 0.525071 4.202704 9.715262 0.079928 1.698474 3.331675 1.644948 2.614863 6.722007 7.947020 10.850856 2.885830 -100000000000.000000
2.448042 0.690176 2.209235 3.764153 2.264901 1.206333 2.952910 4.493652 2.925922 26.053957 22.917264 35.915708 5.246742 -100000000000.000000
4.598071 0.229804 4.868160 9.671316 0.201056 2.053917 1.417112 3.341563 1.891308 28.315378 25.307779 40.557573 14.795984 -100000000000.000000
2.326273 1.191900 0.592822 2.342296 0.161412 0.938508 2.349193 1.905057 0.456066 7.604602 15.813471 7.554857 7.279275 -100000000000.000000
2.338633 2.317420 1.908868 2.352977 1.704991 0.964033 1.838630 3.771429 1.400329 5.061326 10.425023 17.262851 8.599296 -100000000000.000000
2.338633 2.317420 1.908868 2.352977 1.704991 0.964033 1.838630 3.771429 1.400329 5.061326 10.425023 17.262851 8.599296 -100000000000.000000
2.338633 2.317420 1.908868 2.352977 1.704991 0.964033 1.838630 3.771429 1.400329 5.061326 10.425023 17.262851 8.599296 -100000000000.000000
2.715196 2.317420 1.908868 1.912250 1.704991 0.964033 1.838630 3.771429 1.400329 5.061326 10.861195 17.262851 8.599296 -100000000000.000000
3.563341 2.398297 4.573504 3.755303 0.818690 1.418094 1.483581 3.840770 2.985992 27.012543 8.766442 49.972533 2.086245 -100000000000.000000
4.933012 3.098239 3.846095 0.095828 0.643910 1.047948 3.584780 1.200125 2.220331 5.673696 20.809656 37.388226 4.708396 -100000000000.000000
1.316568 4.421064 4.381237 9.313639 1.159825 1.435148 0.822321 4.035920 1.279736 11.546068 24.712668 9.849849 17.878353 -100000000000.000000
0.972930 0.471358 2.808466 4.448073 0.256539 1.081317 1.782144 4.270211 2.941002 5.496078 3.625599 42.796106 17.742851 -100000000000.000000
4.716025 1.246834 3.188269 8.623615 1.768120 2.490197 1.147252 3.709479 0.618476 17.932981 14.343089 8.612323 14.020814 -100000000000.000000
4.655446 1.710562 3.272652 0.331736 1.774895 1.194784 1.710868 4.652272 0.972384 26.414686 7.150487 32.883694 13.445235 -100000000000.000000
0.283059 1.911832 0.895260 3.356731 0.359539 2.111188 3.162343 0.551912 2.984179 17.011017 1.313822 12.749107 10.252998 -100000000000.000000
0.591906 2.541124 0.938749 6.914884 2.355632 1.385934 2.692251 2.245369 2.536335 6.594745 29.589831 6.224250 2.269967 -100000000000.000000
1.434675 3.959166 1.805933 4.220710 1.108737 1.016257 4.977889 0.837153 2.914057 5.887936 11.108432 1.416059 14.953459 -100000000000.000000
1.537980 2.895444 0.479751 4.961394 0.326212 1.036668 2.545030 1.547578 1.363701 5.964843 2.653279 24.922941 11.137425 -100000000000.000000
2.208625 1.655629 1.792657 7.065035 0.962523 0.645036 1.175680 2.977905 0.448979 11.459090 15.145116 22.655416 5.568407 -100000000000.000000
2.150639 3.388165 2.855159 2.520219 2.454237 1.871496 2.653523 3.287042 0.350594 14.626911 5.491501 49.087497 17.147740 -100000000000.000000
0.668508 4.701224 0.392773 0.968963 2.762780 2.003092 4.332286 2.162420 0.516959 3.264870 5.272683 5.465865 12.634053 -100000000000.000000
2.338633 2.317420 1.908868 2.352977 1.704991 0.964033 1.838630 3.771429 1.400329 5.061326 10.425023 17.262851 8.599296 -100000000000.000000
2.338633 2.317420 1.908868 2.352977 1.704991 0.964033 1.838630 3.771429 1.400329 5.061326 10.425023 17.262851 8.599296 -100000000000.000000
2.338633 2.317420 1.908868 2.352977 1.704991 0.964033 1.838630 3.771429 1.400329 5.061326 10.425023 17.262851 8.599296 -100000000000.000000
2.715196 2.317420 1.908868 1.912250 1.704991 0.964033 1.838630 3.771429 1.400329 5.061326 10.861195 17.262851 8.599296 -100000000000.000000
2.086550 2.684561 3.223670 7.335124 0.883145 1.263939 0.965285 3.159185 2.621043 24.483779 8.679464 22.534867 17.935728 -100000000000.000000
1.239814 0.931272 3.578143 6.353954 0.692892 0.837663 3.691763 3.117573 1.151192 3.200781 3.675954 15.215003 7.433088 -100000000000.000000
4.653615 3.363750 2.906583 7.754448 2.887112 0.315845 4.167348 4.041826 1.698987 11.462752 3.603626 45.600757 0.631123 -100000000000.000000
0.739006 4.965056 2.598804 3.203223 1.717215 2.424802 2.769158 3.787347 0.391958 4.632710 7.989135 15.700247 2.280953 -100000000000.000000
0.523545 3.998993 3.476363 6.211432 2.531693 0.657054 4.026994 0.856380 1.766308 3.366497 29.661245 35.428938 13.957945 -100000000000.000000
0.963164 0.456862 2.166204 2.323679 0.131932 1.251787 4.748817 2.449583 0.911655 17.114475 10.533464 6.021302 6.675008 -100000000000.000000
0.324412 2.264626 4.800867 6.779077 1.637928 0.649266 1.971389 1.981689 2.247194 2.724693 18.619648 39.509262 9.573046 -100000000000.000000
4.498276 2.222968 0.424360 7.422712 0.971862 1.513837 2.960738 1.556505 1.719752 28.931547 2.529679 40.295114 14.645222 -100000000000.000000
0.869015 1.031220 2.402112 7.148045 2.480239 1.594272 4.477859 1.122806 2.470333 13.861507 6.036256 15.526292 1.945860 -100000000000.000000
3.035524 1.621906 1.809442 3.936583 0.684561 1.062719 2.255531 3.953932 1.645427 1.746879 17.931150 19.666128 0.981475 -100000000000.000000
2.999817 4.775384 3.402966 1.895199 2.795465 1.224998 3.827036 1.106738 1.034761 7.430647 17.462386 1.295511 3.269753 -100000000000.000000
2.065340 4.839473 0.106662 3.220008 2.077853 0.950862 1.592898 4.666967 1.436460 13.595996 25.663930 25.019074 9.261147 -100000000000.000000
0.124210 0.318461 0.265664 4.304941 2.312326 0.971340 3.288827 3.525590 2.397327 12.670370 26.166570 3.674429 3.714713 -100000000000.000000
2.338633 2.317420 1.908868 2.352977 1.704991 0.964033 1.838630 3.771429 1.400329 5.061326 10.425023 17.262851 8.599296 -100000000000.000000
2.338633 2.317420 1.908868 2.352977 1.704991 0.964033 1.838630 3.771429 1.400329 5.061326 10.425023 17.262851 8.599296 -100000000000.000000
2.338633 2.317420 1.908868 2.352977 1.704991 0.964033 1.838630 3.771429 1.400329 5.061326 10.425023 17.262851 8.599296 -100000000000.000000
2.715196 2.317420 1.908868 1.912250 1.704991 0.964033 1.838630 3.771429 1.400329 5.061326 10.861195 17.262851 8.599296 -100000000000.000000
FILLING
