CHECKSUM 999997590
TIME _04-07-2024-12-07-04
ERA_NUMGEN 5 FITNESS 2186.320000 DIVERSITY 77.750195
LEADER 1.696219 4.759819 3.016224 6.179998 2.514115 2.153352 2.381054 3.551820 1.423276 10.316737 5.306998 17.574084 10.002136 
ERA_NUMGEN 5 FITNESS 2190.160000 DIVERSITY 70.526785
LEADER 1.696219 4.759819 3.016224 6.179998 2.514115 2.153352 2.381054 3.551820 1.423276 10.316737 5.306998 17.574084 10.002136 
ERA_NUMGEN 5 FITNESS 2218.440000 DIVERSITY 263.219040
LEADER 0.875569 3.244140 3.428983 6.785288 1.054822 0.763389 2.610652 3.671522 1.060914 12.760097 11.402879 15.362371 7.152996 
ERA_NUMGEN 5 FITNESS 2252.160000 DIVERSITY 123.655084
LEADER 0.875569 3.244140 3.428983 6.785288 1.054822 0.763389 2.610652 3.671522 1.060914 12.760097 11.402879 15.362371 7.152996 
ERA_NUMGEN 5 FITNESS 2237.760000 DIVERSITY 117.042662
LEADER 0.740665 3.244140 3.428983 6.785288 1.054822 0.763389 2.610652 3.671522 1.060914 12.760097 11.402879 15.362371 6.955252 
