CHECKSUM 3681646727
GEN 0 NUM_GENOME 51 NUM_VILLAGE 3
3.840907 1.543779 0.426496 4.549699 0.197851 0.562587 3.473678 2.070956 1.903504 -100000000000.000000
3.439283 0.745415 1.759239 0.363170 1.343211 0.936024 3.324671 1.651265 0.958129 -100000000000.000000
3.751793 0.286569 2.214576 5.067293 2.199347 0.436094 3.956816 4.651585 0.532698 -100000000000.000000
4.372997 3.462172 0.634327 3.486740 0.123051 1.601053 2.551897 3.296518 1.457720 -100000000000.000000
4.254585 1.429487 3.376720 5.285501 0.268075 2.479119 1.408185 1.972076 2.090551 -100000000000.000000
0.249947 3.061159 2.671133 1.115757 1.023499 0.943342 2.497787 3.638752 0.678710 -100000000000.000000
3.593249 1.060366 3.499863 8.704794 1.022584 2.128309 3.267541 1.058672 2.028092 -100000000000.000000
2.914670 4.604633 4.961852 2.654805 0.757988 1.541231 1.542909 3.463652 2.681524 -100000000000.000000
4.112522 1.505020 0.344249 3.458357 2.101840 2.054253 2.161321 2.893445 1.693960 -100000000000.000000
1.624348 2.879421 2.026734 8.312632 0.977264 1.356325 3.828272 2.230674 2.744807 -100000000000.000000
1.485641 3.969848 0.920591 1.836604 2.216651 1.883917 2.355373 1.405988 1.426243 -100000000000.000000
4.888302 1.514023 4.580981 9.828181 1.627949 1.716871 1.926069 4.584429 0.801239 -100000000000.000000
0.329447 0.940580 1.575518 6.052126 2.298318 1.524378 3.946791 3.630512 2.545729 -100000000000.000000
2.944182 2.263163 1.080113 2.701637 1.037832 1.389133 3.956489 5.991482 0.715866 -100000000000.000000
2.944182 2.263163 1.080113 2.701637 1.037832 1.389133 3.956489 5.991482 0.715866 -100000000000.000000
2.944182 2.263163 1.080113 2.701637 1.037832 1.389133 3.956489 5.991482 0.715866 -100000000000.000000
2.944182 2.263163 1.080113 2.701637 1.037832 1.389133 3.956489 5.991482 0.715866 -100000000000.000000
1.752373 2.027345 3.653218 8.135929 0.909604 1.131874 3.848323 3.684759 2.005927 -100000000000.000000
4.579760 4.449293 0.011597 5.225990 0.021790 0.434013 4.751976 4.795785 0.439174 -100000000000.000000
2.748344 3.430586 4.459822 4.069033 0.090915 1.306641 2.195654 1.563509 2.042018 -100000000000.000000
2.191839 2.769707 2.795953 4.753258 1.403272 0.647722 4.612583 1.298868 1.000812 -100000000000.000000
2.477798 2.690817 0.341655 2.748192 1.353740 1.341151 2.464827 4.590747 1.790780 -100000000000.000000
2.490310 1.830500 0.749229 6.188238 0.899075 2.167049 2.129048 0.662603 2.423942 -100000000000.000000
2.349925 1.776330 0.871151 9.505600 1.346507 1.161885 4.960173 1.325236 1.139573 -100000000000.000000
1.446883 1.741844 2.278970 9.790643 0.829676 0.455364 1.682852 3.019929 2.340883 -100000000000.000000
1.404462 3.720206 3.052614 6.316416 0.126255 2.242448 1.233222 2.112842 2.559243 -100000000000.000000
0.966369 1.457106 1.831874 9.157384 2.394086 1.402115 0.590091 0.713416 1.127708 -100000000000.000000
3.597980 3.831141 3.492386 3.975646 0.526444 1.681286 1.298730 2.807886 2.838249 -100000000000.000000
3.498642 3.864406 2.845241 4.184393 2.407361 1.215128 0.917631 3.056047 2.866924 -100000000000.000000
4.504837 3.432417 0.637074 7.924436 0.577898 0.805100 3.362163 3.537538 2.603821 -100000000000.000000
2.944182 2.263163 1.080113 2.701637 1.037832 1.389133 3.956489 5.991482 0.715866 -100000000000.000000
2.944182 2.263163 1.080113 2.701637 1.037832 1.389133 3.956489 5.991482 0.715866 -100000000000.000000
2.944182 2.263163 1.080113 2.701637 1.037832 1.389133 3.956489 5.991482 0.715866 -100000000000.000000
2.944182 2.263163 1.080113 2.701637 1.037832 1.389133 3.956489 5.991482 0.715866 -100000000000.000000
3.617817 2.629170 2.470473 1.196631 0.553636 0.447441 4.922681 3.481368 1.628370 -100000000000.000000
2.240059 2.978759 2.788934 5.980712 2.315531 1.720228 2.762841 0.521699 0.973537 -100000000000.000000
4.237037 4.039125 4.576861 3.718680 2.783837 0.725471 4.841105 2.038408 1.528913 -100000000000.000000
4.634999 4.686270 2.733848 5.449385 0.982299 1.129255 2.090594 3.204367 0.760451 -100000000000.000000
2.479324 0.035096 3.719901 0.260933 0.864742 2.310797 0.890988 0.760384 0.990017 -100000000000.000000
0.458541 2.558672 1.587420 6.495865 0.194830 0.530628 0.788400 3.373836 2.975939 -100000000000.000000
4.532151 0.701926 1.523179 2.947783 0.392865 2.360347 4.442015 3.174017 1.689346 -100000000000.000000
4.866634 0.515763 0.994598 9.453413 1.907376 0.702911 4.827921 0.649968 0.538383 -100000000000.000000
0.695212 3.825343 3.881497 9.025849 0.182562 1.231510 4.897549 2.434614 0.607352 -100000000000.000000
1.416059 2.850734 2.244026 7.209082 0.902554 1.422794 1.035875 4.211707 2.678640 -100000000000.000000
1.927702 3.870968 3.184759 2.551347 1.210364 1.580642 4.002960 3.575991 2.765737 -100000000000.000000
3.037355 1.101413 1.297342 1.157567 0.913175 2.342756 3.195853 1.041231 2.927158 -100000000000.000000
3.102817 0.984375 0.010987 2.094790 1.618427 1.902985 0.589541 4.469207 2.059487 -100000000000.000000
2.944182 2.263163 1.080113 2.701637 1.037832 1.389133 3.956489 5.991482 0.715866 -100000000000.000000
2.944182 2.263163 1.080113 2.701637 1.037832 1.389133 3.956489 5.991482 0.715866 -100000000000.000000
2.944182 2.263163 1.080113 2.701637 1.037832 1.389133 3.956489 5.991482 0.715866 -100000000000.000000
2.944182 2.263163 1.080113 2.701637 1.037832 1.389133 3.956489 5.991482 0.715866 -100000000000.000000
FILLING
