CHECKSUM 3681646727
GEN 0 NUM_GENOME 51 NUM_VILLAGE 3
1.667531 3.575701 1.857814 6.423536 2.032991 2.115284 3.801080 1.054827 1.936958 -100000000000.000000
3.540605 3.642537 1.277352 7.122105 0.967009 1.997049 2.413877 2.489822 0.326450 -100000000000.000000
1.448714 2.446364 1.546068 4.837794 2.659322 2.303681 3.232658 1.896680 0.353807 -100000000000.000000
1.720939 3.918424 2.077395 6.084170 1.342936 0.578231 3.417371 2.587878 0.853893 -100000000000.000000
4.611347 4.664907 4.816126 5.402997 2.222236 0.386007 4.371151 2.757210 0.308158 -100000000000.000000
2.514420 3.243660 4.010285 4.889065 2.188635 1.133418 4.967177 4.730003 2.484753 -100000000000.000000
1.678060 0.264443 2.074190 0.762047 1.454817 1.790390 2.985595 4.751015 0.551402 -100000000000.000000
0.211188 1.997284 0.248421 4.270150 0.989807 2.410904 1.523133 4.729453 2.450145 -100000000000.000000
0.588549 1.816767 4.251076 6.593524 0.300027 1.712372 2.837550 3.160146 0.625892 -100000000000.000000
1.136052 2.672353 0.476547 3.766594 2.718558 2.283471 2.974609 0.691992 2.262850 -100000000000.000000
1.289865 0.989105 2.128208 1.620228 1.522294 2.204715 4.698141 4.225166 2.420399 -100000000000.000000
3.463393 0.056154 1.462752 1.608020 1.948668 1.868676 0.514832 4.914029 0.654567 -100000000000.000000
0.226600 4.315012 1.318552 4.022645 2.276345 1.376736 0.711219 1.293100 2.275951 -100000000000.000000
3.027515 1.903388 0.955832 2.363048 1.192003 1.474098 3.892265 5.002831 0.922422 -100000000000.000000
3.027515 1.903388 0.955832 2.363048 1.192003 1.474098 3.892265 5.002831 0.922422 -100000000000.000000
3.027515 2.066760 0.955832 2.363048 1.192003 1.474098 3.969726 5.883135 0.922422 -100000000000.000000
3.027515 2.066760 0.955832 2.363048 1.192003 1.474098 3.969726 5.883135 0.922422 -100000000000.000000
3.435774 0.485702 0.564440 6.071963 0.489914 2.251848 2.799921 4.263756 0.351335 -100000000000.000000
1.234931 4.904935 3.943297 0.473037 1.784509 1.126502 0.863384 2.160497 0.717521 -100000000000.000000
3.821070 3.918729 2.188787 0.659505 2.179022 1.757491 4.754311 4.067919 2.328523 -100000000000.000000
0.527207 3.294931 3.688925 0.209357 2.697958 1.885662 2.599963 2.117100 1.666604 -100000000000.000000
2.210608 2.259590 3.145848 9.986877 0.369884 1.925544 2.105701 1.893384 2.808832 -100000000000.000000
2.213507 4.337443 4.762261 3.534349 1.443464 1.863976 4.406720 1.857677 1.516224 -100000000000.000000
3.297525 2.781304 1.624958 0.495315 0.180822 0.617576 0.657109 4.818995 2.516889 -100000000000.000000
2.770470 1.158788 2.927335 8.129521 1.255409 2.008396 3.032289 4.866237 2.751317 -100000000000.000000
3.693960 2.206641 4.342936 1.202124 2.551744 1.284082 0.782769 1.363689 2.456902 -100000000000.000000
3.657186 4.831996 3.929563 3.864254 0.031587 1.514777 1.006485 0.922300 0.320600 -100000000000.000000
3.288369 0.702231 0.363170 5.969115 0.523240 0.635569 0.955947 0.771233 2.739781 -100000000000.000000
1.521805 2.679678 1.807306 3.588672 1.021851 2.028336 4.297266 1.839824 0.639817 -100000000000.000000
1.724906 1.291543 1.313974 1.461837 2.743278 1.461064 4.611896 3.370128 2.026362 -100000000000.000000
3.027515 1.903388 0.955832 2.363048 1.192003 1.474098 3.892265 5.002831 0.922422 -100000000000.000000
3.027515 1.903388 0.955832 2.363048 1.192003 1.474098 3.892265 5.002831 0.922422 -100000000000.000000
3.027515 2.066760 0.955832 2.363048 1.192003 1.474098 3.969726 5.883135 0.922422 -100000000000.000000
3.027515 2.066760 0.955832 2.363048 1.192003 1.474098 3.969726 5.883135 0.922422 -100000000000.000000
0.768609 2.159337 2.493515 0.002441 2.016785 2.011686 3.379330 2.226417 0.474194 -100000000000.000000
0.426191 4.660787 4.334086 5.290384 2.902585 1.191629 1.606632 2.845790 0.369216 -100000000000.000000
4.273812 4.201025 2.335734 3.320414 1.540056 0.524519 0.754891 1.285684 2.847148 -100000000000.000000
2.828303 2.618641 4.211402 8.059328 0.493210 2.101251 3.796274 3.483978 1.511609 -100000000000.000000
0.398877 2.811365 2.349467 7.358013 0.927366 2.420707 4.602969 3.747932 2.084536 -100000000000.000000
1.235389 1.219672 2.942137 2.464370 1.822871 2.036662 1.108524 4.384884 1.826789 -100000000000.000000
3.753319 4.839015 2.772454 9.118015 1.478805 0.903461 2.318705 4.764061 2.874834 -100000000000.000000
1.107212 2.377544 1.470687 3.355510 1.500229 0.955226 0.758599 3.826899 0.443458 -100000000000.000000
4.042634 3.135472 4.456923 5.160680 0.469131 2.260240 3.309290 2.307031 1.036079 -100000000000.000000
0.739921 1.324503 2.798242 6.154973 1.494827 1.591653 4.749504 4.978439 2.984262 -100000000000.000000
2.427442 1.091647 4.425489 3.313700 0.076266 0.798923 1.063616 2.133854 0.372924 -100000000000.000000
4.356670 2.126377 1.085086 8.379467 1.248085 1.557814 1.839412 2.535554 2.340883 -100000000000.000000
3.735618 4.771264 3.157750 6.797388 2.599902 0.511628 1.322901 3.463652 1.213239 -100000000000.000000
3.027515 1.903388 0.955832 2.363048 1.192003 1.474098 3.892265 5.002831 0.922422 -100000000000.000000
3.027515 1.903388 0.955832 2.363048 1.192003 1.474098 3.892265 5.002831 0.922422 -100000000000.000000
3.027515 2.066760 0.955832 2.363048 1.192003 1.474098 3.969726 5.883135 0.922422 -100000000000.000000
3.027515 2.066760 0.955832 2.363048 1.192003 1.474098 3.969726 5.883135 0.922422 -100000000000.000000
FILLING
1.667531 3.575701 1.857814 6.423536 2.032991 2.115284 3.801080 1.054827 1.936958 893.640000
3.540605 3.642537 1.277352 7.122105 0.967009 1.997049 2.413877 2.489822 0.326450 820.480000
1.448714 2.446364 1.546068 4.837794 2.659322 2.303681 3.232658 1.896680 0.353807 816.640000
1.720939 3.918424 2.077395 6.084170 1.342936 0.578231 3.417371 2.587878 0.853893 1054.280000
4.611347 4.664907 4.816126 5.402997 2.222236 0.386007 4.371151 2.757210 0.308158 1225.560000
2.514420 3.243660 4.010285 4.889065 2.188635 1.133418 4.967177 4.730003 2.484753 827.200000
1.678060 0.264443 2.074190 0.762047 1.454817 1.790390 2.985595 4.751015 0.551402 890.760000
0.211188 1.997284 0.248421 4.270150 0.989807 2.410904 1.523133 4.729453 2.450145 861.760000
0.588549 1.816767 4.251076 6.593524 0.300027 1.712372 2.837550 3.160146 0.625892 828.160000
1.136052 2.672353 0.476547 3.766594 2.718558 2.283471 2.974609 0.691992 2.262850 889.800000
1.289865 0.989105 2.128208 1.620228 1.522294 2.204715 4.698141 4.225166 2.420399 885.960000
3.463393 0.056154 1.462752 1.608020 1.948668 1.868676 0.514832 4.914029 0.654567 759.280000
0.226600 4.315012 1.318552 4.022645 2.276345 1.376736 0.711219 1.293100 2.275951 898.240000
3.027515 1.903388 0.955832 2.363048 1.192003 1.474098 3.892265 5.002831 0.922422 2192.520000
3.027515 1.903388 0.955832 2.363048 1.192003 1.474098 3.892265 5.002831 0.922422 2201.680000
3.027515 2.066760 0.955832 2.363048 1.192003 1.474098 3.969726 5.883135 0.922422 2185.800000
3.027515 2.066760 0.955832 2.363048 1.192003 1.474098 3.969726 5.883135 0.922422 813.760000
3.435774 0.485702 0.564440 6.071963 0.489914 2.251848 2.799921 4.263756 0.351335 1246.680000
1.234931 4.904935 3.943297 0.473037 1.784509 1.126502 0.863384 2.160497 0.717521 898.240000
3.821070 3.918729 2.188787 0.659505 2.179022 1.757491 4.754311 4.067919 2.328523 2078.280000
0.527207 3.294931 3.688925 0.209357 2.697958 1.885662 2.599963 2.117100 1.666604 898.240000
2.210608 2.259590 3.145848 9.986877 0.369884 1.925544 2.105701 1.893384 2.808832 1209.240000
2.213507 4.337443 4.762261 3.534349 1.443464 1.863976 4.406720 1.857677 1.516224 1160.280000
3.297525 2.781304 1.624958 0.495315 0.180822 0.617576 0.657109 4.818995 2.516889 2102.280000
2.770470 1.158788 2.927335 8.129521 1.255409 2.008396 3.032289 4.866237 2.751317 817.600000
3.693960 2.206641 4.342936 1.202124 2.551744 1.284082 0.782769 1.363689 2.456902 1019.280000
3.657186 4.831996 3.929563 3.864254 0.031587 1.514777 1.006485 0.922300 0.320600 872.520000
3.288369 0.702231 0.363170 5.969115 0.523240 0.635569 0.955947 0.771233 2.739781 1236.120000
1.521805 2.679678 1.807306 3.588672 1.021851 2.028336 4.297266 1.839824 0.639817 1160.280000
1.724906 1.291543 1.313974 1.461837 2.743278 1.461064 4.611896 3.370128 2.026362 2148.360000
3.027515 1.903388 0.955832 2.363048 1.192003 1.474098 3.892265 5.002831 0.922422 827.200000
3.027515 1.903388 0.955832 2.363048 1.192003 1.474098 3.892265 5.002831 0.922422 1163.360000
3.027515 2.066760 0.955832 2.363048 1.192003 1.474098 3.969726 5.883135 0.922422 2194.440000
3.027515 2.066760 0.955832 2.363048 1.192003 1.474098 3.969726 5.883135 0.922422 894.400000
0.768609 2.159337 2.493515 0.002441 2.016785 2.011686 3.379330 2.226417 0.474194 898.240000
0.426191 4.660787 4.334086 5.290384 2.902585 1.191629 1.606632 2.845790 0.369216 2112.400000
4.273812 4.201025 2.335734 3.320414 1.540056 0.524519 0.754891 1.285684 2.847148 898.440000
2.828303 2.618641 4.211402 8.059328 0.493210 2.101251 3.796274 3.483978 1.511609 826.240000
0.398877 2.811365 2.349467 7.358013 0.927366 2.420707 4.602969 3.747932 2.084536 2184.000000
1.235389 1.219672 2.942137 2.464370 1.822871 2.036662 1.108524 4.384884 1.826789 1784.240000
3.753319 4.839015 2.772454 9.118015 1.478805 0.903461 2.318705 4.764061 2.874834 1211.600000
1.107212 2.377544 1.470687 3.355510 1.500229 0.955226 0.758599 3.826899 0.443458 1222.880000
4.042634 3.135472 4.456923 5.160680 0.469131 2.260240 3.309290 2.307031 1.036079 1163.160000
0.739921 1.324503 2.798242 6.154973 1.494827 1.591653 4.749504 4.978439 2.984262 1019.280000
2.427442 1.091647 4.425489 3.313700 0.076266 0.798923 1.063616 2.133854 0.372924 1165.080000
4.356670 2.126377 1.085086 8.379467 1.248085 1.557814 1.839412 2.535554 2.340883 821.440000
3.735618 4.771264 3.157750 6.797388 2.599902 0.511628 1.322901 3.463652 1.213239 2119.560000
3.027515 1.903388 0.955832 2.363048 1.192003 1.474098 3.892265 5.002831 0.922422 2205.960000
3.027515 1.903388 0.955832 2.363048 1.192003 1.474098 3.892265 5.002831 0.922422 2111.440000
3.027515 2.066760 0.955832 2.363048 1.192003 1.474098 3.969726 5.883135 0.922422 1079.120000
3.027515 2.066760 0.955832 2.363048 1.192003 1.474098 3.969726 5.883135 0.922422 832.960000
Gen 0 FITNESS 2205.960000 DIVERSITY 110.432654
 VILLAGER_LEADER F 2205.960000 3.027515 1.903388 0.955832 2.363048 1.192003 1.474098 3.892265 5.002831 0.922422 
GEN 1 NUM_GENOME 50 NUM_VILLAGE 2
0.969105 3.972081 4.016968 4.014665 2.560837 1.291060 2.078637 3.747275 0.456258 -100000000000.000000
2.484601 2.592094 1.272950 3.638767 1.533751 1.374667 3.420260 4.101346 0.835380 -100000000000.000000
3.735618 4.771264 4.425489 6.797388 2.599902 0.511628 1.322901 2.133854 1.213239 -100000000000.000000
2.427442 1.091647 3.157750 3.313700 0.076266 0.798923 1.063616 3.463652 0.372924 -100000000000.000000
3.735618 1.219672 2.942137 6.797388 2.599902 0.511628 1.322901 4.384884 1.826789 -100000000000.000000
1.235389 4.771264 3.157750 2.464370 1.822871 2.036662 1.108524 3.463652 1.213239 -100000000000.000000
0.398877 2.811365 2.772454 7.358013 0.927366 2.420707 4.602969 3.747932 2.084536 -100000000000.000000
3.753319 4.839015 2.349467 9.118015 1.478805 0.903461 2.318705 4.764061 2.874834 -100000000000.000000
3.430401 4.483951 2.620714 4.314471 1.905203 0.667355 1.637248 4.374359 1.130230 -100000000000.000000
3.332732 2.190701 1.492868 4.845964 1.886702 1.318370 3.577918 4.092124 1.005431 -100000000000.000000
0.398877 2.811365 2.349467 2.800043 2.560837 0.511628 4.602969 2.703924 0.922422 -100000000000.000000
3.735618 4.660787 3.157750 6.797388 2.902585 0.511628 1.322901 3.463652 1.213239 -100000000000.000000
2.048955 3.003899 1.033780 3.432533 2.017221 1.565316 3.496606 6.325065 0.744262 -100000000000.000000
1.170673 4.404978 3.816157 4.033426 2.516933 1.323667 2.002291 3.685428 0.452523 -100000000000.000000
2.563604 1.430127 2.441377 2.800043 0.304361 0.863018 2.310528 2.703924 0.443260 -100000000000.000000
2.891354 1.564908 2.939944 2.876705 0.963908 1.410003 2.645353 4.432761 0.852086 -100000000000.000000
4.349131 1.690783 0.792791 2.110407 1.111748 1.720856 4.904686 5.002831 0.623113 -100000000000.000000
0.398877 2.811365 2.349467 7.358013 0.927366 2.420707 4.602969 3.747932 2.084536 2184.000000
3.735618 1.690783 2.620714 9.118015 0.927366 2.036662 2.078637 3.463652 1.213239 -100000000000.000000
0.426191 4.660787 4.334086 5.290384 2.902585 1.191629 1.606632 2.845790 0.369216 2112.400000
2.110167 2.349003 0.444016 1.620826 0.854102 1.583700 2.846068 3.932988 1.343232 -100000000000.000000
1.235389 1.219672 2.942137 2.464370 1.822871 2.036662 1.108524 4.384884 1.826789 1784.240000
1.107212 2.377544 1.470687 3.355510 1.500229 0.955226 0.758599 3.826899 0.443458 1222.880000
3.753319 4.839015 2.772454 9.118015 1.478805 0.903461 2.318705 4.764061 2.874834 1211.600000
3.027515 1.903388 0.955832 2.363048 1.192003 1.474098 3.892265 5.002831 0.922422 2205.960000
2.068704 1.529072 1.256258 1.792945 2.582983 1.463449 4.396753 3.766226 1.934139 -100000000000.000000
3.854084 1.089268 0.926857 3.228185 1.352298 1.471713 4.107408 5.766024 1.141687 -100000000000.000000
3.027515 1.903388 0.955832 2.363048 1.192003 1.474098 3.892265 5.002831 0.922422 -100000000000.000000
3.027515 1.903388 0.955832 2.363048 1.192003 1.474098 3.892265 5.002831 0.922422 -100000000000.000000
1.724906 2.066760 0.955832 2.363048 2.743278 1.461064 4.611896 5.883135 2.026362 -100000000000.000000
3.027515 1.291543 1.313974 1.461837 1.192003 1.474098 3.969726 3.370128 0.922422 -100000000000.000000
3.027515 1.903388 0.955832 2.363048 1.192003 1.474098 3.892265 5.002831 0.922422 -100000000000.000000
3.027515 1.903388 0.955832 2.363048 1.192003 1.474098 3.892265 5.002831 0.922422 -100000000000.000000
3.732365 2.170333 1.587889 1.149534 1.584578 1.330536 4.363213 3.414120 2.368533 -100000000000.000000
2.720460 2.713887 1.093795 5.217668 1.117683 1.877210 1.628235 1.425032 3.222133 -100000000000.000000
3.027515 1.291543 0.955832 1.461837 2.743278 1.474098 3.892265 3.370128 2.026362 -100000000000.000000
1.724906 1.903388 1.313974 2.363048 1.192003 1.461064 4.611896 5.002831 0.922422 -100000000000.000000
3.027515 2.066760 0.955832 2.363048 1.192003 1.474098 3.969726 5.883135 0.922422 -100000000000.000000
3.027515 1.100574 0.609441 3.083301 1.192003 0.173976 4.045444 8.043710 0.286808 -100000000000.000000
3.668578 3.656078 1.585886 1.587400 2.050276 1.721714 4.291102 4.739212 2.062416 -100000000000.000000
3.180007 2.329411 1.558734 1.435153 1.320749 1.509874 4.432934 5.211842 1.188528 -100000000000.000000
3.027515 1.903388 0.955832 2.363048 1.192003 1.474098 3.892265 5.002831 0.922422 2201.680000
3.027515 1.903388 0.955832 2.363048 1.192003 1.474098 3.892265 5.002831 0.922422 2192.520000
3.027515 2.066760 0.955832 2.363048 1.192003 1.474098 3.969726 5.883135 0.922422 2185.800000
1.724906 1.291543 1.313974 1.461837 2.743278 1.461064 4.611896 3.370128 2.026362 2148.360000
3.297525 2.781304 1.624958 0.495315 0.180822 0.617576 0.657109 4.818995 2.516889 2102.280000
3.821070 3.918729 2.188787 0.659505 2.179022 1.757491 4.754311 4.067919 2.328523 2078.280000
3.435774 0.485702 0.564440 6.071963 0.489914 2.251848 2.799921 4.263756 0.351335 1246.680000
3.288369 0.702231 0.363170 5.969115 0.523240 0.635569 0.955947 0.771233 2.739781 1236.120000
3.027515 1.903388 0.955832 2.363048 1.192003 1.474098 3.892265 5.002831 0.922422 2201.680000
FILLING
0.969105 3.972081 4.016968 4.014665 2.560837 1.291060 2.078637 3.747275 0.456258 1208.480000
2.484601 2.592094 1.272950 3.638767 1.533751 1.374667 3.420260 4.101346 0.835380 903.040000
3.735618 4.771264 4.425489 6.797388 2.599902 0.511628 1.322901 2.133854 1.213239 1157.400000
2.427442 1.091647 3.157750 3.313700 0.076266 0.798923 1.063616 3.463652 0.372924 1126.680000
3.735618 1.219672 2.942137 6.797388 2.599902 0.511628 1.322901 4.384884 1.826789 1213.080000
1.235389 4.771264 3.157750 2.464370 1.822871 2.036662 1.108524 3.463652 1.213239 1127.120000
0.398877 2.811365 2.772454 7.358013 0.927366 2.420707 4.602969 3.747932 2.084536 2169.480000
3.753319 4.839015 2.349467 9.118015 1.478805 0.903461 2.318705 4.764061 2.874834 882.880000
3.430401 4.483951 2.620714 4.314471 1.905203 0.667355 1.637248 4.374359 1.130230 1077.320000
3.332732 2.190701 1.492868 4.845964 1.886702 1.318370 3.577918 4.092124 1.005431 890.760000
0.398877 2.811365 2.349467 2.800043 2.560837 0.511628 4.602969 2.703924 0.922422 898.240000
3.735618 4.660787 3.157750 6.797388 2.902585 0.511628 1.322901 3.463652 1.213239 808.000000
2.048955 3.003899 1.033780 3.432533 2.017221 1.565316 3.496606 6.325065 0.744262 1054.280000
1.170673 4.404978 3.816157 4.033426 2.516933 1.323667 2.002291 3.685428 0.452523 1148.240000
2.563604 1.430127 2.441377 2.800043 0.304361 0.863018 2.310528 2.703924 0.443260 1019.280000
2.891354 1.564908 2.939944 2.876705 0.963908 1.410003 2.645353 4.432761 0.852086 1157.400000
4.349131 1.690783 0.792791 2.110407 1.111748 1.720856 4.904686 5.002831 0.623113 817.600000
0.398877 2.811365 2.349467 7.358013 0.927366 2.420707 4.602969 3.747932 2.084536 2184.000000
3.735618 1.690783 2.620714 9.118015 0.927366 2.036662 2.078637 3.463652 1.213239 1226.520000
0.426191 4.660787 4.334086 5.290384 2.902585 1.191629 1.606632 2.845790 0.369216 2112.400000
2.110167 2.349003 0.444016 1.620826 0.854102 1.583700 2.846068 3.932988 1.343232 2136.960000
1.235389 1.219672 2.942137 2.464370 1.822871 2.036662 1.108524 4.384884 1.826789 1784.240000
1.107212 2.377544 1.470687 3.355510 1.500229 0.955226 0.758599 3.826899 0.443458 1222.880000
3.753319 4.839015 2.772454 9.118015 1.478805 0.903461 2.318705 4.764061 2.874834 1211.600000
3.027515 1.903388 0.955832 2.363048 1.192003 1.474098 3.892265 5.002831 0.922422 2205.960000
2.068704 1.529072 1.256258 1.792945 2.582983 1.463449 4.396753 3.766226 1.934139 2178.240000
3.854084 1.089268 0.926857 3.228185 1.352298 1.471713 4.107408 5.766024 1.141687 1193.880000
3.027515 1.903388 0.955832 2.363048 1.192003 1.474098 3.892265 5.002831 0.922422 884.800000
3.027515 1.903388 0.955832 2.363048 1.192003 1.474098 3.892265 5.002831 0.922422 2240.640000
1.724906 2.066760 0.955832 2.363048 2.743278 1.461064 4.611896 5.883135 2.026362 684.280000
3.027515 1.291543 1.313974 1.461837 1.192003 1.474098 3.969726 3.370128 0.922422 810.880000
3.027515 1.903388 0.955832 2.363048 1.192003 1.474098 3.892265 5.002831 0.922422 1214.040000
3.027515 1.903388 0.955832 2.363048 1.192003 1.474098 3.892265 5.002831 0.922422 684.280000
3.732365 2.170333 1.587889 1.149534 1.584578 1.330536 4.363213 3.414120 2.368533 2216.640000
2.720460 2.713887 1.093795 5.217668 1.117683 1.877210 1.628235 1.425032 3.222133 1237.080000
3.027515 1.291543 0.955832 1.461837 2.743278 1.474098 3.892265 3.370128 2.026362 1186.400000
1.724906 1.903388 1.313974 2.363048 1.192003 1.461064 4.611896 5.002831 0.922422 2174.280000
3.027515 2.066760 0.955832 2.363048 1.192003 1.474098 3.969726 5.883135 0.922422 834.880000
3.027515 1.100574 0.609441 3.083301 1.192003 0.173976 4.045444 8.043710 0.286808 809.920000
3.668578 3.656078 1.585886 1.587400 2.050276 1.721714 4.291102 4.739212 2.062416 812.800000
3.180007 2.329411 1.558734 1.435153 1.320749 1.509874 4.432934 5.211842 1.188528 919.360000
3.027515 1.903388 0.955832 2.363048 1.192003 1.474098 3.892265 5.002831 0.922422 2201.680000
3.027515 1.903388 0.955832 2.363048 1.192003 1.474098 3.892265 5.002831 0.922422 2192.520000
3.027515 2.066760 0.955832 2.363048 1.192003 1.474098 3.969726 5.883135 0.922422 2185.800000
1.724906 1.291543 1.313974 1.461837 2.743278 1.461064 4.611896 3.370128 2.026362 2148.360000
3.297525 2.781304 1.624958 0.495315 0.180822 0.617576 0.657109 4.818995 2.516889 2102.280000
3.821070 3.918729 2.188787 0.659505 2.179022 1.757491 4.754311 4.067919 2.328523 2078.280000
3.435774 0.485702 0.564440 6.071963 0.489914 2.251848 2.799921 4.263756 0.351335 1246.680000
3.288369 0.702231 0.363170 5.969115 0.523240 0.635569 0.955947 0.771233 2.739781 1236.120000
3.027515 1.903388 0.955832 2.363048 1.192003 1.474098 3.892265 5.002831 0.922422 2201.680000
Gen 1 FITNESS 2240.640000 DIVERSITY 142.614614
 VILLAGER_LEADER F 2240.640000 3.027515 1.903388 0.955832 2.363048 1.192003 1.474098 3.892265 5.002831 0.922422 
GEN 2 NUM_GENOME 50 NUM_VILLAGE 1
3.027515 1.903388 1.313974 2.363048 2.743278 1.461064 4.611896 3.370128 0.922422 -100000000000.000000
0.200835 1.019544 1.388082 0.730456 1.794829 0.208477 2.145859 7.753586 1.544736 -100000000000.000000
3.464205 2.124179 2.302225 1.792945 1.192003 1.360548 3.892265 4.090235 1.196104 -100000000000.000000
5.353042 2.579746 0.955832 2.946748 1.303880 1.831150 0.495193 5.883135 1.098989 -100000000000.000000
3.631132 2.086045 1.417636 1.483303 1.516363 1.365908 4.275292 4.326716 2.026519 -100000000000.000000
3.128748 1.987676 1.126084 2.029279 1.260218 1.438726 3.980185 4.090235 1.264436 -100000000000.000000
3.027515 1.903388 0.955832 2.363048 1.192003 1.474098 3.892265 5.002831 0.922422 -100000000000.000000
3.027515 1.903388 0.955832 2.363048 1.192003 1.474098 3.892265 5.002831 0.922422 -100000000000.000000
3.595010 2.116940 1.531065 1.598327 1.485664 1.360548 4.234706 4.355880 1.946479 -100000000000.000000
2.345114 1.956781 1.202073 1.914255 1.237257 1.444086 4.290914 4.952755 0.969637 -100000000000.000000
2.173048 2.066760 2.025028 1.989746 1.260854 1.474098 5.421252 0.960832 0.696363 -100000000000.000000
3.027515 2.170333 0.955832 1.149534 1.584578 1.330536 3.969726 3.414120 2.368533 -100000000000.000000
3.464205 2.124179 1.325452 1.307143 1.526587 1.344990 4.262423 3.888879 1.603873 -100000000000.000000
3.295675 1.949542 1.218269 2.205440 1.249994 1.459644 3.993054 4.528072 1.687082 -100000000000.000000
5.353042 1.956781 1.587889 2.363048 1.192003 1.438726 4.602969 4.952755 1.089370 -100000000000.000000
3.027515 1.903388 0.955832 2.363048 1.192003 1.474098 3.892265 5.002831 0.922422 -100000000000.000000
3.027515 2.349003 0.444016 2.363048 1.192003 1.474098 2.846068 5.883135 1.343232 -100000000000.000000
2.110167 2.066760 0.955832 1.620826 0.854102 1.583700 3.969726 3.932988 0.922422 -100000000000.000000
3.027515 1.903388 0.955832 2.363048 1.192003 1.474098 3.892265 5.002831 0.922422 -100000000000.000000
3.027515 1.903388 0.955832 2.363048 1.192003 1.474098 3.892265 5.002831 0.922422 -100000000000.000000
2.241089 1.248457 1.076495 2.287186 2.426733 1.842387 3.589141 3.843460 1.196104 -100000000000.000000
3.263389 0.766317 0.744202 5.577721 0.646164 1.872910 3.607533 4.186522 1.089370 -100000000000.000000
1.919914 1.751759 0.955832 3.672361 1.192003 1.474098 4.363079 1.275300 1.129950 -100000000000.000000
3.027515 1.903388 0.955832 2.363048 1.192003 1.474098 3.892265 5.002831 0.922422 -100000000000.000000
3.684087 1.376774 0.955832 1.263819 1.192003 1.547850 4.869763 3.911741 0.985910 -100000000000.000000
3.027515 1.903388 0.955832 2.363048 1.192003 1.474098 3.892265 5.002831 0.922422 -100000000000.000000
1.543025 2.182295 2.252096 2.719299 1.482254 0.878588 6.319467 3.871146 1.954687 -100000000000.000000
3.447930 2.057616 1.076485 1.969418 1.294328 1.465185 4.028932 4.820420 1.197005 -100000000000.000000
3.732365 1.903388 0.955832 2.363048 1.192003 1.330536 3.892265 3.414120 2.368533 -100000000000.000000
3.027515 2.170333 1.587889 1.149534 1.584578 1.474098 4.363213 5.002831 0.922422 -100000000000.000000
3.027515 1.903388 0.955832 5.290384 2.902585 1.474098 1.606632 2.845790 0.922422 -100000000000.000000
0.426191 4.660787 4.334086 2.363048 1.192003 1.191629 3.892265 5.002831 0.369216 -100000000000.000000
2.161327 2.936469 2.659017 6.527890 1.057417 2.267096 4.637486 3.858299 2.116572 -100000000000.000000
2.058620 3.793625 2.302225 1.489628 2.048970 1.911102 4.719795 3.957552 2.296487 -100000000000.000000
3.359242 2.164755 1.376431 1.317976 1.581684 2.064304 3.449872 4.071691 0.235471 -100000000000.000000
3.732365 2.170333 1.587889 1.149534 1.584578 1.330536 4.363213 3.414120 2.368533 2216.640000
3.297514 2.331234 0.850782 1.981144 1.546894 1.474098 4.931876 5.486719 0.713944 -100000000000.000000
3.027515 1.903388 0.955832 2.363048 1.192003 1.474098 3.892265 5.002831 0.922422 2201.680000
3.027515 1.903388 0.955832 2.363048 1.192003 1.474098 3.892265 5.002831 0.922422 2201.680000
3.027515 1.903388 0.955832 2.363048 1.192003 1.474098 3.892265 5.002831 0.922422 2192.520000
3.027515 2.066760 0.955832 2.363048 1.192003 1.474098 3.969726 5.883135 0.922422 2185.800000
0.398877 2.811365 2.349467 7.358013 0.927366 2.420707 4.602969 3.747932 2.084536 2184.000000
2.068704 1.529072 1.256258 1.792945 2.582983 1.463449 4.396753 3.766226 1.934139 2178.240000
1.724906 1.903388 1.313974 2.363048 1.192003 1.461064 4.611896 5.002831 0.922422 2174.280000
0.398877 2.811365 2.772454 7.358013 0.927366 2.420707 4.602969 3.747932 2.084536 2169.480000
1.724906 1.291543 1.313974 1.461837 2.743278 1.461064 4.611896 3.370128 2.026362 2148.360000
2.110167 2.349003 0.444016 1.620826 0.854102 1.583700 2.846068 3.932988 1.343232 2136.960000
0.426191 4.660787 4.334086 5.290384 2.902585 1.191629 1.606632 2.845790 0.369216 2112.400000
3.027515 2.170333 1.587889 5.577721 2.743278 1.474098 4.363213 5.883135 1.343232 -100000000000.000000
3.027515 1.903388 0.955832 2.363048 1.192003 1.474098 3.892265 5.002831 0.922422 2240.640000
FILLING
3.027515 1.903388 1.313974 2.363048 2.743278 1.461064 4.611896 3.370128 0.922422 1143.200000
0.200835 1.019544 1.388082 0.730456 1.794829 0.208477 2.145859 7.753586 1.544736 898.240000
3.464205 2.124179 2.302225 1.792945 1.192003 1.360548 3.892265 4.090235 1.196104 1196.000000
5.353042 2.579746 0.955832 2.946748 1.303880 1.831150 0.495193 5.883135 1.098989 827.200000
3.631132 2.086045 1.417636 1.483303 1.516363 1.365908 4.275292 4.326716 2.026519 1218.320000
3.128748 1.987676 1.126084 2.029279 1.260218 1.438726 3.980185 4.090235 1.264436 914.560000
3.027515 1.903388 0.955832 2.363048 1.192003 1.474098 3.892265 5.002831 0.922422 1122.000000
3.027515 1.903388 0.955832 2.363048 1.192003 1.474098 3.892265 5.002831 0.922422 2192.520000
3.595010 2.116940 1.531065 1.598327 1.485664 1.360548 4.234706 4.355880 1.946479 2223.360000
2.345114 1.956781 1.202073 1.914255 1.237257 1.444086 4.290914 4.952755 0.969637 1211.600000
2.173048 2.066760 2.025028 1.989746 1.260854 1.474098 5.421252 0.960832 0.696363 876.160000
3.027515 2.170333 0.955832 1.149534 1.584578 1.330536 3.969726 3.414120 2.368533 684.280000
3.464205 2.124179 1.325452 1.307143 1.526587 1.344990 4.262423 3.888879 1.603873 2087.880000
3.295675 1.949542 1.218269 2.205440 1.249994 1.459644 3.993054 4.528072 1.687082 884.800000
5.353042 1.956781 1.587889 2.363048 1.192003 1.438726 4.602969 4.952755 1.089370 1239.000000
3.027515 1.903388 0.955832 2.363048 1.192003 1.474098 3.892265 5.002831 0.922422 1099.280000
3.027515 2.349003 0.444016 2.363048 1.192003 1.474098 2.846068 5.883135 1.343232 818.560000
2.110167 2.066760 0.955832 1.620826 0.854102 1.583700 3.969726 3.932988 0.922422 1129.280000
3.027515 1.903388 0.955832 2.363048 1.192003 1.474098 3.892265 5.002831 0.922422 820.480000
3.027515 1.903388 0.955832 2.363048 1.192003 1.474098 3.892265 5.002831 0.922422 2198.280000
2.241089 1.248457 1.076495 2.287186 2.426733 1.842387 3.589141 3.843460 1.196104 913.600000
3.263389 0.766317 0.744202 5.577721 0.646164 1.872910 3.607533 4.186522 1.089370 1166.040000
1.919914 1.751759 0.955832 3.672361 1.192003 1.474098 4.363079 1.275300 1.129950 874.440000
3.027515 1.903388 0.955832 2.363048 1.192003 1.474098 3.892265 5.002831 0.922422 905.920000
3.684087 1.376774 0.955832 1.263819 1.192003 1.547850 4.869763 3.911741 0.985910 825.280000
3.027515 1.903388 0.955832 2.363048 1.192003 1.474098 3.892265 5.002831 0.922422 1145.880000
1.543025 2.182295 2.252096 2.719299 1.482254 0.878588 6.319467 3.871146 1.954687 2178.120000
3.447930 2.057616 1.076485 1.969418 1.294328 1.465185 4.028932 4.820420 1.197005 894.400000
3.732365 1.903388 0.955832 2.363048 1.192003 1.330536 3.892265 3.414120 2.368533 889.600000
3.027515 2.170333 1.587889 1.149534 1.584578 1.474098 4.363213 5.002831 0.922422 937.600000
3.027515 1.903388 0.955832 5.290384 2.902585 1.474098 1.606632 2.845790 0.922422 820.480000
0.426191 4.660787 4.334086 2.363048 1.192003 1.191629 3.892265 5.002831 0.369216 1219.040000
2.161327 2.936469 2.659017 6.527890 1.057417 2.267096 4.637486 3.858299 2.116572 914.760000
2.058620 3.793625 2.302225 1.489628 2.048970 1.911102 4.719795 3.957552 2.296487 904.000000
3.359242 2.164755 1.376431 1.317976 1.581684 2.064304 3.449872 4.071691 0.235471 1204.880000
3.732365 2.170333 1.587889 1.149534 1.584578 1.330536 4.363213 3.414120 2.368533 2216.640000
3.297514 2.331234 0.850782 1.981144 1.546894 1.474098 4.931876 5.486719 0.713944 816.640000
3.027515 1.903388 0.955832 2.363048 1.192003 1.474098 3.892265 5.002831 0.922422 2201.680000
3.027515 1.903388 0.955832 2.363048 1.192003 1.474098 3.892265 5.002831 0.922422 2201.680000
3.027515 1.903388 0.955832 2.363048 1.192003 1.474098 3.892265 5.002831 0.922422 2192.520000
3.027515 2.066760 0.955832 2.363048 1.192003 1.474098 3.969726 5.883135 0.922422 2185.800000
0.398877 2.811365 2.349467 7.358013 0.927366 2.420707 4.602969 3.747932 2.084536 2184.000000
2.068704 1.529072 1.256258 1.792945 2.582983 1.463449 4.396753 3.766226 1.934139 2178.240000
1.724906 1.903388 1.313974 2.363048 1.192003 1.461064 4.611896 5.002831 0.922422 2174.280000
0.398877 2.811365 2.772454 7.358013 0.927366 2.420707 4.602969 3.747932 2.084536 2169.480000
1.724906 1.291543 1.313974 1.461837 2.743278 1.461064 4.611896 3.370128 2.026362 2148.360000
2.110167 2.349003 0.444016 1.620826 0.854102 1.583700 2.846068 3.932988 1.343232 2136.960000
0.426191 4.660787 4.334086 5.290384 2.902585 1.191629 1.606632 2.845790 0.369216 2112.400000
3.027515 2.170333 1.587889 5.577721 2.743278 1.474098 4.363213 5.883135 1.343232 808.000000
3.027515 1.903388 0.955832 2.363048 1.192003 1.474098 3.892265 5.002831 0.922422 2240.640000
Gen 2 FITNESS 2240.640000 DIVERSITY 185.424637
 VILLAGER_LEADER F 2240.640000 3.027515 1.903388 0.955832 2.363048 1.192003 1.474098 3.892265 5.002831 0.922422 
GEN 3 NUM_GENOME 50 NUM_VILLAGE 1
3.332361 2.003361 1.128807 1.934602 1.255068 1.459029 4.000976 4.908759 1.222188 -100000000000.000000
4.934305 2.984930 1.358090 2.476145 1.704049 2.132198 4.125995 3.760509 1.646713 -100000000000.000000
3.027515 1.903388 0.955832 2.363048 1.192003 1.474098 3.892265 5.002831 0.922422 -100000000000.000000
3.027515 1.903388 0.955832 2.363048 1.192003 1.474098 3.892265 5.002831 0.922422 -100000000000.000000
1.796957 2.811365 2.694133 10.227842 1.099653 1.215811 3.774435 3.871146 1.823325 -100000000000.000000
0.398877 2.182295 2.252096 2.719299 1.482254 2.420707 6.319467 3.747932 2.084536 -100000000000.000000
3.027515 1.903388 0.955832 2.363048 1.192003 1.474098 3.892265 5.002831 0.922422 -100000000000.000000
3.027515 1.903388 0.955832 2.363048 1.192003 1.474098 3.892265 5.002831 0.922422 -100000000000.000000
3.595010 2.116940 1.531065 1.598327 1.485664 1.360548 4.234706 4.355880 1.946479 -100000000000.000000
3.595010 2.116940 1.531065 1.598327 1.485664 1.360548 4.234706 4.355880 1.946479 -100000000000.000000
1.543025 2.170333 2.252096 2.719299 1.482254 0.878588 4.363213 3.871146 2.368533 -100000000000.000000
3.732365 2.182295 1.587889 1.149534 1.584578 1.330536 6.319467 3.414120 1.954687 -100000000000.000000
3.027515 1.903388 0.955832 2.363048 1.192003 1.474098 3.892265 5.002831 0.922422 -100000000000.000000
3.027515 1.903388 0.955832 2.363048 1.192003 1.474098 3.892265 5.002831 0.922422 -100000000000.000000
3.027515 1.903388 0.955832 2.363048 1.192003 1.474098 3.892265 5.002831 0.922422 -100000000000.000000
3.027515 1.903388 0.955832 2.363048 1.192003 1.474098 3.892265 5.002831 0.922422 -100000000000.000000
3.595010 1.903388 0.955832 2.363048 1.192003 1.360548 4.234706 5.002831 0.922422 -100000000000.000000
3.027515 2.116940 1.531065 1.598327 1.485664 1.474098 3.892265 4.355880 1.946479 -100000000000.000000
3.027515 1.903388 0.955832 2.363048 1.192003 1.474098 3.892265 5.002831 0.922422 -100000000000.000000
3.027515 1.903388 0.955832 2.363048 1.192003 1.474098 3.892265 5.002831 0.922422 -100000000000.000000
0.473920 0.927840 3.828352 5.315769 1.241430 1.288509 4.578457 4.186966 2.155471 -100000000000.000000
3.545929 2.329739 1.798303 1.577669 1.474623 1.809803 4.387725 3.489606 2.297598 -100000000000.000000
3.595010 2.116940 1.531065 1.598327 1.485664 1.360548 3.892265 5.002831 0.922422 -100000000000.000000
3.027515 1.903388 0.955832 2.363048 1.192003 1.474098 4.234706 4.355880 1.946479 -100000000000.000000
3.151412 1.963141 1.129212 2.030192 1.298897 1.388958 3.948510 4.318188 1.302247 -100000000000.000000
3.608468 2.110580 1.414509 1.482390 1.477684 1.415676 4.306968 4.098764 1.988708 -100000000000.000000
3.595010 1.903388 1.531065 2.363048 1.192003 1.474098 4.234706 4.355880 0.922422 -100000000000.000000
3.027515 2.116940 0.955832 1.598327 1.485664 1.360548 3.892265 5.002831 1.946479 -100000000000.000000
3.027515 2.066760 0.955832 2.363048 1.192003 1.474098 3.892265 5.883135 0.922422 -100000000000.000000
3.027515 1.903388 0.955832 2.363048 1.192003 1.474098 3.969726 5.002831 0.922422 -100000000000.000000
3.027515 2.066760 0.955832 2.363048 1.192003 1.474098 3.892265 5.883135 0.922422 -100000000000.000000
3.027515 1.903388 0.955832 2.363048 1.192003 1.474098 3.969726 5.002831 0.922422 -100000000000.000000
3.477230 2.020415 1.402058 1.777409 1.448096 1.370688 4.203559 4.442708 1.833935 -100000000000.000000
3.145295 1.999914 1.084839 2.183966 1.229571 1.463958 3.923412 4.916003 1.034966 -100000000000.000000
3.027515 2.116940 1.402058 2.363048 1.192003 1.474098 3.892265 5.002831 0.922422 -100000000000.000000
3.595010 2.116940 1.531065 1.598327 1.485664 1.360548 4.234706 4.355880 1.946479 2223.360000
3.732365 2.170333 1.587889 1.149534 1.584578 1.330536 4.363213 3.414120 2.368533 2216.640000
3.027515 2.182295 0.955832 1.598327 0.927366 1.474098 4.234706 3.489606 2.155471 -100000000000.000000
3.980513 1.989811 0.660331 1.775593 1.160595 1.393342 5.128444 5.002831 0.824442 -100000000000.000000
3.027515 1.903388 0.955832 2.363048 1.192003 1.474098 3.892265 5.002831 0.922422 2198.280000
3.027515 1.903388 0.955832 2.363048 1.192003 1.474098 3.892265 5.002831 0.922422 2192.520000
3.027515 1.903388 0.955832 2.363048 1.192003 1.474098 3.892265 5.002831 0.922422 2192.520000
3.027515 2.066760 0.955832 2.363048 1.192003 1.474098 3.969726 5.883135 0.922422 2185.800000
0.398877 2.811365 2.349467 7.358013 0.927366 2.420707 4.602969 3.747932 2.084536 2184.000000
2.068704 1.529072 1.256258 1.792945 2.582983 1.463449 4.396753 3.766226 1.934139 2178.240000
1.543025 2.182295 2.252096 2.719299 1.482254 0.878588 6.319467 3.871146 1.954687 2178.120000
1.724906 1.903388 1.313974 2.363048 1.192003 1.461064 4.611896 5.002831 0.922422 2174.280000
0.398877 2.811365 2.772454 7.358013 0.927366 2.420707 4.602969 3.747932 2.084536 2169.480000
3.027515 1.903388 0.955832 1.577669 1.584578 1.360548 3.892265 5.002831 0.922422 -100000000000.000000
3.027515 1.903388 0.955832 2.363048 1.192003 1.474098 3.892265 5.002831 0.922422 2240.640000
FILLING
3.332361 2.003361 1.128807 1.934602 1.255068 1.459029 4.000976 4.908759 1.222188 1196.000000
4.934305 2.984930 1.358090 2.476145 1.704049 2.132198 4.125995 3.760509 1.646713 891.520000
3.027515 1.903388 0.955832 2.363048 1.192003 1.474098 3.892265 5.002831 0.922422 866.560000
3.027515 1.903388 0.955832 2.363048 1.192003 1.474098 3.892265 5.002831 0.922422 1198.880000
1.796957 2.811365 2.694133 10.227842 1.099653 1.215811 3.774435 3.871146 1.823325 1150.680000
0.398877 2.182295 2.252096 2.719299 1.482254 2.420707 6.319467 3.747932 2.084536 898.240000
3.027515 1.903388 0.955832 2.363048 1.192003 1.474098 3.892265 5.002831 0.922422 880.960000
3.027515 1.903388 0.955832 2.363048 1.192003 1.474098 3.892265 5.002831 0.922422 2190.600000
3.595010 2.116940 1.531065 1.598327 1.485664 1.360548 4.234706 4.355880 1.946479 1211.160000
3.595010 2.116940 1.531065 1.598327 1.485664 1.360548 4.234706 4.355880 1.946479 795.520000
1.543025 2.170333 2.252096 2.719299 1.482254 0.878588 4.363213 3.871146 2.368533 1229.400000
3.732365 2.182295 1.587889 1.149534 1.584578 1.330536 6.319467 3.414120 1.954687 864.640000
3.027515 1.903388 0.955832 2.363048 1.192003 1.474098 3.892265 5.002831 0.922422 808.960000
3.027515 1.903388 0.955832 2.363048 1.192003 1.474098 3.892265 5.002831 0.922422 914.560000
3.027515 1.903388 0.955832 2.363048 1.192003 1.474098 3.892265 5.002831 0.922422 874.240000
3.027515 1.903388 0.955832 2.363048 1.192003 1.474098 3.892265 5.002831 0.922422 2191.560000
3.595010 1.903388 0.955832 2.363048 1.192003 1.360548 4.234706 5.002831 0.922422 1158.360000
3.027515 2.116940 1.531065 1.598327 1.485664 1.474098 3.892265 4.355880 1.946479 824.440000
3.027515 1.903388 0.955832 2.363048 1.192003 1.474098 3.892265 5.002831 0.922422 2185.800000
3.027515 1.903388 0.955832 2.363048 1.192003 1.474098 3.892265 5.002831 0.922422 884.800000
0.473920 0.927840 3.828352 5.315769 1.241430 1.288509 4.578457 4.186966 2.155471 894.600000
3.545929 2.329739 1.798303 1.577669 1.474623 1.809803 4.387725 3.489606 2.297598 891.520000
3.595010 2.116940 1.531065 1.598327 1.485664 1.360548 3.892265 5.002831 0.922422 809.920000
3.027515 1.903388 0.955832 2.363048 1.192003 1.474098 4.234706 4.355880 1.946479 2131.600000
3.151412 1.963141 1.129212 2.030192 1.298897 1.388958 3.948510 4.318188 1.302247 1206.800000
3.608468 2.110580 1.414509 1.482390 1.477684 1.415676 4.306968 4.098764 1.988708 2231.040000
3.595010 1.903388 1.531065 2.363048 1.192003 1.474098 4.234706 4.355880 0.922422 1082.640000
3.027515 2.116940 0.955832 1.598327 1.485664 1.360548 3.892265 5.002831 1.946479 2183.040000
3.027515 2.066760 0.955832 2.363048 1.192003 1.474098 3.892265 5.883135 0.922422 904.000000
3.027515 1.903388 0.955832 2.363048 1.192003 1.474098 3.969726 5.002831 0.922422 834.880000
3.027515 2.066760 0.955832 2.363048 1.192003 1.474098 3.892265 5.883135 0.922422 684.280000
3.027515 1.903388 0.955832 2.363048 1.192003 1.474098 3.969726 5.002831 0.922422 1198.880000
3.477230 2.020415 1.402058 1.777409 1.448096 1.370688 4.203559 4.442708 1.833935 2183.880000
3.145295 1.999914 1.084839 2.183966 1.229571 1.463958 3.923412 4.916003 1.034966 1129.280000
3.027515 2.116940 1.402058 2.363048 1.192003 1.474098 3.892265 5.002831 0.922422 1230.800000
3.595010 2.116940 1.531065 1.598327 1.485664 1.360548 4.234706 4.355880 1.946479 2223.360000
3.732365 2.170333 1.587889 1.149534 1.584578 1.330536 4.363213 3.414120 2.368533 2216.640000
3.027515 2.182295 0.955832 1.598327 0.927366 1.474098 4.234706 3.489606 2.155471 2159.880000
3.980513 1.989811 0.660331 1.775593 1.160595 1.393342 5.128444 5.002831 0.824442 828.160000
3.027515 1.903388 0.955832 2.363048 1.192003 1.474098 3.892265 5.002831 0.922422 2198.280000
3.027515 1.903388 0.955832 2.363048 1.192003 1.474098 3.892265 5.002831 0.922422 2192.520000
3.027515 1.903388 0.955832 2.363048 1.192003 1.474098 3.892265 5.002831 0.922422 2192.520000
3.027515 2.066760 0.955832 2.363048 1.192003 1.474098 3.969726 5.883135 0.922422 2185.800000
0.398877 2.811365 2.349467 7.358013 0.927366 2.420707 4.602969 3.747932 2.084536 2184.000000
2.068704 1.529072 1.256258 1.792945 2.582983 1.463449 4.396753 3.766226 1.934139 2178.240000
1.543025 2.182295 2.252096 2.719299 1.482254 0.878588 6.319467 3.871146 1.954687 2178.120000
1.724906 1.903388 1.313974 2.363048 1.192003 1.461064 4.611896 5.002831 0.922422 2174.280000
0.398877 2.811365 2.772454 7.358013 0.927366 2.420707 4.602969 3.747932 2.084536 2169.480000
3.027515 1.903388 0.955832 1.577669 1.584578 1.360548 3.892265 5.002831 0.922422 893.440000
3.027515 1.903388 0.955832 2.363048 1.192003 1.474098 3.892265 5.002831 0.922422 2240.640000
Gen 3 FITNESS 2240.640000 DIVERSITY 128.358310
 VILLAGER_LEADER F 2240.640000 3.027515 1.903388 0.955832 2.363048 1.192003 1.474098 3.892265 5.002831 0.922422 
GEN 4 NUM_GENOME 50 NUM_VILLAGE 1
3.027515 1.903388 0.955832 2.363048 1.192003 1.474098 3.892265 5.002831 0.922422 -100000000000.000000
3.027515 1.903388 0.955832 2.363048 1.192003 1.474098 3.892265 5.002831 0.922422 -100000000000.000000
3.608468 1.903388 0.955832 2.363048 1.477684 1.415676 4.306968 4.098764 1.988708 -100000000000.000000
3.027515 2.080165 0.955832 2.363048 1.192003 1.371307 3.892265 3.414120 1.988708 -100000000000.000000
3.608468 1.903388 0.955832 2.363048 1.477684 1.415676 3.892265 5.002831 1.988708 -100000000000.000000
3.027515 2.110580 1.414509 1.482390 1.192003 1.474098 4.306968 4.098764 0.922422 -100000000000.000000
3.072204 1.947971 1.122960 2.077665 1.217360 1.464030 3.974349 4.777943 1.059554 -100000000000.000000
3.550320 2.072358 1.363937 1.883711 1.460307 1.370617 4.152622 4.580768 1.809347 -100000000000.000000
3.027515 1.903388 1.414509 1.482390 1.448096 1.428725 3.892265 4.580768 1.513764 -100000000000.000000
3.095701 2.115720 1.405898 2.124784 1.235751 1.461050 4.085077 4.829399 0.979780 -100000000000.000000
1.343963 3.244220 0.927945 1.269146 1.269862 1.420250 5.640614 4.744673 2.206129 -100000000000.000000
3.297615 1.955375 1.050986 2.249520 1.236910 1.469524 4.014132 4.535713 1.337202 -100000000000.000000
3.027515 1.903388 0.955832 2.363048 1.192003 1.474098 3.892265 5.002831 0.922422 -100000000000.000000
3.027515 1.903388 0.955832 2.363048 1.192003 1.474098 3.892265 5.002831 0.922422 -100000000000.000000
3.718956 2.164497 1.546594 1.281406 1.561395 1.343348 4.359199 3.595130 2.348907 -100000000000.000000
3.621877 2.116415 1.455804 1.350519 1.500868 1.402864 4.310981 3.917754 2.008334 -100000000000.000000
3.027515 1.903388 1.414509 2.363048 1.477684 1.474098 3.892265 5.002831 0.922422 -100000000000.000000
3.608468 2.110580 0.955832 1.482390 1.192003 1.415676 4.306968 4.098764 1.988708 -100000000000.000000
3.069962 1.940163 1.087367 2.242093 1.233527 1.463339 3.943454 4.909124 1.355137 -100000000000.000000
3.552563 2.080165 1.399531 1.719282 1.444139 1.371307 4.183517 4.449587 1.513764 -100000000000.000000
3.027515 1.903388 0.955832 2.363048 1.192003 1.474098 3.892265 5.002831 0.922422 -100000000000.000000
3.027515 1.903388 0.955832 2.363048 1.192003 1.474098 3.892265 5.002831 0.922422 -100000000000.000000
3.622058 2.128720 1.543356 1.445581 1.523103 1.351240 4.248635 3.805137 1.978611 -100000000000.000000
3.705316 2.158554 1.575597 1.302280 1.547139 1.339844 4.349283 3.964863 2.336402 -100000000000.000000
3.317543 1.966438 1.031434 1.931059 1.357030 1.464983 3.995364 4.911845 1.126086 -100000000000.000000
3.318440 2.047530 1.338907 1.914380 1.312658 1.424791 4.203868 4.189750 1.785044 -100000000000.000000
3.027515 1.903388 0.955832 2.363048 1.192003 1.474098 3.892265 5.002831 0.922422 -100000000000.000000
3.027515 1.903388 0.955832 2.363048 1.192003 1.474098 3.892265 5.002831 0.922422 -100000000000.000000
3.027515 2.066760 0.955832 2.363048 1.448096 1.370688 4.203559 4.442708 1.833935 -100000000000.000000
0.910022 0.269789 0.727094 1.935633 1.192003 2.435250 6.628620 1.792289 1.292861 -100000000000.000000
3.027515 1.903388 0.955832 2.363048 1.192003 1.474098 3.892265 5.002831 0.922422 -100000000000.000000
3.027515 1.903388 0.955832 2.363048 1.192003 1.474098 3.892265 5.002831 0.922422 -100000000000.000000
3.027515 1.529072 0.955832 2.363048 1.579274 1.343348 6.628620 4.829399 1.988708 -100000000000.000000
3.622058 1.903388 0.955832 2.363048 1.233527 1.461050 3.892265 4.442708 0.922422 -100000000000.000000
3.027515 1.903388 0.955832 2.363048 1.192003 1.474098 3.892265 5.002831 0.922422 2240.640000
3.608468 2.110580 1.414509 1.482390 1.477684 1.415676 4.306968 4.098764 1.988708 2231.040000
3.595010 2.116940 1.531065 1.598327 1.485664 1.360548 4.234706 4.355880 1.946479 2223.360000
3.732365 2.170333 1.587889 1.149534 1.584578 1.330536 4.363213 3.414120 2.368533 2216.640000
1.856001 3.365439 0.684585 4.376571 1.699718 0.725202 3.528366 4.207615 0.892450 -100000000000.000000
3.027515 1.903388 0.955832 2.363048 1.192003 1.474098 3.892265 5.002831 0.922422 2192.520000
3.027515 1.903388 0.955832 2.363048 1.192003 1.474098 3.892265 5.002831 0.922422 2192.520000
3.027515 1.903388 0.955832 2.363048 1.192003 1.474098 3.892265 5.002831 0.922422 2191.560000
3.027515 1.903388 0.955832 2.363048 1.192003 1.474098 3.892265 5.002831 0.922422 2190.600000
3.027515 2.066760 0.955832 2.363048 1.192003 1.474098 3.969726 5.883135 0.922422 2185.800000
3.027515 1.903388 0.955832 2.363048 1.192003 1.474098 3.892265 5.002831 0.922422 2185.800000
0.398877 2.811365 2.349467 7.358013 0.927366 2.420707 4.602969 3.747932 2.084536 2184.000000
3.622058 2.158554 1.399531 2.363048 1.192003 1.474098 4.085077 5.002831 1.833935 -100000000000.000000
3.027515 2.116940 0.955832 1.598327 1.485664 1.360548 3.892265 5.002831 1.946479 2183.040000
2.068704 1.529072 1.256258 1.792945 2.582983 1.463449 4.396753 3.766226 1.934139 2178.240000
3.027515 1.903388 0.955832 2.363048 1.192003 1.474098 3.892265 5.002831 0.922422 2240.640000
FILLING
3.027515 1.903388 0.955832 2.363048 1.192003 1.474098 3.892265 5.002831 0.922422 1198.880000
3.027515 1.903388 0.955832 2.363048 1.192003 1.474098 3.892265 5.002831 0.922422 816.640000
3.608468 1.903388 0.955832 2.363048 1.477684 1.415676 4.306968 4.098764 1.988708 828.160000
3.027515 2.080165 0.955832 2.363048 1.192003 1.371307 3.892265 3.414120 1.988708 892.480000
3.608468 1.903388 0.955832 2.363048 1.477684 1.415676 3.892265 5.002831 1.988708 2210.760000
3.027515 2.110580 1.414509 1.482390 1.192003 1.474098 4.306968 4.098764 0.922422 2115.720000
3.072204 1.947971 1.122960 2.077665 1.217360 1.464030 3.974349 4.777943 1.059554 1143.960000
3.550320 2.072358 1.363937 1.883711 1.460307 1.370617 4.152622 4.580768 1.809347 812.800000
3.027515 1.903388 1.414509 1.482390 1.448096 1.428725 3.892265 4.580768 1.513764 2181.000000
3.095701 2.115720 1.405898 2.124784 1.235751 1.461050 4.085077 4.829399 0.979780 905.920000
1.343963 3.244220 0.927945 1.269146 1.269862 1.420250 5.640614 4.744673 2.206129 888.640000
3.297615 1.955375 1.050986 2.249520 1.236910 1.469524 4.014132 4.535713 1.337202 1114.320000
3.027515 1.903388 0.955832 2.363048 1.192003 1.474098 3.892265 5.002831 0.922422 1184.480000
3.027515 1.903388 0.955832 2.363048 1.192003 1.474098 3.892265 5.002831 0.922422 819.520000
3.718956 2.164497 1.546594 1.281406 1.561395 1.343348 4.359199 3.595130 2.348907 2232.000000
3.621877 2.116415 1.455804 1.350519 1.500868 1.402864 4.310981 3.917754 2.008334 2178.120000
3.027515 1.903388 1.414509 2.363048 1.477684 1.474098 3.892265 5.002831 0.922422 815.680000
3.608468 2.110580 0.955832 1.482390 1.192003 1.415676 4.306968 4.098764 1.988708 888.640000
3.069962 1.940163 1.087367 2.242093 1.233527 1.463339 3.943454 4.909124 1.355137 1118.160000
3.552563 2.080165 1.399531 1.719282 1.444139 1.371307 4.183517 4.449587 1.513764 1150.680000
3.027515 1.903388 0.955832 2.363048 1.192003 1.474098 3.892265 5.002831 0.922422 2191.560000
3.027515 1.903388 0.955832 2.363048 1.192003 1.474098 3.892265 5.002831 0.922422 901.120000
3.622058 2.128720 1.543356 1.445581 1.523103 1.351240 4.248635 3.805137 1.978611 829.120000
3.705316 2.158554 1.575597 1.302280 1.547139 1.339844 4.349283 3.964863 2.336402 2181.960000
3.317543 1.966438 1.031434 1.931059 1.357030 1.464983 3.995364 4.911845 1.126086 2190.600000
3.318440 2.047530 1.338907 1.914380 1.312658 1.424791 4.203868 4.189750 1.785044 1153.560000
3.027515 1.903388 0.955832 2.363048 1.192003 1.474098 3.892265 5.002831 0.922422 901.120000
3.027515 1.903388 0.955832 2.363048 1.192003 1.474098 3.892265 5.002831 0.922422 808.000000
3.027515 2.066760 0.955832 2.363048 1.448096 1.370688 4.203559 4.442708 1.833935 826.240000
0.910022 0.269789 0.727094 1.935633 1.192003 2.435250 6.628620 1.792289 1.292861 1160.280000
3.027515 1.903388 0.955832 2.363048 1.192003 1.474098 3.892265 5.002831 0.922422 827.200000
3.027515 1.903388 0.955832 2.363048 1.192003 1.474098 3.892265 5.002831 0.922422 810.880000
3.027515 1.529072 0.955832 2.363048 1.579274 1.343348 6.628620 4.829399 1.988708 880.000000
3.622058 1.903388 0.955832 2.363048 1.233527 1.461050 3.892265 4.442708 0.922422 825.280000
3.027515 1.903388 0.955832 2.363048 1.192003 1.474098 3.892265 5.002831 0.922422 2240.640000
3.608468 2.110580 1.414509 1.482390 1.477684 1.415676 4.306968 4.098764 1.988708 2231.040000
3.595010 2.116940 1.531065 1.598327 1.485664 1.360548 4.234706 4.355880 1.946479 2223.360000
3.732365 2.170333 1.587889 1.149534 1.584578 1.330536 4.363213 3.414120 2.368533 2216.640000
1.856001 3.365439 0.684585 4.376571 1.699718 0.725202 3.528366 4.207615 0.892450 1098.000000
3.027515 1.903388 0.955832 2.363048 1.192003 1.474098 3.892265 5.002831 0.922422 2192.520000
3.027515 1.903388 0.955832 2.363048 1.192003 1.474098 3.892265 5.002831 0.922422 2192.520000
3.027515 1.903388 0.955832 2.363048 1.192003 1.474098 3.892265 5.002831 0.922422 2191.560000
3.027515 1.903388 0.955832 2.363048 1.192003 1.474098 3.892265 5.002831 0.922422 2190.600000
3.027515 2.066760 0.955832 2.363048 1.192003 1.474098 3.969726 5.883135 0.922422 2185.800000
3.027515 1.903388 0.955832 2.363048 1.192003 1.474098 3.892265 5.002831 0.922422 2185.800000
0.398877 2.811365 2.349467 7.358013 0.927366 2.420707 4.602969 3.747932 2.084536 2184.000000
3.622058 2.158554 1.399531 2.363048 1.192003 1.474098 4.085077 5.002831 1.833935 896.320000
3.027515 2.116940 0.955832 1.598327 1.485664 1.360548 3.892265 5.002831 1.946479 2183.040000
2.068704 1.529072 1.256258 1.792945 2.582983 1.463449 4.396753 3.766226 1.934139 2178.240000
3.027515 1.903388 0.955832 2.363048 1.192003 1.474098 3.892265 5.002831 0.922422 2240.640000
Gen 4 FITNESS 2240.640000 DIVERSITY 97.141277
 VILLAGER_LEADER F 2240.640000 3.027515 1.903388 0.955832 2.363048 1.192003 1.474098 3.892265 5.002831 0.922422 
GEN 5 NUM_GENOME 50 NUM_VILLAGE 1
2.108639 2.806041 1.669176 1.234942 2.555478 2.270561 4.361255 5.140132 2.442177 -100000000000.000000
3.722621 2.166088 1.549091 1.251198 1.565350 1.341308 4.361157 3.544500 2.352786 -100000000000.000000
3.176500 1.932256 0.999669 2.164295 1.259924 1.456592 4.008672 4.827748 1.187418 -100000000000.000000
3.459483 2.081712 1.370672 1.681144 1.409764 1.433182 4.190561 4.273847 1.723711 -100000000000.000000
3.685145 2.147756 1.569871 1.474727 1.534680 1.345030 4.291829 4.017427 2.102496 -100000000000.000000
3.595010 1.903388 0.955832 1.234942 1.192003 1.456592 4.359199 5.002831 2.368533 -100000000000.000000
3.595010 2.116940 0.955832 2.363048 1.485664 1.360548 3.892265 5.002831 1.946479 -100000000000.000000
3.027515 1.903388 1.531065 1.598327 1.192003 1.474098 4.234706 4.355880 0.922422 -100000000000.000000
3.718956 2.164497 1.546594 1.598327 1.485664 1.360548 4.234706 4.355880 2.348907 -100000000000.000000
3.027515 1.903388 1.414509 2.190626 1.357030 1.474098 4.363213 4.098764 2.368533 -100000000000.000000
3.684754 2.062428 1.438498 1.448170 1.392661 1.374558 4.132378 3.723756 1.934497 -100000000000.000000
3.075126 2.011294 1.105223 2.064412 1.383920 1.430076 4.123099 4.693196 1.356458 -100000000000.000000
3.595010 2.015478 1.370672 2.363048 1.192003 1.474098 4.234706 5.002831 1.723711 -100000000000.000000
3.027515 1.903388 0.955832 2.363048 1.192003 1.474098 3.892265 5.002831 0.922422 -100000000000.000000
3.027515 1.903388 0.955832 2.363048 1.192003 1.474098 3.892265 5.002831 0.922422 -100000000000.000000
3.685145 2.081712 1.306412 2.363048 1.357030 1.330536 4.361255 3.544500 2.368533 -100000000000.000000
3.595010 1.903388 0.955832 1.598327 1.485664 1.360548 4.234706 4.355880 1.946479 -100000000000.000000
3.027515 2.116940 1.531065 2.363048 1.192003 1.474098 3.892265 5.002831 0.922422 -100000000000.000000
3.608468 2.110580 1.414509 1.281406 1.477684 1.343348 4.359199 4.098764 2.348907 -100000000000.000000
3.718956 2.164497 1.546594 1.482390 1.561395 1.415676 4.306968 3.595130 1.988708 -100000000000.000000
3.732365 1.696736 1.445910 0.608141 1.545385 0.630552 3.892265 3.590346 2.462435 -100000000000.000000
3.027515 2.170333 1.587889 2.363048 1.192003 1.330536 4.363213 3.414120 0.922422 -100000000000.000000
3.027515 2.164497 1.546594 1.281406 1.192003 1.343348 3.892265 3.595130 2.348907 -100000000000.000000
3.718956 1.903388 0.955832 2.363048 1.561395 1.474098 4.359199 5.002831 0.922422 -100000000000.000000
3.693561 2.144054 1.584726 1.325003 1.564718 1.347990 4.331449 3.601806 2.216696 -100000000000.000000
3.633813 2.143219 1.534227 1.422859 1.505524 1.343095 4.266469 4.168195 2.098317 -100000000000.000000
3.732365 1.932256 1.414509 1.598327 1.357030 1.474098 3.892265 4.355880 2.368533 -100000000000.000000
3.138578 1.998490 1.063928 2.108537 1.262555 1.464028 4.130101 4.684138 1.524885 -100000000000.000000
3.732365 1.903388 1.587889 1.149534 1.192003 1.330536 4.363213 5.002831 2.368533 -100000000000.000000
3.027515 2.170333 0.955832 2.363048 1.584578 1.474098 3.892265 3.414120 0.922422 -100000000000.000000
3.327933 2.100506 1.276091 1.321956 1.484075 1.344969 4.275961 3.899151 2.281112 -100000000000.000000
3.431947 1.973216 1.267630 2.190626 1.292506 1.459665 3.979517 4.517801 1.009843 -100000000000.000000
3.595010 2.116940 1.531065 1.598327 1.485664 1.360548 4.234706 4.355880 1.946479 -100000000000.000000
2.905115 1.357194 1.710214 1.340744 2.295558 1.059681 5.597827 4.608951 1.215982 -100000000000.000000
3.027515 1.903388 0.955832 2.363048 1.192003 1.474098 3.892265 5.002831 0.922422 2240.640000
2.442980 1.000033 1.012888 2.246243 0.606630 1.658044 4.593638 6.488953 0.610580 -100000000000.000000
3.718956 2.164497 1.546594 1.281406 1.561395 1.343348 4.359199 3.595130 2.348907 2232.000000
3.027515 1.903388 1.587889 1.325003 1.561395 1.330536 3.892265 4.098764 1.988708 -100000000000.000000
1.562604 2.919388 1.659470 1.598327 1.485664 1.227156 0.964963 6.799621 2.807753 -100000000000.000000
6.441244 0.739694 1.142066 0.884270 2.709287 1.727298 7.035892 0.783402 3.001576 -100000000000.000000
3.608468 1.903388 0.955832 2.363048 1.477684 1.415676 3.892265 5.002831 1.988708 2210.760000
3.027515 1.903388 0.955832 2.363048 1.192003 1.474098 3.892265 5.002831 0.922422 2192.520000
3.027515 2.164497 1.546594 1.598327 1.259924 1.474098 4.593638 5.002831 2.368533 -100000000000.000000
0.465038 1.557070 1.696162 1.995329 1.657528 0.257037 4.432443 5.002831 0.922422 -100000000000.000000
3.027515 1.903388 0.955832 2.363048 1.192003 1.474098 3.892265 5.002831 0.922422 2191.560000
3.027515 1.903388 0.955832 2.363048 1.192003 1.474098 3.892265 5.002831 0.922422 2190.600000
3.317543 1.966438 1.031434 1.931059 1.357030 1.464983 3.995364 4.911845 1.126086 2190.600000
3.027515 1.903388 0.955832 2.363048 1.192003 1.474098 3.892265 5.002831 0.922422 2185.800000
3.027515 2.066760 0.955832 2.363048 1.192003 1.474098 3.969726 5.883135 0.922422 2185.800000
3.027515 1.903388 0.955832 2.363048 1.192003 1.474098 3.892265 5.002831 0.922422 2240.640000
FILLING
2.108639 2.806041 1.669176 1.234942 2.555478 2.270561 4.361255 5.140132 2.442177 2086.920000
3.722621 2.166088 1.549091 1.251198 1.565350 1.341308 4.361157 3.544500 2.352786 2177.160000
3.176500 1.932256 0.999669 2.164295 1.259924 1.456592 4.008672 4.827748 1.187418 1151.640000
3.459483 2.081712 1.370672 1.681144 1.409764 1.433182 4.190561 4.273847 1.723711 1151.640000
3.685145 2.147756 1.569871 1.474727 1.534680 1.345030 4.291829 4.017427 2.102496 2182.920000
3.595010 1.903388 0.955832 1.234942 1.192003 1.456592 4.359199 5.002831 2.368533 820.480000
3.595010 2.116940 0.955832 2.363048 1.485664 1.360548 3.892265 5.002831 1.946479 2184.840000
3.027515 1.903388 1.531065 1.598327 1.192003 1.474098 4.234706 4.355880 0.922422 808.960000
3.718956 2.164497 1.546594 1.598327 1.485664 1.360548 4.234706 4.355880 2.348907 829.120000
3.027515 1.903388 1.414509 2.190626 1.357030 1.474098 4.363213 4.098764 2.368533 823.360000
3.684754 2.062428 1.438498 1.448170 1.392661 1.374558 4.132378 3.723756 1.934497 2165.640000
3.075126 2.011294 1.105223 2.064412 1.383920 1.430076 4.123099 4.693196 1.356458 822.400000
3.595010 2.015478 1.370672 2.363048 1.192003 1.474098 4.234706 5.002831 1.723711 895.560000
3.027515 1.903388 0.955832 2.363048 1.192003 1.474098 3.892265 5.002831 0.922422 684.280000
3.027515 1.903388 0.955832 2.363048 1.192003 1.474098 3.892265 5.002831 0.922422 2163.720000
3.685145 2.081712 1.306412 2.363048 1.357030 1.330536 4.361255 3.544500 2.368533 809.920000
3.595010 1.903388 0.955832 1.598327 1.485664 1.360548 4.234706 4.355880 1.946479 2176.200000
3.027515 2.116940 1.531065 2.363048 1.192003 1.474098 3.892265 5.002831 0.922422 816.640000
3.608468 2.110580 1.414509 1.281406 1.477684 1.343348 4.359199 4.098764 2.348907 809.920000
3.718956 2.164497 1.546594 1.482390 1.561395 1.415676 4.306968 3.595130 1.988708 2182.920000
3.732365 1.696736 1.445910 0.608141 1.545385 0.630552 3.892265 3.590346 2.462435 886.720000
3.027515 2.170333 1.587889 2.363048 1.192003 1.330536 4.363213 3.414120 0.922422 1234.640000
3.027515 2.164497 1.546594 1.281406 1.192003 1.343348 3.892265 3.595130 2.348907 2176.200000
3.718956 1.903388 0.955832 2.363048 1.561395 1.474098 4.359199 5.002831 0.922422 898.440000
3.693561 2.144054 1.584726 1.325003 1.564718 1.347990 4.331449 3.601806 2.216696 818.560000
3.633813 2.143219 1.534227 1.422859 1.505524 1.343095 4.266469 4.168195 2.098317 2110.480000
3.732365 1.932256 1.414509 1.598327 1.357030 1.474098 3.892265 4.355880 2.368533 2204.040000
3.138578 1.998490 1.063928 2.108537 1.262555 1.464028 4.130101 4.684138 1.524885 1224.080000
3.732365 1.903388 1.587889 1.149534 1.192003 1.330536 4.363213 5.002831 2.368533 2184.840000
3.027515 2.170333 0.955832 2.363048 1.584578 1.474098 3.892265 3.414120 0.922422 895.360000
3.327933 2.100506 1.276091 1.321956 1.484075 1.344969 4.275961 3.899151 2.281112 1129.280000
3.431947 1.973216 1.267630 2.190626 1.292506 1.459665 3.979517 4.517801 1.009843 2233.920000
3.595010 2.116940 1.531065 1.598327 1.485664 1.360548 4.234706 4.355880 1.946479 2201.160000
2.905115 1.357194 1.710214 1.340744 2.295558 1.059681 5.597827 4.608951 1.215982 895.360000
3.027515 1.903388 0.955832 2.363048 1.192003 1.474098 3.892265 5.002831 0.922422 2240.640000
2.442980 1.000033 1.012888 2.246243 0.606630 1.658044 4.593638 6.488953 0.610580 1236.120000
3.718956 2.164497 1.546594 1.281406 1.561395 1.343348 4.359199 3.595130 2.348907 2232.000000
3.027515 1.903388 1.587889 1.325003 1.561395 1.330536 3.892265 4.098764 1.988708 2190.600000
1.562604 2.919388 1.659470 1.598327 1.485664 1.227156 0.964963 6.799621 2.807753 1066.400000
6.441244 0.739694 1.142066 0.884270 2.709287 1.727298 7.035892 0.783402 3.001576 902.280000
3.608468 1.903388 0.955832 2.363048 1.477684 1.415676 3.892265 5.002831 1.988708 2210.760000
3.027515 1.903388 0.955832 2.363048 1.192003 1.474098 3.892265 5.002831 0.922422 2192.520000
3.027515 2.164497 1.546594 1.598327 1.259924 1.474098 4.593638 5.002831 2.368533 2173.320000
0.465038 1.557070 1.696162 1.995329 1.657528 0.257037 4.432443 5.002831 0.922422 898.240000
3.027515 1.903388 0.955832 2.363048 1.192003 1.474098 3.892265 5.002831 0.922422 2191.560000
3.027515 1.903388 0.955832 2.363048 1.192003 1.474098 3.892265 5.002831 0.922422 2190.600000
3.317543 1.966438 1.031434 1.931059 1.357030 1.464983 3.995364 4.911845 1.126086 2190.600000
3.027515 1.903388 0.955832 2.363048 1.192003 1.474098 3.892265 5.002831 0.922422 2185.800000
3.027515 2.066760 0.955832 2.363048 1.192003 1.474098 3.969726 5.883135 0.922422 2185.800000
3.027515 1.903388 0.955832 2.363048 1.192003 1.474098 3.892265 5.002831 0.922422 2240.640000
Gen 5 FITNESS 2240.640000 DIVERSITY 111.131431
 VILLAGER_LEADER F 2240.640000 3.027515 1.903388 0.955832 2.363048 1.192003 1.474098 3.892265 5.002831 0.922422 
GEN 6 NUM_GENOME 50 NUM_VILLAGE 1
3.188430 1.903388 0.955832 2.363048 1.357030 1.343348 4.359199 5.002831 0.922422 -100000000000.000000
3.027515 2.116940 0.955832 1.598327 1.485664 1.474098 3.892265 4.355880 0.922422 -100000000000.000000
3.431947 1.932256 1.267630 2.190626 1.357030 1.459665 3.979517 4.355880 2.368533 -100000000000.000000
3.732365 1.973216 1.414509 1.598327 1.292506 1.474098 3.892265 4.517801 1.009843 -100000000000.000000
2.732188 2.076779 2.409475 0.366825 1.099247 1.474812 3.892265 5.285855 2.590141 -100000000000.000000
3.121301 2.164497 2.380259 1.813977 1.838430 1.682661 2.575494 3.595130 2.386747 -100000000000.000000
3.061141 1.931772 1.015122 2.307153 1.204816 1.467494 3.905852 4.902697 0.969099 -100000000000.000000
3.191373 0.259796 1.326494 1.019395 0.978401 1.882230 4.105707 3.765634 0.192391 -100000000000.000000
3.027515 1.903388 0.955832 2.363048 1.192003 1.474098 3.892265 5.002831 0.922422 -100000000000.000000
3.191373 2.116940 1.414509 1.598327 1.357030 1.464983 4.359199 5.285855 0.922422 -100000000000.000000
3.414824 1.910059 1.022961 2.202438 1.214862 1.474098 3.892265 4.831104 1.114659 -100000000000.000000
3.345056 1.925584 1.347379 1.758937 1.334170 1.474098 3.892265 4.527607 2.176296 -100000000000.000000
3.027515 1.903388 1.531065 2.363048 1.485664 1.360548 3.892265 5.002831 1.946479 -100000000000.000000
3.595010 2.116940 0.955832 1.598327 1.192003 1.474098 4.234706 4.355880 0.922422 -100000000000.000000
3.027515 1.903388 0.955832 2.363048 1.192003 1.474098 3.892265 5.002831 0.922422 -100000000000.000000
3.027515 1.903388 0.955832 2.363048 1.192003 1.474098 3.892265 5.002831 0.922422 -100000000000.000000
3.215798 1.978629 1.061223 2.251561 1.302482 1.457268 4.003214 4.704817 1.091198 -100000000000.000000
3.530674 2.089256 1.441202 1.392893 1.450916 1.360179 4.248250 3.893143 2.180132 -100000000000.000000
3.215798 1.903388 1.546594 2.363048 1.477684 1.343348 4.359199 4.355880 1.110991 -100000000000.000000
1.331731 1.505836 0.935556 0.890245 2.122927 0.992195 2.013634 6.900487 0.765782 -100000000000.000000
3.732365 1.903388 0.955832 2.363048 1.334170 1.882230 3.892265 5.002831 0.922422 -100000000000.000000
3.595010 2.164497 1.022961 2.190626 1.357030 1.360548 3.892265 4.911845 1.988708 -100000000000.000000
3.718956 2.164497 1.546594 1.281406 1.561395 1.343348 4.359199 3.595130 2.348907 -100000000000.000000
3.718956 2.164497 1.546594 1.281406 1.561395 1.343348 4.359199 3.595130 2.348907 -100000000000.000000
2.456640 1.561055 1.574233 2.363048 0.787090 1.136467 2.807204 6.190985 1.988708 -100000000000.000000
3.608468 1.903388 0.955832 2.363048 1.192003 1.474098 3.892265 5.002831 0.922422 -100000000000.000000
3.608468 1.903388 0.955832 2.363048 1.477684 1.415676 3.892265 5.002831 1.988708 -100000000000.000000
3.027515 1.903388 0.955832 2.363048 1.192003 1.474098 3.892265 5.002831 0.922422 -100000000000.000000
3.718956 2.164497 1.569871 1.281406 1.534680 1.343348 4.291829 4.017427 2.348907 -100000000000.000000
3.685145 2.147756 1.546594 1.474727 1.561395 1.345030 4.359199 3.595130 2.102496 -100000000000.000000
3.317543 1.966438 0.955832 1.931059 1.485664 1.464983 3.995364 4.911845 1.126086 -100000000000.000000
3.595010 2.116940 1.031434 2.363048 1.357030 1.360548 3.892265 5.002831 1.946479 -100000000000.000000
3.685145 2.066760 0.955832 1.325003 2.122927 1.136467 3.892265 4.017427 0.922422 -100000000000.000000
3.718956 2.164497 1.546594 1.281406 1.561395 1.343348 4.359199 3.595130 2.348907 -100000000000.000000
3.027515 1.903388 0.955832 2.363048 1.192003 1.474098 3.892265 5.002831 0.922422 2240.640000
3.027515 1.903388 0.955832 2.363048 1.192003 1.474098 3.892265 5.002831 0.922422 2240.640000
3.431947 1.973216 1.267630 2.190626 1.292506 1.459665 3.979517 4.517801 1.009843 2233.920000
3.718956 2.164497 1.546594 1.281406 1.561395 1.343348 4.359199 3.595130 2.348907 2232.000000
3.608468 1.903388 0.955832 2.363048 1.477684 1.415676 3.892265 5.002831 1.988708 2210.760000
3.732365 1.932256 1.414509 1.598327 1.357030 1.474098 3.892265 4.355880 2.368533 2204.040000
3.595010 2.116940 1.531065 1.598327 1.485664 1.360548 4.234706 4.355880 1.946479 2201.160000
3.027515 1.903388 0.955832 2.363048 1.192003 1.474098 3.892265 5.002831 0.922422 2192.520000
3.027515 1.903388 0.955832 2.363048 1.192003 1.474098 3.892265 5.002831 0.922422 2191.560000
3.027515 1.903388 0.955832 2.363048 1.192003 1.474098 3.892265 5.002831 0.922422 2190.600000
5.267514 0.796162 1.587889 0.942232 1.405389 1.445000 1.528518 6.445803 3.575332 -100000000000.000000
3.211305 1.410584 0.803990 2.905078 1.357030 1.464983 5.893440 3.842991 1.567316 -100000000000.000000
3.709026 1.903388 0.216458 2.914399 1.141063 2.224128 5.434520 4.131263 0.780726 -100000000000.000000
3.027515 2.066760 0.955832 2.363048 1.192003 1.474098 3.969726 5.883135 0.922422 2185.800000
3.595010 2.116940 0.955832 2.363048 1.485664 1.360548 3.892265 5.002831 1.946479 2184.840000
3.027515 1.903388 0.955832 2.363048 1.192003 1.474098 3.892265 5.002831 0.922422 2240.640000
FILLING
3.188430 1.903388 0.955832 2.363048 1.357030 1.343348 4.359199 5.002831 0.922422 810.880000
3.027515 2.116940 0.955832 1.598327 1.485664 1.474098 3.892265 4.355880 0.922422 923.200000
3.431947 1.932256 1.267630 2.190626 1.357030 1.459665 3.979517 4.355880 2.368533 1188.120000
3.732365 1.973216 1.414509 1.598327 1.292506 1.474098 3.892265 4.517801 1.009843 822.400000
2.732188 2.076779 2.409475 0.366825 1.099247 1.474812 3.892265 5.285855 2.590141 2151.240000
3.121301 2.164497 2.380259 1.813977 1.838430 1.682661 2.575494 3.595130 2.386747 819.520000
3.061141 1.931772 1.015122 2.307153 1.204816 1.467494 3.905852 4.902697 0.969099 831.040000
3.191373 0.259796 1.326494 1.019395 0.978401 1.882230 4.105707 3.765634 0.192391 808.960000
3.027515 1.903388 0.955832 2.363048 1.192003 1.474098 3.892265 5.002831 0.922422 2183.880000
3.191373 2.116940 1.414509 1.598327 1.357030 1.464983 4.359199 5.285855 0.922422 828.160000
3.414824 1.910059 1.022961 2.202438 1.214862 1.474098 3.892265 4.831104 1.114659 808.960000
3.345056 1.925584 1.347379 1.758937 1.334170 1.474098 3.892265 4.527607 2.176296 1149.720000
3.027515 1.903388 1.531065 2.363048 1.485664 1.360548 3.892265 5.002831 1.946479 868.680000
3.595010 2.116940 0.955832 1.598327 1.192003 1.474098 4.234706 4.355880 0.922422 759.280000
3.027515 1.903388 0.955832 2.363048 1.192003 1.474098 3.892265 5.002831 0.922422 2161.360000
3.027515 1.903388 0.955832 2.363048 1.192003 1.474098 3.892265 5.002831 0.922422 1215.000000
3.215798 1.978629 1.061223 2.251561 1.302482 1.457268 4.003214 4.704817 1.091198 823.360000
3.530674 2.089256 1.441202 1.392893 1.450916 1.360179 4.248250 3.893143 2.180132 684.280000
3.215798 1.903388 1.546594 2.363048 1.477684 1.343348 4.359199 4.355880 1.110991 1783.280000
1.331731 1.505836 0.935556 0.890245 2.122927 0.992195 2.013634 6.900487 0.765782 1054.280000
3.732365 1.903388 0.955832 2.363048 1.334170 1.882230 3.892265 5.002831 0.922422 1122.320000
3.595010 2.164497 1.022961 2.190626 1.357030 1.360548 3.892265 4.911845 1.988708 1176.800000
3.718956 2.164497 1.546594 1.281406 1.561395 1.343348 4.359199 3.595130 2.348907 920.320000
3.718956 2.164497 1.546594 1.281406 1.561395 1.343348 4.359199 3.595130 2.348907 1205.400000
2.456640 1.561055 1.574233 2.363048 0.787090 1.136467 2.807204 6.190985 1.988708 902.080000
3.608468 1.903388 0.955832 2.363048 1.192003 1.474098 3.892265 5.002831 0.922422 809.920000
3.608468 1.903388 0.955832 2.363048 1.477684 1.415676 3.892265 5.002831 1.988708 2181.960000
3.027515 1.903388 0.955832 2.363048 1.192003 1.474098 3.892265 5.002831 0.922422 684.280000
3.718956 2.164497 1.569871 1.281406 1.534680 1.343348 4.291829 4.017427 2.348907 818.560000
3.685145 2.147756 1.546594 1.474727 1.561395 1.345030 4.359199 3.595130 2.102496 2223.360000
3.317543 1.966438 0.955832 1.931059 1.485664 1.464983 3.995364 4.911845 1.126086 1175.120000
3.595010 2.116940 1.031434 2.363048 1.357030 1.360548 3.892265 5.002831 1.946479 824.320000
3.685145 2.066760 0.955832 1.325003 2.122927 1.136467 3.892265 4.017427 0.922422 1099.800000
3.718956 2.164497 1.546594 1.281406 1.561395 1.343348 4.359199 3.595130 2.348907 911.680000
3.027515 1.903388 0.955832 2.363048 1.192003 1.474098 3.892265 5.002831 0.922422 2240.640000
3.027515 1.903388 0.955832 2.363048 1.192003 1.474098 3.892265 5.002831 0.922422 2240.640000
3.431947 1.973216 1.267630 2.190626 1.292506 1.459665 3.979517 4.517801 1.009843 2233.920000
3.718956 2.164497 1.546594 1.281406 1.561395 1.343348 4.359199 3.595130 2.348907 2232.000000
3.608468 1.903388 0.955832 2.363048 1.477684 1.415676 3.892265 5.002831 1.988708 2210.760000
3.732365 1.932256 1.414509 1.598327 1.357030 1.474098 3.892265 4.355880 2.368533 2204.040000
3.595010 2.116940 1.531065 1.598327 1.485664 1.360548 4.234706 4.355880 1.946479 2201.160000
3.027515 1.903388 0.955832 2.363048 1.192003 1.474098 3.892265 5.002831 0.922422 2192.520000
3.027515 1.903388 0.955832 2.363048 1.192003 1.474098 3.892265 5.002831 0.922422 2191.560000
3.027515 1.903388 0.955832 2.363048 1.192003 1.474098 3.892265 5.002831 0.922422 2190.600000
5.267514 0.796162 1.587889 0.942232 1.405389 1.445000 1.528518 6.445803 3.575332 1239.000000
3.211305 1.410584 0.803990 2.905078 1.357030 1.464983 5.893440 3.842991 1.567316 815.680000
3.709026 1.903388 0.216458 2.914399 1.141063 2.224128 5.434520 4.131263 0.780726 899.400000
3.027515 2.066760 0.955832 2.363048 1.192003 1.474098 3.969726 5.883135 0.922422 2185.800000
3.595010 2.116940 0.955832 2.363048 1.485664 1.360548 3.892265 5.002831 1.946479 2184.840000
3.027515 1.903388 0.955832 2.363048 1.192003 1.474098 3.892265 5.002831 0.922422 2240.640000
Gen 6 FITNESS 2240.640000 DIVERSITY 103.553146
 VILLAGER_LEADER F 2240.640000 3.027515 1.903388 0.955832 2.363048 1.192003 1.474098 3.892265 5.002831 0.922422 
GEN 7 NUM_GENOME 50 NUM_VILLAGE 1
3.663852 2.134646 1.394043 1.375216 1.384058 1.369460 4.316034 3.952225 1.577146 -100000000000.000000
3.082619 1.933239 1.108383 2.269238 1.369340 1.447986 3.935430 4.645735 1.694183 -100000000000.000000
3.121797 1.903388 0.955832 2.363048 1.291627 1.468001 3.892265 5.002831 1.226501 -100000000000.000000
3.514186 1.903388 0.955832 2.363048 1.378060 1.421774 3.892265 5.002831 1.684629 -100000000000.000000
3.027515 1.903388 0.955832 2.363048 1.192003 1.474098 3.892265 5.002831 0.922422 -100000000000.000000
3.027515 1.903388 0.955832 2.363048 1.192003 1.474098 3.892265 5.002831 0.922422 -100000000000.000000
3.027515 1.903388 0.955832 2.363048 1.192003 1.474098 3.892265 5.002831 0.922422 -100000000000.000000
3.027515 1.903388 0.955832 2.363048 1.192003 1.474098 3.892265 5.002831 0.922422 -100000000000.000000
3.027515 1.903388 0.955832 2.363048 1.192003 1.474098 3.892265 5.002831 0.922422 -100000000000.000000
3.027515 1.903388 0.955832 2.363048 1.192003 1.474098 3.892265 5.002831 0.922422 -100000000000.000000
3.027515 1.932256 0.955832 1.281406 1.192003 1.345030 3.892265 5.002831 0.922422 -100000000000.000000
3.027515 1.903388 0.955832 2.363048 1.192003 1.474098 3.892265 5.002831 0.922422 -100000000000.000000
3.027515 2.164497 0.955832 1.281406 1.192003 1.343348 3.892265 3.595130 2.348907 -100000000000.000000
3.718956 1.903388 1.546594 2.363048 1.561395 1.474098 4.359199 5.002831 0.922422 -100000000000.000000
3.578188 1.903388 0.955832 2.363048 1.449985 1.437990 3.892265 5.002831 1.877860 -100000000000.000000
3.057795 1.903388 0.955832 2.363048 1.219703 1.451784 3.892265 5.002831 1.033270 -100000000000.000000
3.027515 1.973216 0.955832 2.190626 1.292506 1.459665 3.979517 4.517801 0.922422 -100000000000.000000
3.431947 1.903388 1.267630 2.363048 1.192003 1.474098 3.892265 5.002831 1.009843 -100000000000.000000
3.027515 1.903388 0.955832 2.363048 1.192003 1.474098 3.892265 5.002831 0.922422 -100000000000.000000
3.027515 2.164497 0.955832 2.363048 1.442307 1.474098 3.892265 4.645735 0.922422 -100000000000.000000
3.027515 1.903388 0.955832 2.363048 1.192003 1.474098 3.892265 5.002831 0.922422 -100000000000.000000
3.027515 1.903388 0.955832 2.363048 1.192003 1.474098 3.892265 5.002831 0.922422 -100000000000.000000
3.027515 1.903388 0.955832 2.363048 1.192003 1.474098 3.892265 5.002831 0.922422 -100000000000.000000
3.027515 1.903388 0.955832 2.363048 1.192003 1.474098 3.892265 5.002831 0.922422 -100000000000.000000
3.027515 1.973216 1.267630 2.363048 1.292506 1.474098 3.979517 5.002831 1.009843 -100000000000.000000
3.431947 1.903388 0.955832 2.190626 1.192003 1.459665 3.892265 4.517801 0.922422 -100000000000.000000
3.685145 2.147756 0.955832 1.474727 1.192003 1.474098 3.892265 3.595130 2.102496 -100000000000.000000
3.027515 1.903388 1.546594 2.363048 1.561395 1.345030 4.359199 5.002831 0.922422 -100000000000.000000
3.027515 1.973216 1.267630 2.190626 1.192003 1.474098 3.979517 5.002831 1.009843 -100000000000.000000
2.867967 1.378824 0.955832 3.731122 1.140239 1.013864 4.610118 5.333939 0.922422 -100000000000.000000
3.027515 1.903388 0.955832 2.363048 1.192003 1.474098 3.892265 5.002831 0.922422 -100000000000.000000
3.027515 1.903388 0.955832 2.363048 1.192003 1.474098 3.892265 5.002831 0.922422 -100000000000.000000
3.717659 1.929460 1.327015 1.881354 1.392407 1.467288 3.892265 4.506106 2.332415 -100000000000.000000
3.623174 1.906184 1.043325 2.080022 1.442307 1.422487 3.892265 4.852605 2.024826 -100000000000.000000
3.027515 1.903388 0.955832 2.363048 1.192003 1.474098 3.892265 5.002831 0.922422 2240.640000
3.027515 1.903388 0.955832 2.363048 1.192003 1.474098 3.892265 5.002831 0.922422 2240.640000
1.250278 1.903388 0.955832 1.122016 1.690144 1.474098 3.716602 4.439769 0.922422 -100000000000.000000
3.431947 1.973216 1.267630 2.190626 1.292506 1.459665 3.979517 4.517801 1.009843 2233.920000
3.718956 2.164497 1.546594 1.281406 1.561395 1.343348 4.359199 3.595130 2.348907 2232.000000
3.685145 2.147756 1.546594 1.474727 1.561395 1.345030 4.359199 3.595130 2.102496 2223.360000
1.740452 1.769773 0.415184 3.796657 1.676517 1.415676 7.059742 6.574710 1.640529 -100000000000.000000
3.732365 1.932256 1.414509 1.598327 1.357030 1.474098 3.892265 4.355880 2.368533 2204.040000
3.595010 2.116940 1.531065 1.598327 1.485664 1.360548 4.234706 4.355880 1.946479 2201.160000
0.800788 1.903388 1.514127 4.270438 1.462061 1.328893 3.892265 3.731122 1.186332 -100000000000.000000
3.027515 1.903388 0.955832 2.363048 1.192003 1.474098 3.892265 5.002831 0.922422 2191.560000
3.027515 1.903388 0.955832 2.363048 1.192003 1.474098 3.892265 5.002831 0.922422 2190.600000
3.027515 2.066760 0.955832 2.363048 1.192003 1.474098 3.969726 5.883135 0.922422 2185.800000
3.595010 2.116940 0.955832 2.363048 1.485664 1.360548 3.892265 5.002831 1.946479 2184.840000
3.027515 1.903388 0.955832 2.363048 1.192003 1.474098 3.892265 5.002831 0.922422 2183.880000
3.027515 1.903388 0.955832 2.363048 1.192003 1.474098 3.892265 5.002831 0.922422 2240.640000
FILLING
3.663852 2.134646 1.394043 1.375216 1.384058 1.369460 4.316034 3.952225 1.577146 808.960000
3.082619 1.933239 1.108383 2.269238 1.369340 1.447986 3.935430 4.645735 1.694183 890.560000
3.121797 1.903388 0.955832 2.363048 1.291627 1.468001 3.892265 5.002831 1.226501 2153.160000
3.514186 1.903388 0.955832 2.363048 1.378060 1.421774 3.892265 5.002831 1.684629 1145.880000
3.027515 1.903388 0.955832 2.363048 1.192003 1.474098 3.892265 5.002831 0.922422 684.280000
3.027515 1.903388 0.955832 2.363048 1.192003 1.474098 3.892265 5.002831 0.922422 809.920000
3.027515 1.903388 0.955832 2.363048 1.192003 1.474098 3.892265 5.002831 0.922422 914.560000
3.027515 1.903388 0.955832 2.363048 1.192003 1.474098 3.892265 5.002831 0.922422 827.200000
3.027515 1.903388 0.955832 2.363048 1.192003 1.474098 3.892265 5.002831 0.922422 2229.120000
3.027515 1.903388 0.955832 2.363048 1.192003 1.474098 3.892265 5.002831 0.922422 2181.960000
3.027515 1.932256 0.955832 1.281406 1.192003 1.345030 3.892265 5.002831 0.922422 2140.680000
3.027515 1.903388 0.955832 2.363048 1.192003 1.474098 3.892265 5.002831 0.922422 812.800000
3.027515 2.164497 0.955832 1.281406 1.192003 1.343348 3.892265 3.595130 2.348907 2124.360000
3.718956 1.903388 1.546594 2.363048 1.561395 1.474098 4.359199 5.002831 0.922422 1019.280000
3.578188 1.903388 0.955832 2.363048 1.449985 1.437990 3.892265 5.002831 1.877860 831.040000
3.057795 1.903388 0.955832 2.363048 1.219703 1.451784 3.892265 5.002831 1.033270 1227.920000
3.027515 1.973216 0.955832 2.190626 1.292506 1.459665 3.979517 4.517801 0.922422 909.760000
3.431947 1.903388 1.267630 2.363048 1.192003 1.474098 3.892265 5.002831 1.009843 892.680000
3.027515 1.903388 0.955832 2.363048 1.192003 1.474098 3.892265 5.002831 0.922422 1222.680000
3.027515 2.164497 0.955832 2.363048 1.442307 1.474098 3.892265 4.645735 0.922422 810.880000
3.027515 1.903388 0.955832 2.363048 1.192003 1.474098 3.892265 5.002831 0.922422 817.600000
3.027515 1.903388 0.955832 2.363048 1.192003 1.474098 3.892265 5.002831 0.922422 813.760000
3.027515 1.903388 0.955832 2.363048 1.192003 1.474098 3.892265 5.002831 0.922422 809.920000
3.027515 1.903388 0.955832 2.363048 1.192003 1.474098 3.892265 5.002831 0.922422 840.640000
3.027515 1.973216 1.267630 2.363048 1.292506 1.474098 3.979517 5.002831 1.009843 1221.200000
3.431947 1.903388 0.955832 2.190626 1.192003 1.459665 3.892265 4.517801 0.922422 883.840000
3.685145 2.147756 0.955832 1.474727 1.192003 1.474098 3.892265 3.595130 2.102496 2226.240000
3.027515 1.903388 1.546594 2.363048 1.561395 1.345030 4.359199 5.002831 0.922422 884.800000
3.027515 1.973216 1.267630 2.190626 1.192003 1.474098 3.979517 5.002831 1.009843 1197.920000
2.867967 1.378824 0.955832 3.731122 1.140239 1.013864 4.610118 5.333939 0.922422 1158.360000
3.027515 1.903388 0.955832 2.363048 1.192003 1.474098 3.892265 5.002831 0.922422 1019.280000
3.027515 1.903388 0.955832 2.363048 1.192003 1.474098 3.892265 5.002831 0.922422 1130.520000
3.717659 1.929460 1.327015 1.881354 1.392407 1.467288 3.892265 4.506106 2.332415 889.600000
3.623174 1.906184 1.043325 2.080022 1.442307 1.422487 3.892265 4.852605 2.024826 855.040000
3.027515 1.903388 0.955832 2.363048 1.192003 1.474098 3.892265 5.002831 0.922422 2240.640000
3.027515 1.903388 0.955832 2.363048 1.192003 1.474098 3.892265 5.002831 0.922422 2240.640000
1.250278 1.903388 0.955832 1.122016 1.690144 1.474098 3.716602 4.439769 0.922422 1093.200000
3.431947 1.973216 1.267630 2.190626 1.292506 1.459665 3.979517 4.517801 1.009843 2233.920000
3.718956 2.164497 1.546594 1.281406 1.561395 1.343348 4.359199 3.595130 2.348907 2232.000000
3.685145 2.147756 1.546594 1.474727 1.561395 1.345030 4.359199 3.595130 2.102496 2223.360000
1.740452 1.769773 0.415184 3.796657 1.676517 1.415676 7.059742 6.574710 1.640529 2105.160000
3.732365 1.932256 1.414509 1.598327 1.357030 1.474098 3.892265 4.355880 2.368533 2204.040000
3.595010 2.116940 1.531065 1.598327 1.485664 1.360548 4.234706 4.355880 1.946479 2201.160000
0.800788 1.903388 1.514127 4.270438 1.462061 1.328893 3.892265 3.731122 1.186332 1154.000000
3.027515 1.903388 0.955832 2.363048 1.192003 1.474098 3.892265 5.002831 0.922422 2191.560000
3.027515 1.903388 0.955832 2.363048 1.192003 1.474098 3.892265 5.002831 0.922422 2190.600000
3.027515 2.066760 0.955832 2.363048 1.192003 1.474098 3.969726 5.883135 0.922422 2185.800000
3.595010 2.116940 0.955832 2.363048 1.485664 1.360548 3.892265 5.002831 1.946479 2184.840000
3.027515 1.903388 0.955832 2.363048 1.192003 1.474098 3.892265 5.002831 0.922422 2183.880000
3.027515 1.903388 0.955832 2.363048 1.192003 1.474098 3.892265 5.002831 0.922422 2240.640000
Gen 7 FITNESS 2240.640000 DIVERSITY 67.959004
 VILLAGER_LEADER F 2240.640000 3.027515 1.903388 0.955832 2.363048 1.192003 1.474098 3.892265 5.002831 0.922422 
GEN 8 NUM_GENOME 50 NUM_VILLAGE 1
3.027515 1.903388 0.955832 2.363048 1.192003 1.474098 3.892265 5.002831 0.922422 -100000000000.000000
3.027515 1.903388 0.955832 2.363048 1.192003 1.474098 3.892265 5.002831 0.922422 -100000000000.000000
3.027515 1.903388 0.955832 2.363048 1.192003 1.474098 3.892265 5.002831 0.922422 -100000000000.000000
3.027515 1.903388 0.955832 2.363048 1.192003 1.474098 3.892265 5.002831 0.922422 -100000000000.000000
3.431947 1.973216 1.267630 2.190626 1.292506 1.459665 3.979517 4.517801 1.009843 -100000000000.000000
3.431947 1.973216 1.267630 2.190626 1.292506 1.459665 3.979517 4.517801 1.009843 -100000000000.000000
3.362071 1.995322 1.344216 1.756416 1.308750 1.474098 3.908721 4.498475 2.219888 -100000000000.000000
3.397809 2.003694 1.026125 2.204959 1.240283 1.474098 3.953270 5.740540 1.071067 -100000000000.000000
3.718956 1.903388 0.955832 2.363048 1.192003 1.343348 3.892265 5.002831 2.348907 -100000000000.000000
3.397809 2.063254 0.955832 2.363048 1.192003 1.474098 3.892265 5.002831 2.219888 -100000000000.000000
3.027515 1.903388 0.955832 2.363048 1.192003 1.474098 3.892265 5.002831 0.922422 -100000000000.000000
3.027515 1.903388 0.955832 2.363048 1.192003 1.474098 3.892265 5.002831 0.922422 -100000000000.000000
3.186561 1.981237 1.033884 2.290695 1.246277 1.451933 4.067822 4.590896 1.216635 -100000000000.000000
3.559910 2.086648 1.468542 1.353759 1.507121 1.365513 4.183642 4.007065 2.054694 -100000000000.000000
3.476524 2.063254 1.254563 1.460275 1.352206 1.368683 4.228520 3.859924 2.169106 -100000000000.000000
3.269947 2.004631 1.247863 2.184179 1.401192 1.448763 4.022944 4.738037 1.102223 -100000000000.000000
3.027515 1.903388 0.955832 2.363048 1.192003 1.474098 3.892265 5.002831 0.922422 -100000000000.000000
3.027515 1.903388 0.955832 2.363048 1.192003 1.474098 3.892265 5.002831 0.922422 -100000000000.000000
3.632052 1.201149 1.354479 1.905147 2.236989 2.240859 4.401641 4.742095 2.345036 -100000000000.000000
3.114419 1.936845 1.215266 2.130934 1.302354 1.440808 3.953700 4.729612 1.751387 -100000000000.000000
3.027515 1.903388 0.955832 2.363048 1.192003 1.474098 3.892265 5.002831 0.922422 -100000000000.000000
3.685145 1.903388 1.247863 2.363048 1.292506 1.474098 3.892265 5.740540 0.922422 -100000000000.000000
3.027515 2.088127 0.955832 2.363048 1.352206 1.474098 3.892265 4.355880 0.922422 -100000000000.000000
3.348423 1.967594 1.108094 2.258789 1.260016 1.461569 3.948101 4.609115 0.999707 -100000000000.000000
3.130305 1.963017 1.123645 2.149143 1.250510 1.455241 4.022520 4.183471 1.231574 -100000000000.000000
3.582355 2.088127 1.378781 1.688632 1.502888 1.363887 4.228944 4.414490 1.793344 -100000000000.000000
3.215375 2.234580 0.770167 1.792009 1.417442 1.090417 3.406584 5.002831 0.922422 -100000000000.000000
2.056097 2.929355 0.655904 4.266864 1.337901 1.575077 1.944403 5.002831 0.850934 -100000000000.000000
3.027515 1.903388 0.955832 2.363048 1.192003 1.474098 3.892265 5.002831 0.922422 -100000000000.000000
3.027515 1.903388 0.955832 2.363048 1.192003 1.474098 3.892265 5.002831 0.922422 -100000000000.000000
3.718956 1.903388 0.955832 2.363048 1.192003 1.343348 3.908721 4.590896 2.054694 -100000000000.000000
3.431947 1.973216 1.267630 1.281406 1.292506 1.459665 4.359199 3.595130 2.348907 -100000000000.000000
3.027515 1.903388 0.955832 2.363048 1.192003 1.474098 3.892265 5.002831 0.922422 -100000000000.000000
3.027515 1.903388 0.955832 2.363048 1.192003 1.474098 3.892265 5.002831 0.922422 -100000000000.000000
3.027515 1.903388 0.955832 2.363048 1.192003 1.474098 3.892265 5.002831 0.922422 2240.640000
3.027515 1.903388 0.955832 2.363048 1.192003 1.474098 3.892265 5.002831 0.922422 2240.640000
3.027515 1.903388 0.955832 2.363048 1.192003 1.474098 3.892265 5.002831 0.922422 2240.640000
3.431947 1.973216 1.267630 2.190626 1.292506 1.459665 3.979517 4.517801 1.009843 2233.920000
3.718956 2.164497 1.546594 1.281406 1.561395 1.343348 4.359199 3.595130 2.348907 2232.000000
3.027515 1.903388 0.955832 2.363048 1.192003 1.474098 3.892265 5.002831 0.922422 2229.120000
3.685145 2.147756 0.955832 1.474727 1.192003 1.474098 3.892265 3.595130 2.102496 2226.240000
3.685145 2.147756 1.546594 1.474727 1.561395 1.345030 4.359199 3.595130 2.102496 2223.360000
3.732365 1.932256 1.414509 1.598327 1.357030 1.474098 3.892265 4.355880 2.368533 2204.040000
3.595010 2.116940 1.531065 1.598327 1.485664 1.360548 4.234706 4.355880 1.946479 2201.160000
3.027515 1.903388 0.955832 2.363048 1.192003 1.474098 3.892265 5.002831 0.922422 2191.560000
3.431947 1.903388 1.215266 2.363048 1.192003 1.474098 3.892265 5.002831 2.348907 -100000000000.000000
3.027515 2.066760 0.955832 2.363048 1.192003 1.474098 3.969726 5.883135 0.922422 2185.800000
3.595010 2.116940 0.955832 2.363048 1.485664 1.360548 3.892265 5.002831 1.946479 2184.840000
3.941396 1.598366 0.762481 2.363048 0.512574 1.149828 2.444153 2.933576 0.986619 -100000000000.000000
3.027515 1.903388 0.955832 2.363048 1.192003 1.474098 3.892265 5.002831 0.922422 2240.640000
FILLING
3.027515 1.903388 0.955832 2.363048 1.192003 1.474098 3.892265 5.002831 0.922422 822.400000
3.027515 1.903388 0.955832 2.363048 1.192003 1.474098 3.892265 5.002831 0.922422 1206.360000
3.027515 1.903388 0.955832 2.363048 1.192003 1.474098 3.892265 5.002831 0.922422 1157.400000
3.027515 1.903388 0.955832 2.363048 1.192003 1.474098 3.892265 5.002831 0.922422 684.280000
3.431947 1.973216 1.267630 2.190626 1.292506 1.459665 3.979517 4.517801 1.009843 919.360000
3.431947 1.973216 1.267630 2.190626 1.292506 1.459665 3.979517 4.517801 1.009843 1230.800000
3.362071 1.995322 1.344216 1.756416 1.308750 1.474098 3.908721 4.498475 2.219888 885.760000
3.397809 2.003694 1.026125 2.204959 1.240283 1.474098 3.953270 5.740540 1.071067 812.800000
3.718956 1.903388 0.955832 2.363048 1.192003 1.343348 3.892265 5.002831 2.348907 825.480000
3.397809 2.063254 0.955832 2.363048 1.192003 1.474098 3.892265 5.002831 2.219888 1233.680000
3.027515 1.903388 0.955832 2.363048 1.192003 1.474098 3.892265 5.002831 0.922422 825.280000
3.027515 1.903388 0.955832 2.363048 1.192003 1.474098 3.892265 5.002831 0.922422 885.760000
3.186561 1.981237 1.033884 2.290695 1.246277 1.451933 4.067822 4.590896 1.216635 1199.840000
3.559910 2.086648 1.468542 1.353759 1.507121 1.365513 4.183642 4.007065 2.054694 2165.640000
3.476524 2.063254 1.254563 1.460275 1.352206 1.368683 4.228520 3.859924 2.169106 2232.000000
3.269947 2.004631 1.247863 2.184179 1.401192 1.448763 4.022944 4.738037 1.102223 1129.040000
3.027515 1.903388 0.955832 2.363048 1.192003 1.474098 3.892265 5.002831 0.922422 2186.760000
3.027515 1.903388 0.955832 2.363048 1.192003 1.474098 3.892265 5.002831 0.922422 2188.680000
3.632052 1.201149 1.354479 1.905147 2.236989 2.240859 4.401641 4.742095 2.345036 1160.280000
3.114419 1.936845 1.215266 2.130934 1.302354 1.440808 3.953700 4.729612 1.751387 1175.840000
3.027515 1.903388 0.955832 2.363048 1.192003 1.474098 3.892265 5.002831 0.922422 1196.960000
3.685145 1.903388 1.247863 2.363048 1.292506 1.474098 3.892265 5.740540 0.922422 816.640000
3.027515 2.088127 0.955832 2.363048 1.352206 1.474098 3.892265 4.355880 0.922422 2173.320000
3.348423 1.967594 1.108094 2.258789 1.260016 1.461569 3.948101 4.609115 0.999707 812.800000
3.130305 1.963017 1.123645 2.149143 1.250510 1.455241 4.022520 4.183471 1.231574 881.920000
3.582355 2.088127 1.378781 1.688632 1.502888 1.363887 4.228944 4.414490 1.793344 1221.200000
3.215375 2.234580 0.770167 1.792009 1.417442 1.090417 3.406584 5.002831 0.922422 821.440000
2.056097 2.929355 0.655904 4.266864 1.337901 1.575077 1.944403 5.002831 0.850934 808.960000
3.027515 1.903388 0.955832 2.363048 1.192003 1.474098 3.892265 5.002831 0.922422 1115.360000
3.027515 1.903388 0.955832 2.363048 1.192003 1.474098 3.892265 5.002831 0.922422 684.280000
3.718956 1.903388 0.955832 2.363048 1.192003 1.343348 3.908721 4.590896 2.054694 1251.920000
3.431947 1.973216 1.267630 1.281406 1.292506 1.459665 4.359199 3.595130 2.348907 2218.560000
3.027515 1.903388 0.955832 2.363048 1.192003 1.474098 3.892265 5.002831 0.922422 2191.560000
3.027515 1.903388 0.955832 2.363048 1.192003 1.474098 3.892265 5.002831 0.922422 884.800000
3.027515 1.903388 0.955832 2.363048 1.192003 1.474098 3.892265 5.002831 0.922422 2240.640000
3.027515 1.903388 0.955832 2.363048 1.192003 1.474098 3.892265 5.002831 0.922422 2240.640000
3.027515 1.903388 0.955832 2.363048 1.192003 1.474098 3.892265 5.002831 0.922422 2240.640000
3.431947 1.973216 1.267630 2.190626 1.292506 1.459665 3.979517 4.517801 1.009843 2233.920000
3.718956 2.164497 1.546594 1.281406 1.561395 1.343348 4.359199 3.595130 2.348907 2232.000000
3.027515 1.903388 0.955832 2.363048 1.192003 1.474098 3.892265 5.002831 0.922422 2229.120000
3.685145 2.147756 0.955832 1.474727 1.192003 1.474098 3.892265 3.595130 2.102496 2226.240000
3.685145 2.147756 1.546594 1.474727 1.561395 1.345030 4.359199 3.595130 2.102496 2223.360000
3.732365 1.932256 1.414509 1.598327 1.357030 1.474098 3.892265 4.355880 2.368533 2204.040000
3.595010 2.116940 1.531065 1.598327 1.485664 1.360548 4.234706 4.355880 1.946479 2201.160000
3.027515 1.903388 0.955832 2.363048 1.192003 1.474098 3.892265 5.002831 0.922422 2191.560000
3.431947 1.903388 1.215266 2.363048 1.192003 1.474098 3.892265 5.002831 2.348907 823.360000
3.027515 2.066760 0.955832 2.363048 1.192003 1.474098 3.969726 5.883135 0.922422 2185.800000
3.595010 2.116940 0.955832 2.363048 1.485664 1.360548 3.892265 5.002831 1.946479 2184.840000
3.941396 1.598366 0.762481 2.363048 0.512574 1.149828 2.444153 2.933576 0.986619 887.680000
3.027515 1.903388 0.955832 2.363048 1.192003 1.474098 3.892265 5.002831 0.922422 2240.640000
Gen 8 FITNESS 2240.640000 DIVERSITY 70.823673
 VILLAGER_LEADER F 2240.640000 3.027515 1.903388 0.955832 2.363048 1.192003 1.474098 3.892265 5.002831 0.922422 
GEN 9 NUM_GENOME 50 NUM_VILLAGE 1
3.027515 1.903388 0.955832 2.363048 1.192003 1.474098 3.892265 5.002831 0.922422 -100000000000.000000
2.256349 3.449951 1.451803 2.015300 1.441460 1.378554 4.745337 6.134918 1.348703 -100000000000.000000
3.595010 1.903388 0.955832 1.281406 1.192003 1.474098 4.303632 4.355880 0.922422 -100000000000.000000
3.423634 2.033498 1.186113 1.636337 1.329424 1.393129 4.203405 4.381192 1.956169 -100000000000.000000
3.027515 1.903388 1.271301 1.281406 1.192003 1.474098 3.979517 5.002831 0.922422 -100000000000.000000
3.027515 1.903388 0.955832 2.363048 1.192003 1.474098 3.892265 5.002831 0.922422 -100000000000.000000
3.027515 1.903388 0.955832 1.281406 1.561395 1.343348 3.892265 5.002831 0.922422 -100000000000.000000
3.718956 2.164497 1.546594 2.363048 1.192003 1.474098 4.359199 3.595130 2.348907 -100000000000.000000
3.979329 1.389490 1.015997 2.678948 1.202860 1.693504 4.380129 4.873873 1.466974 -100000000000.000000
3.404283 2.007014 1.194398 1.718853 1.341349 1.379409 4.183943 3.988882 1.450259 -100000000000.000000
3.027515 1.903388 0.955832 2.363048 1.192003 1.474098 3.892265 5.002831 0.922422 -100000000000.000000
3.027515 1.903388 0.955832 2.363048 1.192003 1.474098 3.892265 5.002831 0.922422 -100000000000.000000
3.027515 1.903388 0.955832 2.363048 1.192003 1.474098 3.892265 5.002831 0.922422 -100000000000.000000
3.027515 1.903388 0.955832 2.363048 1.192003 1.474098 3.892265 5.002831 0.922422 -100000000000.000000
3.027515 1.903388 0.955832 2.363048 1.192003 1.474098 3.892265 5.002831 0.922422 -100000000000.000000
2.256349 1.389490 0.955832 1.281406 1.192003 1.407387 3.892265 4.517801 2.368533 -100000000000.000000
3.027515 1.903388 0.955832 2.363048 1.192003 1.474098 3.892265 5.002831 0.922422 -100000000000.000000
3.027515 1.903388 0.955832 2.363048 1.192003 1.474098 3.892265 5.002831 0.922422 -100000000000.000000
3.318694 2.150348 1.315790 1.617290 1.458370 1.410059 4.259488 3.960657 2.104149 -100000000000.000000
3.427777 1.917537 1.186636 2.027164 1.295028 1.407387 3.991976 4.637304 1.167180 -100000000000.000000
3.564851 2.075889 1.271301 1.418338 1.392044 1.355550 4.252460 3.809137 2.181140 -100000000000.000000
4.761980 1.583883 1.529856 1.289559 2.079362 1.811727 3.786280 3.435481 1.143345 -100000000000.000000
3.027515 1.903388 0.955832 2.363048 1.192003 1.474098 3.892265 5.002831 0.922422 -100000000000.000000
3.027515 1.903388 0.955832 2.363048 1.192003 1.474098 3.892265 5.002831 0.922422 -100000000000.000000
3.027515 1.903388 0.955832 2.363048 1.192003 1.474098 3.892265 5.002831 0.922422 -100000000000.000000
3.027515 1.903388 0.955832 2.363048 1.192003 1.474098 3.892265 5.002831 0.922422 -100000000000.000000
3.542253 2.080854 1.271328 1.416270 1.471390 1.358431 4.284087 3.782858 2.256228 -100000000000.000000
4.356417 3.008756 2.238093 1.090404 1.442211 1.353600 4.858608 2.178999 2.261785 -100000000000.000000
2.959736 2.367894 1.719795 1.281406 0.982988 1.584185 7.293927 5.762522 2.725354 -100000000000.000000
3.027515 2.164497 0.955832 2.363048 1.192003 1.343348 4.359199 3.595130 0.922422 -100000000000.000000
3.027515 1.903388 0.955832 2.363048 1.192003 1.474098 3.892265 5.002831 0.922422 -100000000000.000000
3.027515 1.903388 0.955832 2.363048 1.192003 1.474098 3.892265 5.002831 0.922422 -100000000000.000000
3.431947 1.973216 1.267630 2.363048 1.292506 1.474098 4.359199 5.002831 0.922422 -100000000000.000000
3.027515 1.903388 0.955832 1.281406 1.192003 1.459665 3.892265 3.595130 2.348907 -100000000000.000000
3.027515 1.903388 0.955832 2.363048 1.192003 1.474098 3.892265 5.002831 0.922422 2240.640000
3.027515 1.903388 0.955832 2.363048 1.192003 1.474098 3.892265 5.002831 0.922422 2240.640000
3.027515 1.903388 0.955832 2.363048 1.192003 1.474098 3.892265 5.002831 0.922422 2240.640000
4.792748 2.817518 1.238571 2.687655 2.123018 0.833399 3.892265 4.021395 1.463579 -100000000000.000000
3.431947 1.973216 1.267630 2.190626 1.292506 1.459665 3.979517 4.517801 1.009843 2233.920000
3.718956 2.164497 1.546594 1.281406 1.561395 1.343348 4.359199 3.595130 2.348907 2232.000000
3.476524 2.063254 1.254563 1.460275 1.352206 1.368683 4.228520 3.859924 2.169106 2232.000000
3.027515 1.903388 0.955832 2.363048 1.192003 1.474098 3.892265 5.002831 0.922422 2229.120000
3.685145 2.147756 0.955832 1.474727 1.192003 1.474098 3.892265 3.595130 2.102496 2226.240000
3.685145 2.147756 1.546594 1.474727 1.561395 1.345030 4.359199 3.595130 2.102496 2223.360000
3.431947 1.973216 1.267630 1.281406 1.292506 1.459665 4.359199 3.595130 2.348907 2218.560000
3.732365 1.932256 1.414509 1.598327 1.357030 1.474098 3.892265 4.355880 2.368533 2204.040000
3.595010 2.116940 1.531065 1.598327 1.485664 1.360548 4.234706 4.355880 1.946479 2201.160000
3.027515 1.903388 0.955832 2.363048 1.192003 1.474098 3.892265 5.002831 0.922422 2191.560000
3.027515 1.903388 0.955832 2.363048 1.192003 1.474098 3.892265 5.002831 0.922422 2191.560000
3.027515 1.903388 0.955832 2.363048 1.192003 1.474098 3.892265 5.002831 0.922422 2240.640000
FILLING
3.027515 1.903388 0.955832 2.363048 1.192003 1.474098 3.892265 5.002831 0.922422 843.520000
2.256349 3.449951 1.451803 2.015300 1.441460 1.378554 4.745337 6.134918 1.348703 871.360000
3.595010 1.903388 0.955832 1.281406 1.192003 1.474098 4.303632 4.355880 0.922422 2175.240000
3.423634 2.033498 1.186113 1.636337 1.329424 1.393129 4.203405 4.381192 1.956169 821.440000
3.027515 1.903388 1.271301 1.281406 1.192003 1.474098 3.979517 5.002831 0.922422 2178.120000
3.027515 1.903388 0.955832 2.363048 1.192003 1.474098 3.892265 5.002831 0.922422 2179.080000
3.027515 1.903388 0.955832 1.281406 1.561395 1.343348 3.892265 5.002831 0.922422 2183.040000
3.718956 2.164497 1.546594 2.363048 1.192003 1.474098 4.359199 3.595130 2.348907 861.760000
3.979329 1.389490 1.015997 2.678948 1.202860 1.693504 4.380129 4.873873 1.466974 889.800000
3.404283 2.007014 1.194398 1.718853 1.341349 1.379409 4.183943 3.988882 1.450259 886.720000
3.027515 1.903388 0.955832 2.363048 1.192003 1.474098 3.892265 5.002831 0.922422 1237.520000
3.027515 1.903388 0.955832 2.363048 1.192003 1.474098 3.892265 5.002831 0.922422 2193.480000
3.027515 1.903388 0.955832 2.363048 1.192003 1.474098 3.892265 5.002831 0.922422 1302.920000
3.027515 1.903388 0.955832 2.363048 1.192003 1.474098 3.892265 5.002831 0.922422 2194.440000
3.027515 1.903388 0.955832 2.363048 1.192003 1.474098 3.892265 5.002831 0.922422 1218.840000
2.256349 1.389490 0.955832 1.281406 1.192003 1.407387 3.892265 4.517801 2.368533 1207.320000
3.027515 1.903388 0.955832 2.363048 1.192003 1.474098 3.892265 5.002831 0.922422 684.280000
3.027515 1.903388 0.955832 2.363048 1.192003 1.474098 3.892265 5.002831 0.922422 1220.760000
3.318694 2.150348 1.315790 1.617290 1.458370 1.410059 4.259488 3.960657 2.104149 1150.680000
3.427777 1.917537 1.186636 2.027164 1.295028 1.407387 3.991976 4.637304 1.167180 907.840000
3.564851 2.075889 1.271301 1.418338 1.392044 1.355550 4.252460 3.809137 2.181140 2153.160000
4.761980 1.583883 1.529856 1.289559 2.079362 1.811727 3.786280 3.435481 1.143345 897.280000
3.027515 1.903388 0.955832 2.363048 1.192003 1.474098 3.892265 5.002831 0.922422 1198.880000
3.027515 1.903388 0.955832 2.363048 1.192003 1.474098 3.892265 5.002831 0.922422 2234.880000
3.027515 1.903388 0.955832 2.363048 1.192003 1.474098 3.892265 5.002831 0.922422 2185.800000
3.027515 1.903388 0.955832 2.363048 1.192003 1.474098 3.892265 5.002831 0.922422 1205.400000
3.542253 2.080854 1.271328 1.416270 1.471390 1.358431 4.284087 3.782858 2.256228 901.120000
4.356417 3.008756 2.238093 1.090404 1.442211 1.353600 4.858608 2.178999 2.261785 1215.440000
2.959736 2.367894 1.719795 1.281406 0.982988 1.584185 7.293927 5.762522 2.725354 2178.120000
3.027515 2.164497 0.955832 2.363048 1.192003 1.343348 4.359199 3.595130 0.922422 2179.080000
3.027515 1.903388 0.955832 2.363048 1.192003 1.474098 3.892265 5.002831 0.922422 1233.680000
3.027515 1.903388 0.955832 2.363048 1.192003 1.474098 3.892265 5.002831 0.922422 2209.360000
3.431947 1.973216 1.267630 2.363048 1.292506 1.474098 4.359199 5.002831 0.922422 1177.160000
3.027515 1.903388 0.955832 1.281406 1.192003 1.459665 3.892265 3.595130 2.348907 1207.760000
3.027515 1.903388 0.955832 2.363048 1.192003 1.474098 3.892265 5.002831 0.922422 2240.640000
3.027515 1.903388 0.955832 2.363048 1.192003 1.474098 3.892265 5.002831 0.922422 2240.640000
3.027515 1.903388 0.955832 2.363048 1.192003 1.474098 3.892265 5.002831 0.922422 2240.640000
4.792748 2.817518 1.238571 2.687655 2.123018 0.833399 3.892265 4.021395 1.463579 1188.320000
3.431947 1.973216 1.267630 2.190626 1.292506 1.459665 3.979517 4.517801 1.009843 2233.920000
3.718956 2.164497 1.546594 1.281406 1.561395 1.343348 4.359199 3.595130 2.348907 2232.000000
3.476524 2.063254 1.254563 1.460275 1.352206 1.368683 4.228520 3.859924 2.169106 2232.000000
3.027515 1.903388 0.955832 2.363048 1.192003 1.474098 3.892265 5.002831 0.922422 2229.120000
3.685145 2.147756 0.955832 1.474727 1.192003 1.474098 3.892265 3.595130 2.102496 2226.240000
3.685145 2.147756 1.546594 1.474727 1.561395 1.345030 4.359199 3.595130 2.102496 2223.360000
3.431947 1.973216 1.267630 1.281406 1.292506 1.459665 4.359199 3.595130 2.348907 2218.560000
3.732365 1.932256 1.414509 1.598327 1.357030 1.474098 3.892265 4.355880 2.368533 2204.040000
3.595010 2.116940 1.531065 1.598327 1.485664 1.360548 4.234706 4.355880 1.946479 2201.160000
3.027515 1.903388 0.955832 2.363048 1.192003 1.474098 3.892265 5.002831 0.922422 2191.560000
3.027515 1.903388 0.955832 2.363048 1.192003 1.474098 3.892265 5.002831 0.922422 2191.560000
3.027515 1.903388 0.955832 2.363048 1.192003 1.474098 3.892265 5.002831 0.922422 2240.640000
Gen 9 FITNESS 2240.640000 DIVERSITY 87.360857
 VILLAGER_LEADER F 2240.640000 3.027515 1.903388 0.955832 2.363048 1.192003 1.474098 3.892265 5.002831 0.922422 
END_OF_AN_ERA
