CHECKSUM 3681646727
GEN 0 NUM_GENOME 51 NUM_VILLAGE 3
3.890805 1.438337 2.348552 2.951750 2.081332 1.188272 2.589251 2.696509 2.918754 -100000000000.000000
4.281594 3.633839 2.259133 9.915159 1.666219 2.130323 0.707923 4.663945 1.004849 -100000000000.000000
1.095767 1.479690 0.853450 8.557695 1.497665 0.505585 2.187002 4.656529 2.573333 -100000000000.000000
3.310953 0.844600 0.838801 8.498489 1.681326 0.917560 3.632572 4.208960 1.671053 -100000000000.000000
0.904111 3.542741 4.151433 8.149052 2.755455 1.652416 2.603122 3.640675 1.116501 -100000000000.000000
0.578173 3.751793 1.296579 0.844752 0.836268 0.318867 2.370342 1.853420 0.674343 -100000000000.000000
1.045259 2.768792 2.138585 8.546098 1.826991 0.733863 2.788385 4.799768 0.692553 -100000000000.000000
2.316355 4.534288 3.522446 4.668416 1.776727 2.155501 1.011704 0.563585 1.192721 -100000000000.000000
1.861324 3.202918 0.280160 4.487136 2.858180 0.513776 0.889065 1.283898 1.037397 -100000000000.000000
4.018677 2.445753 4.116489 4.829554 1.551775 2.227274 2.346034 2.702002 0.751799 -100000000000.000000
0.029603 2.582018 2.371288 9.292581 2.068331 0.741719 1.799036 3.499359 1.883316 -100000000000.000000
1.161840 4.399854 1.369366 3.022248 1.278848 1.199149 4.782876 3.601810 1.284515 -100000000000.000000
1.055940 4.718162 3.798029 2.832423 0.791864 1.989193 1.018159 2.326533 1.127049 -100000000000.000000
2.944182 2.263163 1.080113 2.701637 1.037832 1.389133 3.956489 5.991482 0.715866 -100000000000.000000
2.944182 2.263163 1.080113 2.701637 1.037832 1.389133 3.956489 5.991482 0.715866 -100000000000.000000
2.944182 2.263163 1.080113 2.701637 1.037832 1.389133 3.956489 5.991482 0.715866 -100000000000.000000
3.670489 3.174803 1.506545 3.511528 1.045033 0.994328 4.243745 4.895065 1.393785 -100000000000.000000
2.370983 1.510666 2.534104 2.777490 2.873745 2.488855 4.924604 1.514756 2.624256 -100000000000.000000
2.083651 1.092715 1.697439 0.922269 2.708396 1.440184 1.716086 2.749107 0.332795 -100000000000.000000
1.994690 1.932279 3.611103 0.948515 1.536943 0.581454 3.896664 3.740379 2.960036 -100000000000.000000
0.554521 1.295969 4.361248 4.566485 0.423811 0.626371 1.942961 3.172231 2.439186 -100000000000.000000
2.392041 0.346843 1.837367 7.030244 0.534410 0.945357 4.407819 1.642613 2.049269 -100000000000.000000
3.336283 4.731285 3.876461 7.585376 1.478622 1.294287 4.754173 1.770608 1.735984 -100000000000.000000
1.823328 2.670980 1.434217 9.497055 1.754845 0.628318 2.850047 1.747536 2.122523 -100000000000.000000
0.697043 1.674703 3.980377 3.277383 0.940092 0.602133 1.642750 4.303446 1.997439 -100000000000.000000
4.827418 1.583300 2.041536 5.077670 0.467940 1.757021 2.385037 4.717643 2.117991 -100000000000.000000
0.622120 3.474532 0.032960 1.187475 2.371563 2.061773 0.691305 4.784524 1.545558 -100000000000.000000
1.468245 4.976959 4.787896 3.782159 0.500076 0.813895 2.684149 3.308466 1.032371 -100000000000.000000
2.014222 2.497024 0.522782 9.986572 1.516984 2.419230 2.818186 0.512085 2.616840 -100000000000.000000
2.976470 1.007721 1.225471 0.796228 1.571368 1.000076 1.146840 3.976455 2.660430 -100000000000.000000
2.944182 2.263163 1.080113 2.701637 1.037832 1.389133 3.956489 5.991482 0.715866 -100000000000.000000
2.944182 2.263163 1.080113 2.701637 1.037832 1.389133 3.956489 5.991482 0.715866 -100000000000.000000
2.944182 2.263163 1.080113 2.701637 1.037832 1.389133 3.956489 5.991482 0.715866 -100000000000.000000
3.670489 3.174803 1.506545 3.511528 1.045033 0.994328 4.243745 4.895065 1.393785 -100000000000.000000
0.961791 0.530717 0.233772 8.191473 0.897427 0.803354 2.961562 1.049333 2.337257 -100000000000.000000
2.218390 0.689566 3.536485 7.318033 2.680288 2.288104 1.784890 3.687643 2.504117 -100000000000.000000
3.091983 2.841426 4.743645 7.220374 1.029725 0.521766 1.085314 1.129536 1.129521 -100000000000.000000
1.228217 2.584460 3.602710 7.268593 1.043458 1.598502 4.875851 3.748619 1.954674 -100000000000.000000
2.693258 2.070223 4.915464 7.289346 1.550401 1.233122 2.064913 3.940748 0.508966 -100000000000.000000
2.847377 4.700919 1.864528 6.837672 2.079134 0.371572 4.250572 3.687643 1.766555 -100000000000.000000
1.414075 4.819025 4.120304 2.246467 1.517899 1.248161 1.374264 1.641514 2.012848 -100000000000.000000
2.474288 1.840419 2.486801 0.242622 2.142949 0.930317 4.007080 3.937315 2.048198 -100000000000.000000
1.534318 2.162847 0.698569 0.775170 1.951231 1.577889 4.630299 4.077532 0.787149 -100000000000.000000
2.149113 2.975249 2.340312 9.164098 1.047395 0.910779 3.343074 1.359294 0.372759 -100000000000.000000
1.715598 1.640370 4.277932 4.777978 1.624012 1.239232 2.485702 1.333613 2.166936 -100000000000.000000
0.804468 3.403272 0.804163 6.307260 2.710044 0.955159 1.398572 3.072527 2.250572 -100000000000.000000
2.357860 0.576800 2.617115 7.415082 2.637806 0.814634 4.703360 4.268975 2.261367 -100000000000.000000
2.944182 2.263163 1.080113 2.701637 1.037832 1.389133 3.956489 5.991482 0.715866 -100000000000.000000
2.944182 2.263163 1.080113 2.701637 1.037832 1.389133 3.956489 5.991482 0.715866 -100000000000.000000
2.944182 2.263163 1.080113 2.701637 1.037832 1.389133 3.956489 5.991482 0.715866 -100000000000.000000
3.670489 3.174803 1.506545 3.511528 1.045033 0.994328 4.243745 4.895065 1.393785 -100000000000.000000
FILLING
3.890805 1.438337 2.348552 2.951750 2.081332 1.188272 2.589251 2.696509 2.918754 1161.240000
4.281594 3.633839 2.259133 9.915159 1.666219 2.130323 0.707923 4.663945 1.004849 916.480000
1.095767 1.479690 0.853450 8.557695 1.497665 0.505585 2.187002 4.656529 2.573333 914.560000
3.310953 0.844600 0.838801 8.498489 1.681326 0.917560 3.632572 4.208960 1.671053 1203.480000
0.904111 3.542741 4.151433 8.149052 2.755455 1.652416 2.603122 3.640675 1.116501 2156.040000
0.578173 3.751793 1.296579 0.844752 0.836268 0.318867 2.370342 1.853420 0.674343 898.240000
1.045259 2.768792 2.138585 8.546098 1.826991 0.733863 2.788385 4.799768 0.692553 1217.120000
2.316355 4.534288 3.522446 4.668416 1.776727 2.155501 1.011704 0.563585 1.192721 822.400000
1.861324 3.202918 0.280160 4.487136 2.858180 0.513776 0.889065 1.283898 1.037397 887.880000
4.018677 2.445753 4.116489 4.829554 1.551775 2.227274 2.346034 2.702002 0.751799 805.120000
0.029603 2.582018 2.371288 9.292581 2.068331 0.741719 1.799036 3.499359 1.883316 898.240000
1.161840 4.399854 1.369366 3.022248 1.278848 1.199149 4.782876 3.601810 1.284515 1112.480000
1.055940 4.718162 3.798029 2.832423 0.791864 1.989193 1.018159 2.326533 1.127049 884.800000
2.944182 2.263163 1.080113 2.701637 1.037832 1.389133 3.956489 5.991482 0.715866 2126.480000
2.944182 2.263163 1.080113 2.701637 1.037832 1.389133 3.956489 5.991482 0.715866 1110.800000
2.944182 2.263163 1.080113 2.701637 1.037832 1.389133 3.956489 5.991482 0.715866 1223.120000
3.670489 3.174803 1.506545 3.511528 1.045033 0.994328 4.243745 4.895065 1.393785 808.000000
2.370983 1.510666 2.534104 2.777490 2.873745 2.488855 4.924604 1.514756 2.624256 1223.640000
2.083651 1.092715 1.697439 0.922269 2.708396 1.440184 1.716086 2.749107 0.332795 810.880000
1.994690 1.932279 3.611103 0.948515 1.536943 0.581454 3.896664 3.740379 2.960036 894.600000
0.554521 1.295969 4.361248 4.566485 0.423811 0.626371 1.942961 3.172231 2.439186 903.240000
2.392041 0.346843 1.837367 7.030244 0.534410 0.945357 4.407819 1.642613 2.049269 1162.200000
3.336283 4.731285 3.876461 7.585376 1.478622 1.294287 4.754173 1.770608 1.735984 1152.600000
1.823328 2.670980 1.434217 9.497055 1.754845 0.628318 2.850047 1.747536 2.122523 808.960000
0.697043 1.674703 3.980377 3.277383 0.940092 0.602133 1.642750 4.303446 1.997439 1241.880000
4.827418 1.583300 2.041536 5.077670 0.467940 1.757021 2.385037 4.717643 2.117991 915.520000
0.622120 3.474532 0.032960 1.187475 2.371563 2.061773 0.691305 4.784524 1.545558 898.240000
1.468245 4.976959 4.787896 3.782159 0.500076 0.813895 2.684149 3.308466 1.032371 1199.840000
2.014222 2.497024 0.522782 9.986572 1.516984 2.419230 2.818186 0.512085 2.616840 890.760000
2.976470 1.007721 1.225471 0.796228 1.571368 1.000076 1.146840 3.976455 2.660430 1102.280000
2.944182 2.263163 1.080113 2.701637 1.037832 1.389133 3.956489 5.991482 0.715866 1149.720000
2.944182 2.263163 1.080113 2.701637 1.037832 1.389133 3.956489 5.991482 0.715866 917.440000
2.944182 2.263163 1.080113 2.701637 1.037832 1.389133 3.956489 5.991482 0.715866 830.080000
3.670489 3.174803 1.506545 3.511528 1.045033 0.994328 4.243745 4.895065 1.393785 2177.160000
0.961791 0.530717 0.233772 8.191473 0.897427 0.803354 2.961562 1.049333 2.337257 897.480000
2.218390 0.689566 3.536485 7.318033 2.680288 2.288104 1.784890 3.687643 2.504117 900.160000
3.091983 2.841426 4.743645 7.220374 1.029725 0.521766 1.085314 1.129536 1.129521 1163.160000
1.228217 2.584460 3.602710 7.268593 1.043458 1.598502 4.875851 3.748619 1.954674 1167.000000
2.693258 2.070223 4.915464 7.289346 1.550401 1.233122 2.064913 3.940748 0.508966 821.440000
2.847377 4.700919 1.864528 6.837672 2.079134 0.371572 4.250572 3.687643 1.766555 2129.280000
1.414075 4.819025 4.120304 2.246467 1.517899 1.248161 1.374264 1.641514 2.012848 1161.240000
2.474288 1.840419 2.486801 0.242622 2.142949 0.930317 4.007080 3.937315 2.048198 898.240000
1.534318 2.162847 0.698569 0.775170 1.951231 1.577889 4.630299 4.077532 0.787149 898.240000
2.149113 2.975249 2.340312 9.164098 1.047395 0.910779 3.343074 1.359294 0.372759 824.320000
1.715598 1.640370 4.277932 4.777978 1.624012 1.239232 2.485702 1.333613 2.166936 880.200000
0.804468 3.403272 0.804163 6.307260 2.710044 0.955159 1.398572 3.072527 2.250572 829.120000
2.357860 0.576800 2.617115 7.415082 2.637806 0.814634 4.703360 4.268975 2.261367 1141.080000
2.944182 2.263163 1.080113 2.701637 1.037832 1.389133 3.956489 5.991482 0.715866 1209.640000
2.944182 2.263163 1.080113 2.701637 1.037832 1.389133 3.956489 5.991482 0.715866 2125.320000
2.944182 2.263163 1.080113 2.701637 1.037832 1.389133 3.956489 5.991482 0.715866 1183.520000
3.670489 3.174803 1.506545 3.511528 1.045033 0.994328 4.243745 4.895065 1.393785 819.520000
Gen 0 FITNESS 2177.160000 DIVERSITY 109.331399
 VILLAGER_LEADER F 2177.160000 3.670489 3.174803 1.506545 3.511528 1.045033 0.994328 4.243745 4.895065 1.393785 
GEN 1 NUM_GENOME 50 NUM_VILLAGE 2
2.392041 0.346843 1.837367 7.030244 0.534410 0.945357 4.407819 1.642613 2.049269 -100000000000.000000
2.392041 0.346843 1.837367 7.030244 0.534410 0.945357 4.407819 1.642613 2.049269 -100000000000.000000
0.697043 1.674703 3.980377 3.277383 0.940092 0.602133 1.642750 4.303446 1.997439 -100000000000.000000
0.697043 1.674703 3.980377 3.277383 0.940092 0.602133 1.642750 4.303446 1.997439 -100000000000.000000
1.772021 3.868430 1.787133 1.816810 1.694410 1.472183 3.474069 4.173448 2.642091 -100000000000.000000
3.670489 0.346843 1.506545 3.511528 0.534410 0.994328 4.243745 1.642613 1.393785 -100000000000.000000
2.944182 1.295969 1.080113 4.566485 1.037832 1.389133 1.942961 3.172231 0.715866 -100000000000.000000
0.554521 2.263163 4.361248 2.701637 0.423811 0.626371 3.956489 5.991482 2.439186 -100000000000.000000
2.392041 0.346843 1.837367 3.511528 1.045033 0.994328 4.243745 4.895065 1.393785 -100000000000.000000
3.670489 3.174803 1.506545 7.030244 0.534410 0.945357 4.407819 1.642613 2.049269 -100000000000.000000
1.772021 4.976959 1.837367 3.277383 1.037832 1.294287 4.407819 1.642613 1.997439 -100000000000.000000
3.670489 3.174803 2.534104 2.777490 1.045033 0.994328 4.243745 4.895065 1.393785 -100000000000.000000
1.183314 3.584815 4.336864 3.636199 0.570205 0.776553 2.427726 3.727088 1.249162 -100000000000.000000
0.981974 3.066847 4.431409 3.423343 0.869963 0.639475 1.899173 3.884823 1.780649 -100000000000.000000
0.697043 3.174803 4.787896 2.701637 0.500076 1.294287 4.102173 4.895065 2.049269 -100000000000.000000
3.006971 2.699677 1.826167 5.153224 1.224216 1.339716 4.102173 5.550523 1.197196 -100000000000.000000
3.670489 3.174803 1.506545 3.511528 1.045033 0.994328 4.243745 4.895065 1.393785 2177.160000
3.006971 4.976959 3.980377 2.701637 1.694410 0.639475 2.427726 4.895065 1.249162 -100000000000.000000
2.370983 1.510666 2.534104 2.777490 2.873745 2.488855 4.924604 1.514756 2.624256 1223.640000
1.468245 4.976959 4.787896 3.782159 0.500076 0.813895 2.684149 3.308466 1.032371 1199.840000
2.392041 0.346843 1.837367 7.030244 0.534410 0.945357 4.407819 1.642613 2.049269 1162.200000
3.336283 4.731285 3.876461 7.585376 1.478622 1.294287 4.754173 1.770608 1.735984 1152.600000
2.944182 2.263163 1.080113 2.701637 1.037832 1.389133 3.956489 5.991482 0.715866 1149.720000
2.976470 1.007721 1.225471 0.796228 1.571368 1.000076 1.146840 3.976455 2.660430 1102.280000
3.670489 3.174803 1.506545 3.511528 1.045033 0.994328 4.243745 4.895065 1.393785 2177.160000
2.944182 2.263163 1.080113 2.701637 1.037832 1.389133 3.956489 5.991482 0.715866 -100000000000.000000
2.944182 2.263163 1.080113 2.701637 1.037832 1.389133 3.956489 5.991482 0.715866 -100000000000.000000
2.032792 0.714543 2.911101 7.384667 2.023062 1.007296 4.772193 4.003609 2.184076 -100000000000.000000
1.553286 2.446717 3.308723 7.299009 1.658202 1.405839 4.807018 4.013985 2.031964 -100000000000.000000
2.707495 3.021460 1.637323 3.544459 1.210061 1.435147 3.702205 4.878301 0.812991 -100000000000.000000
1.140798 2.784444 3.594224 7.306230 2.583226 1.606401 2.857407 4.753856 1.019377 -100000000000.000000
2.944182 2.263163 1.080113 2.701637 1.037832 1.389133 3.956489 5.991482 0.715866 -100000000000.000000
3.312692 3.616690 1.342160 0.903112 1.276722 1.163233 3.823400 7.474825 0.547487 -100000000000.000000
2.519796 3.003984 1.620957 3.293659 1.795852 1.447409 3.776260 4.968052 0.859105 -100000000000.000000
1.328496 2.801920 3.610589 7.557030 1.997435 1.594139 2.783351 4.664105 0.973262 -100000000000.000000
0.904111 3.542741 4.151433 8.149052 2.755455 1.652416 2.603122 3.640675 1.116501 -100000000000.000000
0.904111 3.542741 4.151433 8.149052 2.755455 1.652416 2.603122 3.640675 1.116501 -100000000000.000000
2.944182 2.263163 1.080113 2.701637 1.037832 1.389133 3.956489 5.991482 0.715866 -100000000000.000000
2.944182 2.263163 1.080113 2.701637 1.037832 1.389133 3.956489 5.991482 0.715866 -100000000000.000000
1.228217 2.584460 4.151433 8.149052 1.043458 1.598502 4.875851 3.748619 1.116501 -100000000000.000000
0.149884 4.657195 4.293036 7.268593 4.376270 0.938541 2.685481 3.640675 1.003486 -100000000000.000000
0.904111 3.542741 4.151433 8.149052 2.755455 1.652416 2.603122 3.640675 1.116501 2156.040000
2.944182 2.263163 1.080113 2.701637 1.037832 1.389133 3.956489 5.991482 0.715866 2126.480000
2.944182 2.263163 1.080113 2.701637 1.037832 1.389133 3.956489 5.991482 0.715866 2125.320000
2.944182 2.263163 1.080113 2.701637 1.037832 1.389133 3.956489 5.991482 0.715866 1223.120000
1.045259 2.768792 2.138585 8.546098 1.826991 0.733863 2.788385 4.799768 0.692553 1217.120000
2.944182 2.263163 1.080113 2.701637 1.037832 1.389133 3.956489 5.991482 0.715866 1209.640000
1.045259 2.263163 1.080113 2.701637 1.037832 1.405839 3.956489 5.991482 0.715866 -100000000000.000000
2.944182 2.263163 1.080113 2.701637 1.037832 1.389133 3.956489 5.991482 0.715866 1183.520000
0.904111 3.542741 4.151433 8.149052 2.755455 1.652416 2.603122 3.640675 1.116501 2156.040000
FILLING
2.392041 0.346843 1.837367 7.030244 0.534410 0.945357 4.407819 1.642613 2.049269 1130.520000
2.392041 0.346843 1.837367 7.030244 0.534410 0.945357 4.407819 1.642613 2.049269 1127.640000
0.697043 1.674703 3.980377 3.277383 0.940092 0.602133 1.642750 4.303446 1.997439 922.240000
0.697043 1.674703 3.980377 3.277383 0.940092 0.602133 1.642750 4.303446 1.997439 825.280000
1.772021 3.868430 1.787133 1.816810 1.694410 1.472183 3.474069 4.173448 2.642091 1129.280000
3.670489 0.346843 1.506545 3.511528 0.534410 0.994328 4.243745 1.642613 1.393785 910.720000
2.944182 1.295969 1.080113 4.566485 1.037832 1.389133 1.942961 3.172231 0.715866 1235.160000
0.554521 2.263163 4.361248 2.701637 0.423811 0.626371 3.956489 5.991482 2.439186 1159.320000
2.392041 0.346843 1.837367 3.511528 1.045033 0.994328 4.243745 4.895065 1.393785 856.960000
3.670489 3.174803 1.506545 7.030244 0.534410 0.945357 4.407819 1.642613 2.049269 1155.480000
1.772021 4.976959 1.837367 3.277383 1.037832 1.294287 4.407819 1.642613 1.997439 865.800000
3.670489 3.174803 2.534104 2.777490 1.045033 0.994328 4.243745 4.895065 1.393785 1308.680000
1.183314 3.584815 4.336864 3.636199 0.570205 0.776553 2.427726 3.727088 1.249162 808.000000
0.981974 3.066847 4.431409 3.423343 0.869963 0.639475 1.899173 3.884823 1.780649 870.600000
0.697043 3.174803 4.787896 2.701637 0.500076 1.294287 4.102173 4.895065 2.049269 1184.280000
3.006971 2.699677 1.826167 5.153224 1.224216 1.339716 4.102173 5.550523 1.197196 912.640000
3.670489 3.174803 1.506545 3.511528 1.045033 0.994328 4.243745 4.895065 1.393785 2177.160000
3.006971 4.976959 3.980377 2.701637 1.694410 0.639475 2.427726 4.895065 1.249162 879.040000
2.370983 1.510666 2.534104 2.777490 2.873745 2.488855 4.924604 1.514756 2.624256 1223.640000
1.468245 4.976959 4.787896 3.782159 0.500076 0.813895 2.684149 3.308466 1.032371 1199.840000
2.392041 0.346843 1.837367 7.030244 0.534410 0.945357 4.407819 1.642613 2.049269 1162.200000
3.336283 4.731285 3.876461 7.585376 1.478622 1.294287 4.754173 1.770608 1.735984 1152.600000
2.944182 2.263163 1.080113 2.701637 1.037832 1.389133 3.956489 5.991482 0.715866 1149.720000
2.976470 1.007721 1.225471 0.796228 1.571368 1.000076 1.146840 3.976455 2.660430 1102.280000
3.670489 3.174803 1.506545 3.511528 1.045033 0.994328 4.243745 4.895065 1.393785 2177.160000
2.944182 2.263163 1.080113 2.701637 1.037832 1.389133 3.956489 5.991482 0.715866 1224.080000
2.944182 2.263163 1.080113 2.701637 1.037832 1.389133 3.956489 5.991482 0.715866 901.120000
2.032792 0.714543 2.911101 7.384667 2.023062 1.007296 4.772193 4.003609 2.184076 1158.360000
1.553286 2.446717 3.308723 7.299009 1.658202 1.405839 4.807018 4.013985 2.031964 808.960000
2.707495 3.021460 1.637323 3.544459 1.210061 1.435147 3.702205 4.878301 0.812991 1201.040000
1.140798 2.784444 3.594224 7.306230 2.583226 1.606401 2.857407 4.753856 1.019377 880.000000
2.944182 2.263163 1.080113 2.701637 1.037832 1.389133 3.956489 5.991482 0.715866 2180.040000
3.312692 3.616690 1.342160 0.903112 1.276722 1.163233 3.823400 7.474825 0.547487 811.840000
2.519796 3.003984 1.620957 3.293659 1.795852 1.447409 3.776260 4.968052 0.859105 1210.400000
1.328496 2.801920 3.610589 7.557030 1.997435 1.594139 2.783351 4.664105 0.973262 1158.360000
0.904111 3.542741 4.151433 8.149052 2.755455 1.652416 2.603122 3.640675 1.116501 2130.120000
0.904111 3.542741 4.151433 8.149052 2.755455 1.652416 2.603122 3.640675 1.116501 2173.320000
2.944182 2.263163 1.080113 2.701637 1.037832 1.389133 3.956489 5.991482 0.715866 2179.080000
2.944182 2.263163 1.080113 2.701637 1.037832 1.389133 3.956489 5.991482 0.715866 2178.120000
1.228217 2.584460 4.151433 8.149052 1.043458 1.598502 4.875851 3.748619 1.116501 1159.320000
0.149884 4.657195 4.293036 7.268593 4.376270 0.938541 2.685481 3.640675 1.003486 898.240000
0.904111 3.542741 4.151433 8.149052 2.755455 1.652416 2.603122 3.640675 1.116501 2156.040000
2.944182 2.263163 1.080113 2.701637 1.037832 1.389133 3.956489 5.991482 0.715866 2126.480000
2.944182 2.263163 1.080113 2.701637 1.037832 1.389133 3.956489 5.991482 0.715866 2125.320000
2.944182 2.263163 1.080113 2.701637 1.037832 1.389133 3.956489 5.991482 0.715866 1223.120000
1.045259 2.768792 2.138585 8.546098 1.826991 0.733863 2.788385 4.799768 0.692553 1217.120000
2.944182 2.263163 1.080113 2.701637 1.037832 1.389133 3.956489 5.991482 0.715866 1209.640000
1.045259 2.263163 1.080113 2.701637 1.037832 1.405839 3.956489 5.991482 0.715866 808.960000
2.944182 2.263163 1.080113 2.701637 1.037832 1.389133 3.956489 5.991482 0.715866 1183.520000
0.904111 3.542741 4.151433 8.149052 2.755455 1.652416 2.603122 3.640675 1.116501 2156.040000
Gen 1 FITNESS 2180.040000 DIVERSITY 133.137240
 VILLAGER_LEADER F 2180.040000 2.944182 2.263163 1.080113 2.701637 1.037832 1.389133 3.956489 5.991482 0.715866 
GEN 2 NUM_GENOME 50 NUM_VILLAGE 1
2.048212 3.142775 3.692745 5.204286 1.926355 1.517113 2.951250 4.296217 1.003640 -100000000000.000000
1.340874 3.153803 1.347195 7.111187 1.341567 1.258915 2.532050 2.226230 0.683933 -100000000000.000000
3.670489 2.263163 1.080113 2.701637 1.037832 1.389133 3.956489 4.895065 1.393785 -100000000000.000000
2.944182 3.174803 1.506545 3.511528 1.045033 0.994328 4.243745 5.991482 0.715866 -100000000000.000000
3.670489 3.174803 1.506545 3.511528 1.045033 0.994328 4.243745 4.895065 1.393785 -100000000000.000000
3.670489 5.686634 0.939883 2.821210 0.817202 0.832784 5.334498 2.302678 1.776488 -100000000000.000000
2.944182 2.263163 1.080113 2.701637 1.037832 1.389133 3.956489 5.991482 0.715866 -100000000000.000000
2.944182 2.263163 1.080113 2.701637 1.037832 1.389133 3.956489 5.991482 0.715866 -100000000000.000000
2.562840 3.360976 3.000741 6.269218 1.982552 1.502422 3.579860 4.051086 1.274443 -100000000000.000000
2.011759 3.356568 2.657237 5.391362 1.817936 1.144321 3.267007 4.484654 1.235843 -100000000000.000000
3.465192 3.033652 1.411612 3.125251 1.041227 1.104076 4.139140 4.970874 1.348273 -100000000000.000000
3.149478 2.404313 1.175046 3.087914 1.041638 1.279385 4.061094 5.915673 0.761379 -100000000000.000000
2.096274 3.088517 2.099577 5.495007 1.899512 1.411191 3.047850 1.784981 0.691687 -100000000000.000000
2.083762 3.244506 3.264624 6.918268 2.504375 1.630357 2.935624 4.303058 1.023717 -100000000000.000000
2.944182 2.263163 1.080113 2.701637 1.037832 1.389133 3.956489 5.991482 0.715866 -100000000000.000000
2.944182 2.263163 1.080113 2.701637 1.037832 1.389133 3.956489 5.991482 0.715866 -100000000000.000000
2.944182 2.263163 1.080113 2.701637 1.037832 1.389133 3.956489 5.991482 0.715866 -100000000000.000000
2.944182 2.263163 1.080113 2.701637 1.037832 1.389133 3.956489 5.991482 0.715866 -100000000000.000000
3.670489 3.174803 1.506545 3.511528 1.045033 0.994328 4.243745 4.895065 1.393785 -100000000000.000000
3.670489 3.174803 1.506545 3.511528 1.045033 0.994328 4.243745 4.895065 1.393785 -100000000000.000000
0.904111 3.542741 1.080113 2.701637 2.755455 1.652416 2.603122 5.991482 0.715866 -100000000000.000000
2.944182 2.263163 4.151433 8.149052 1.037832 1.389133 3.956489 3.640675 1.116501 -100000000000.000000
1.186435 3.360678 3.766653 5.125153 2.012742 1.507350 2.989451 4.052685 0.917159 -100000000000.000000
2.661858 2.445226 1.080113 6.269218 1.037832 1.389133 3.956489 3.640675 0.715866 -100000000000.000000
1.369010 3.598372 0.840031 3.499646 1.120180 1.173860 4.155992 5.363713 0.783970 -100000000000.000000
3.565318 2.789074 1.393808 3.119776 1.042430 1.209601 4.227913 5.522834 1.213052 -100000000000.000000
2.944182 2.263163 1.080113 2.701637 2.012742 1.652416 3.956489 5.363713 0.761379 -100000000000.000000
2.944182 2.263163 1.080113 2.701637 1.037832 1.389133 3.956489 5.991482 0.715866 -100000000000.000000
2.944182 2.263163 1.080113 2.701637 1.037832 1.389133 3.956489 5.991482 0.715866 -100000000000.000000
2.944182 2.263163 1.080113 2.701637 1.037832 1.389133 3.956489 5.991482 0.715866 -100000000000.000000
2.944182 2.263163 1.080113 2.701637 1.037832 1.389133 3.956489 5.991482 0.715866 -100000000000.000000
4.923646 1.892925 1.134966 3.184169 1.091659 1.389133 2.054568 7.252266 0.715866 -100000000000.000000
2.944182 2.263163 1.080113 2.701637 1.037832 1.389133 3.956489 5.991482 0.715866 -100000000000.000000
3.670489 3.142775 3.264624 3.119776 1.037832 1.517113 4.243745 5.991482 0.715866 -100000000000.000000
4.321727 2.263163 1.561810 1.619020 1.425805 1.466640 0.870732 5.991482 0.814962 -100000000000.000000
2.944182 2.263163 1.080113 2.701637 1.037832 1.389133 3.956489 5.991482 0.715866 2179.080000
2.944182 2.263163 1.080113 2.701637 1.037832 1.389133 3.956489 5.991482 0.715866 2178.120000
3.670489 3.174803 1.506545 3.511528 1.045033 0.994328 4.243745 4.895065 1.393785 2177.160000
3.670489 3.174803 1.506545 3.511528 1.045033 0.994328 4.243745 4.895065 1.393785 2177.160000
0.904111 3.542741 4.151433 8.149052 2.755455 1.652416 2.603122 3.640675 1.116501 2173.320000
0.904111 3.542741 4.151433 8.149052 2.755455 1.652416 2.603122 3.640675 1.116501 2156.040000
0.904111 3.542741 4.151433 8.149052 2.755455 1.652416 2.603122 3.640675 1.116501 2156.040000
0.904111 3.542741 4.151433 8.149052 2.755455 1.652416 2.603122 3.640675 1.116501 2130.120000
2.944182 2.263163 1.080113 2.701637 1.037832 1.389133 3.956489 5.991482 0.715866 2126.480000
2.944182 2.263163 1.080113 2.701637 1.037832 1.389133 3.956489 5.991482 0.715866 2125.320000
2.944182 3.542741 1.506545 2.701637 1.037832 1.389133 4.243745 5.991482 1.116501 -100000000000.000000
2.944182 1.295969 1.080113 4.566485 1.037832 1.389133 1.942961 3.172231 0.715866 1235.160000
2.944182 2.263163 1.080113 2.701637 1.037832 1.389133 3.956489 5.991482 0.715866 1224.080000
2.370983 1.510666 2.534104 2.777490 2.873745 2.488855 4.924604 1.514756 2.624256 1223.640000
2.944182 2.263163 1.080113 2.701637 1.037832 1.389133 3.956489 5.991482 0.715866 2180.040000
FILLING
2.048212 3.142775 3.692745 5.204286 1.926355 1.517113 2.951250 4.296217 1.003640 891.520000
1.340874 3.153803 1.347195 7.111187 1.341567 1.258915 2.532050 2.226230 0.683933 1143.000000
3.670489 2.263163 1.080113 2.701637 1.037832 1.389133 3.956489 4.895065 1.393785 905.160000
2.944182 3.174803 1.506545 3.511528 1.045033 0.994328 4.243745 5.991482 0.715866 2205.120000
3.670489 3.174803 1.506545 3.511528 1.045033 0.994328 4.243745 4.895065 1.393785 887.680000
3.670489 5.686634 0.939883 2.821210 0.817202 0.832784 5.334498 2.302678 1.776488 1170.840000
2.944182 2.263163 1.080113 2.701637 1.037832 1.389133 3.956489 5.991482 0.715866 888.640000
2.944182 2.263163 1.080113 2.701637 1.037832 1.389133 3.956489 5.991482 0.715866 684.280000
2.562840 3.360976 3.000741 6.269218 1.982552 1.502422 3.579860 4.051086 1.274443 1149.720000
2.011759 3.356568 2.657237 5.391362 1.817936 1.144321 3.267007 4.484654 1.235843 2142.160000
3.465192 3.033652 1.411612 3.125251 1.041227 1.104076 4.139140 4.970874 1.348273 2176.200000
3.149478 2.404313 1.175046 3.087914 1.041638 1.279385 4.061094 5.915673 0.761379 1189.280000
2.096274 3.088517 2.099577 5.495007 1.899512 1.411191 3.047850 1.784981 0.691687 1208.720000
2.083762 3.244506 3.264624 6.918268 2.504375 1.630357 2.935624 4.303058 1.023717 1134.800000
2.944182 2.263163 1.080113 2.701637 1.037832 1.389133 3.956489 5.991482 0.715866 1208.480000
2.944182 2.263163 1.080113 2.701637 1.037832 1.389133 3.956489 5.991482 0.715866 1225.040000
2.944182 2.263163 1.080113 2.701637 1.037832 1.389133 3.956489 5.991482 0.715866 1222.680000
2.944182 2.263163 1.080113 2.701637 1.037832 1.389133 3.956489 5.991482 0.715866 918.400000
3.670489 3.174803 1.506545 3.511528 1.045033 0.994328 4.243745 4.895065 1.393785 1199.120000
3.670489 3.174803 1.506545 3.511528 1.045033 0.994328 4.243745 4.895065 1.393785 2166.600000
0.904111 3.542741 1.080113 2.701637 2.755455 1.652416 2.603122 5.991482 0.715866 1187.360000
2.944182 2.263163 4.151433 8.149052 1.037832 1.389133 3.956489 3.640675 1.116501 806.080000
1.186435 3.360678 3.766653 5.125153 2.012742 1.507350 2.989451 4.052685 0.917159 2161.360000
2.661858 2.445226 1.080113 6.269218 1.037832 1.389133 3.956489 3.640675 0.715866 896.320000
1.369010 3.598372 0.840031 3.499646 1.120180 1.173860 4.155992 5.363713 0.783970 1205.600000
3.565318 2.789074 1.393808 3.119776 1.042430 1.209601 4.227913 5.522834 1.213052 1221.200000
2.944182 2.263163 1.080113 2.701637 2.012742 1.652416 3.956489 5.363713 0.761379 2195.520000
2.944182 2.263163 1.080113 2.701637 1.037832 1.389133 3.956489 5.991482 0.715866 893.440000
2.944182 2.263163 1.080113 2.701637 1.037832 1.389133 3.956489 5.991482 0.715866 1227.480000
2.944182 2.263163 1.080113 2.701637 1.037832 1.389133 3.956489 5.991482 0.715866 826.240000
2.944182 2.263163 1.080113 2.701637 1.037832 1.389133 3.956489 5.991482 0.715866 2190.600000
4.923646 1.892925 1.134966 3.184169 1.091659 1.389133 2.054568 7.252266 0.715866 930.880000
2.944182 2.263163 1.080113 2.701637 1.037832 1.389133 3.956489 5.991482 0.715866 907.840000
3.670489 3.142775 3.264624 3.119776 1.037832 1.517113 4.243745 5.991482 0.715866 809.920000
4.321727 2.263163 1.561810 1.619020 1.425805 1.466640 0.870732 5.991482 0.814962 1195.280000
2.944182 2.263163 1.080113 2.701637 1.037832 1.389133 3.956489 5.991482 0.715866 2179.080000
2.944182 2.263163 1.080113 2.701637 1.037832 1.389133 3.956489 5.991482 0.715866 2178.120000
3.670489 3.174803 1.506545 3.511528 1.045033 0.994328 4.243745 4.895065 1.393785 2177.160000
3.670489 3.174803 1.506545 3.511528 1.045033 0.994328 4.243745 4.895065 1.393785 2177.160000
0.904111 3.542741 4.151433 8.149052 2.755455 1.652416 2.603122 3.640675 1.116501 2173.320000
0.904111 3.542741 4.151433 8.149052 2.755455 1.652416 2.603122 3.640675 1.116501 2156.040000
0.904111 3.542741 4.151433 8.149052 2.755455 1.652416 2.603122 3.640675 1.116501 2156.040000
0.904111 3.542741 4.151433 8.149052 2.755455 1.652416 2.603122 3.640675 1.116501 2130.120000
2.944182 2.263163 1.080113 2.701637 1.037832 1.389133 3.956489 5.991482 0.715866 2126.480000
2.944182 2.263163 1.080113 2.701637 1.037832 1.389133 3.956489 5.991482 0.715866 2125.320000
2.944182 3.542741 1.506545 2.701637 1.037832 1.389133 4.243745 5.991482 1.116501 809.920000
2.944182 1.295969 1.080113 4.566485 1.037832 1.389133 1.942961 3.172231 0.715866 1235.160000
2.944182 2.263163 1.080113 2.701637 1.037832 1.389133 3.956489 5.991482 0.715866 1224.080000
2.370983 1.510666 2.534104 2.777490 2.873745 2.488855 4.924604 1.514756 2.624256 1223.640000
2.944182 2.263163 1.080113 2.701637 1.037832 1.389133 3.956489 5.991482 0.715866 2180.040000
Gen 2 FITNESS 2205.120000 DIVERSITY 196.328187
 VILLAGER_LEADER F 2205.120000 2.944182 3.174803 1.506545 3.511528 1.045033 0.994328 4.243745 5.991482 0.715866 
GEN 3 NUM_GENOME 50 NUM_VILLAGE 1
2.048554 3.398542 2.960735 7.464680 1.916762 1.561506 3.201731 5.034443 1.047370 -100000000000.000000
1.799739 2.407362 2.270811 3.386009 1.876525 1.480042 3.357880 4.597714 0.784998 -100000000000.000000
2.944182 2.263163 1.080113 2.701637 1.882285 1.608430 3.956489 5.692794 0.746386 -100000000000.000000
2.944182 2.263163 1.080113 2.701637 1.168289 1.433118 3.956489 5.662401 0.730859 -100000000000.000000
2.944182 2.263163 1.080113 2.701637 1.037832 1.389133 3.956489 5.991482 0.715866 -100000000000.000000
2.944182 2.263163 1.080113 2.701637 1.037832 1.389133 3.956489 5.991482 0.715866 -100000000000.000000
2.944182 2.263163 1.080113 2.701637 1.037832 1.389133 3.956489 5.991482 0.715866 -100000000000.000000
2.944182 2.263163 1.080113 2.701637 1.037832 1.389133 3.956489 5.991482 0.715866 -100000000000.000000
2.944182 2.263163 1.080113 2.701637 1.037832 1.389133 3.956489 5.363713 0.715866 -100000000000.000000
2.944182 2.263163 1.080113 2.701637 2.012742 1.652416 3.956489 5.991482 0.761379 -100000000000.000000
2.944182 2.263163 1.080113 2.701637 1.631141 1.615446 3.956489 5.470227 0.749594 -100000000000.000000
2.944182 2.263163 1.080113 2.701637 1.419433 1.426102 3.956489 5.884968 0.727651 -100000000000.000000
2.944182 2.263163 1.080113 2.701637 1.037832 1.389133 4.243745 5.991482 0.715866 -100000000000.000000
2.944182 3.174803 1.506545 3.511528 1.045033 0.994328 3.956489 5.991482 0.715866 -100000000000.000000
2.944182 2.263163 1.080113 3.511528 1.045033 0.994328 4.243745 5.991482 0.715866 -100000000000.000000
2.944182 3.360678 1.506545 3.511528 1.037832 1.433118 4.243745 5.991482 0.715866 -100000000000.000000
2.944182 2.263163 1.080113 2.918531 2.755455 1.389133 3.956489 4.895065 0.715866 -100000000000.000000
2.944182 3.174803 1.506545 4.566485 1.037832 0.994328 1.942961 5.991482 0.715866 -100000000000.000000
2.944182 2.263163 1.506545 2.701637 1.037832 0.994328 4.243745 5.991482 0.715866 -100000000000.000000
2.944182 3.174803 1.080113 3.511528 1.045033 1.389133 3.956489 5.991482 0.715866 -100000000000.000000
2.731023 2.920357 2.185140 3.196488 1.882527 1.456101 3.764324 5.805876 0.758307 -100000000000.000000
1.117270 2.885547 3.046406 7.654202 1.910760 1.585447 2.795287 3.826282 1.074061 -100000000000.000000
3.670489 3.360678 1.506545 5.125153 1.045033 0.994328 4.243745 4.895065 1.393785 -100000000000.000000
1.186435 3.174803 3.766653 3.511528 2.012742 1.507350 2.989451 4.052685 0.917159 -100000000000.000000
0.904111 3.542741 4.151433 2.701637 2.755455 1.652416 3.956489 3.640675 1.116501 -100000000000.000000
2.944182 2.263163 1.080113 8.149052 1.037832 1.389133 2.603122 5.991482 0.715866 -100000000000.000000
2.944182 3.174803 1.080113 2.701637 1.045033 0.994328 4.243745 5.991482 0.715866 -100000000000.000000
2.944182 2.263163 1.506545 3.511528 1.037832 1.389133 3.956489 5.991482 0.715866 -100000000000.000000
2.944182 2.548704 1.186740 2.918531 1.040720 1.362413 4.034977 5.991482 0.715866 -100000000000.000000
2.944182 2.889261 1.399918 3.294634 1.042146 1.021048 4.165256 5.991482 0.715866 -100000000000.000000
2.944182 2.263163 1.080113 2.701637 1.037832 1.389133 3.956489 5.991482 0.715866 -100000000000.000000
2.944182 2.263163 1.080113 2.701637 1.037832 1.389133 3.956489 5.991482 0.715866 -100000000000.000000
2.944182 2.263163 1.506545 2.701637 1.037832 0.994328 3.956489 5.991482 0.715866 -100000000000.000000
2.742800 4.025400 1.118292 0.535784 1.045033 1.389133 5.122284 3.597475 0.715866 -100000000000.000000
2.944182 3.174803 1.506545 3.511528 1.045033 0.994328 4.243745 5.991482 0.715866 2205.120000
2.944182 2.263163 1.080113 2.701637 2.012742 1.652416 3.956489 5.363713 0.761379 2195.520000
2.944182 2.263163 1.080113 2.701637 1.037832 1.389133 3.956489 5.991482 0.715866 2190.600000
2.944182 2.263163 1.080113 2.701637 1.037832 1.389133 3.956489 5.991482 0.715866 2180.040000
2.944182 2.263163 1.080113 2.701637 1.037832 1.389133 3.956489 5.991482 0.715866 2179.080000
2.944182 2.263163 1.080113 2.701637 1.037832 1.389133 3.956489 5.991482 0.715866 2178.120000
3.670489 3.174803 1.506545 3.511528 1.045033 0.994328 4.243745 4.895065 1.393785 2177.160000
3.670489 3.174803 1.506545 3.511528 1.045033 0.994328 4.243745 4.895065 1.393785 2177.160000
0.904111 2.263163 4.151433 2.701637 1.882285 1.389133 3.956489 5.991482 0.761379 -100000000000.000000
0.904111 3.542741 4.151433 8.149052 2.755455 1.652416 2.603122 3.640675 1.116501 2173.320000
3.670489 3.174803 1.506545 3.511528 1.045033 0.994328 4.243745 4.895065 1.393785 2166.600000
1.186435 3.360678 3.766653 5.125153 2.012742 1.507350 2.989451 4.052685 0.917159 2161.360000
0.904111 3.542741 4.151433 8.149052 2.755455 1.652416 2.603122 3.640675 1.116501 2156.040000
2.944182 2.263163 1.080113 7.464680 2.755455 0.994328 4.243745 5.991482 0.715866 -100000000000.000000
2.291068 4.366894 2.657237 7.961594 2.079088 1.144321 3.039998 4.484654 1.871660 -100000000000.000000
2.944182 3.174803 1.506545 3.511528 1.045033 0.994328 4.243745 5.991482 0.715866 2205.120000
FILLING
2.048554 3.398542 2.960735 7.464680 1.916762 1.561506 3.201731 5.034443 1.047370 1129.280000
1.799739 2.407362 2.270811 3.386009 1.876525 1.480042 3.357880 4.597714 0.784998 1219.280000
2.944182 2.263163 1.080113 2.701637 1.882285 1.608430 3.956489 5.692794 0.746386 821.440000
2.944182 2.263163 1.080113 2.701637 1.168289 1.433118 3.956489 5.662401 0.730859 2184.840000
2.944182 2.263163 1.080113 2.701637 1.037832 1.389133 3.956489 5.991482 0.715866 1132.560000
2.944182 2.263163 1.080113 2.701637 1.037832 1.389133 3.956489 5.991482 0.715866 2238.720000
2.944182 2.263163 1.080113 2.701637 1.037832 1.389133 3.956489 5.991482 0.715866 2134.920000
2.944182 2.263163 1.080113 2.701637 1.037832 1.389133 3.956489 5.991482 0.715866 1183.520000
2.944182 2.263163 1.080113 2.701637 1.037832 1.389133 3.956489 5.363713 0.715866 1221.720000
2.944182 2.263163 1.080113 2.701637 2.012742 1.652416 3.956489 5.991482 0.761379 831.040000
2.944182 2.263163 1.080113 2.701637 1.631141 1.615446 3.956489 5.470227 0.749594 816.640000
2.944182 2.263163 1.080113 2.701637 1.419433 1.426102 3.956489 5.884968 0.727651 1223.120000
2.944182 2.263163 1.080113 2.701637 1.037832 1.389133 4.243745 5.991482 0.715866 2220.480000
2.944182 3.174803 1.506545 3.511528 1.045033 0.994328 3.956489 5.991482 0.715866 894.400000
2.944182 2.263163 1.080113 3.511528 1.045033 0.994328 4.243745 5.991482 0.715866 824.320000
2.944182 3.360678 1.506545 3.511528 1.037832 1.433118 4.243745 5.991482 0.715866 815.680000
2.944182 2.263163 1.080113 2.918531 2.755455 1.389133 3.956489 4.895065 0.715866 808.000000
2.944182 3.174803 1.506545 4.566485 1.037832 0.994328 1.942961 5.991482 0.715866 2216.640000
2.944182 2.263163 1.506545 2.701637 1.037832 0.994328 4.243745 5.991482 0.715866 2181.520000
2.944182 3.174803 1.080113 3.511528 1.045033 1.389133 3.956489 5.991482 0.715866 2132.040000
2.731023 2.920357 2.185140 3.196488 1.882527 1.456101 3.764324 5.805876 0.758307 2140.680000
1.117270 2.885547 3.046406 7.654202 1.910760 1.585447 2.795287 3.826282 1.074061 815.680000
3.670489 3.360678 1.506545 5.125153 1.045033 0.994328 4.243745 4.895065 1.393785 1209.240000
1.186435 3.174803 3.766653 3.511528 2.012742 1.507350 2.989451 4.052685 0.917159 861.760000
0.904111 3.542741 4.151433 2.701637 2.755455 1.652416 3.956489 3.640675 1.116501 2146.560000
2.944182 2.263163 1.080113 8.149052 1.037832 1.389133 2.603122 5.991482 0.715866 1158.360000
2.944182 3.174803 1.080113 2.701637 1.045033 0.994328 4.243745 5.991482 0.715866 882.880000
2.944182 2.263163 1.506545 3.511528 1.037832 1.389133 3.956489 5.991482 0.715866 2194.440000
2.944182 2.548704 1.186740 2.918531 1.040720 1.362413 4.034977 5.991482 0.715866 813.760000
2.944182 2.889261 1.399918 3.294634 1.042146 1.021048 4.165256 5.991482 0.715866 821.440000
2.944182 2.263163 1.080113 2.701637 1.037832 1.389133 3.956489 5.991482 0.715866 819.520000
2.944182 2.263163 1.080113 2.701637 1.037832 1.389133 3.956489 5.991482 0.715866 1148.760000
2.944182 2.263163 1.506545 2.701637 1.037832 0.994328 3.956489 5.991482 0.715866 2197.320000
2.742800 4.025400 1.118292 0.535784 1.045033 1.389133 5.122284 3.597475 0.715866 812.800000
2.944182 3.174803 1.506545 3.511528 1.045033 0.994328 4.243745 5.991482 0.715866 2205.120000
2.944182 2.263163 1.080113 2.701637 2.012742 1.652416 3.956489 5.363713 0.761379 2195.520000
2.944182 2.263163 1.080113 2.701637 1.037832 1.389133 3.956489 5.991482 0.715866 2190.600000
2.944182 2.263163 1.080113 2.701637 1.037832 1.389133 3.956489 5.991482 0.715866 2180.040000
2.944182 2.263163 1.080113 2.701637 1.037832 1.389133 3.956489 5.991482 0.715866 2179.080000
2.944182 2.263163 1.080113 2.701637 1.037832 1.389133 3.956489 5.991482 0.715866 2178.120000
3.670489 3.174803 1.506545 3.511528 1.045033 0.994328 4.243745 4.895065 1.393785 2177.160000
3.670489 3.174803 1.506545 3.511528 1.045033 0.994328 4.243745 4.895065 1.393785 2177.160000
0.904111 2.263163 4.151433 2.701637 1.882285 1.389133 3.956489 5.991482 0.761379 1146.840000
0.904111 3.542741 4.151433 8.149052 2.755455 1.652416 2.603122 3.640675 1.116501 2173.320000
3.670489 3.174803 1.506545 3.511528 1.045033 0.994328 4.243745 4.895065 1.393785 2166.600000
1.186435 3.360678 3.766653 5.125153 2.012742 1.507350 2.989451 4.052685 0.917159 2161.360000
0.904111 3.542741 4.151433 8.149052 2.755455 1.652416 2.603122 3.640675 1.116501 2156.040000
2.944182 2.263163 1.080113 7.464680 2.755455 0.994328 4.243745 5.991482 0.715866 809.920000
2.291068 4.366894 2.657237 7.961594 2.079088 1.144321 3.039998 4.484654 1.871660 824.320000
2.944182 3.174803 1.506545 3.511528 1.045033 0.994328 4.243745 5.991482 0.715866 2205.120000
Gen 3 FITNESS 2238.720000 DIVERSITY 153.096061
 VILLAGER_LEADER F 2238.720000 2.944182 2.263163 1.080113 2.701637 1.037832 1.389133 3.956489 5.991482 0.715866 
GEN 4 NUM_GENOME 50 NUM_VILLAGE 1
2.944182 3.174803 1.506545 2.701637 1.037832 0.994328 1.942961 5.991482 0.715866 -100000000000.000000
2.944182 2.263163 1.080113 4.566485 1.037832 1.389133 4.243745 5.991482 0.715866 -100000000000.000000
2.944182 2.495221 1.220908 2.928298 1.038676 1.301681 3.988217 5.991482 0.715866 -100000000000.000000
2.944182 2.942744 1.365750 3.284868 1.044189 1.081780 4.212016 5.991482 0.715866 -100000000000.000000
2.944182 2.263163 1.506545 2.984203 1.037832 1.073638 3.956489 5.991482 0.715866 -100000000000.000000
2.944182 2.263163 1.506545 3.228962 1.037832 1.309823 3.956489 5.991482 0.715866 -100000000000.000000
2.944182 2.263163 1.111736 2.701637 1.765701 1.565702 3.956489 5.446006 0.736057 -100000000000.000000
2.944182 2.263163 1.474922 2.701637 1.284873 1.081042 3.956489 5.909189 0.741188 -100000000000.000000
2.944182 2.263163 1.080113 2.701637 1.037832 1.389133 4.198690 5.991482 0.715866 -100000000000.000000
2.944182 2.263163 1.080113 2.701637 1.037832 1.389133 4.001544 5.991482 0.715866 -100000000000.000000
2.944182 3.174803 1.506545 3.511528 1.045033 0.994328 4.243745 5.991482 0.715866 -100000000000.000000
2.944182 2.263163 1.122749 2.810275 1.037832 1.073638 3.956489 5.991482 0.715866 -100000000000.000000
2.944182 3.057878 1.506545 3.420018 1.043675 0.994328 4.195500 5.991482 0.715866 -100000000000.000000
2.944182 2.380087 1.506545 2.793147 1.039190 0.994328 4.004733 5.991482 0.715866 -100000000000.000000
2.944182 2.263163 1.080113 2.701637 2.012742 1.652416 3.956489 5.363713 0.761379 -100000000000.000000
2.944182 2.263163 1.080113 2.701637 2.012742 1.652416 3.956489 5.363713 0.761379 -100000000000.000000
2.944182 2.263163 1.080113 2.701637 1.037832 1.389133 3.956489 5.991482 0.715866 -100000000000.000000
2.944182 2.263163 1.080113 2.701637 1.037832 1.389133 3.956489 5.991482 0.715866 -100000000000.000000
2.944182 2.263163 1.080113 2.701637 2.012742 1.652416 3.956489 5.363713 0.761379 -100000000000.000000
2.944182 2.263163 1.080113 2.701637 1.037832 1.389133 3.956489 5.991482 0.715866 -100000000000.000000
2.944182 3.174803 1.080113 3.511528 1.045033 0.994328 4.243745 5.991482 0.715866 -100000000000.000000
2.084853 0.394973 2.605411 3.994787 1.268479 2.543451 3.659461 5.148476 0.362056 -100000000000.000000
2.944182 2.263163 1.190298 2.810275 1.037832 1.389133 3.956489 5.991482 0.715866 -100000000000.000000
2.944182 0.394973 2.605411 2.701637 1.765701 1.301681 3.956489 5.991482 0.715866 -100000000000.000000
1.433737 2.923638 0.858526 3.263899 0.433125 1.199791 4.586519 2.177183 0.338713 -100000000000.000000
2.944182 2.514328 1.110040 2.949266 1.039377 1.346951 4.031383 5.991482 0.715866 -100000000000.000000
2.944182 2.263163 1.264870 2.701637 1.037832 1.363988 3.956489 5.991482 0.715866 -100000000000.000000
2.944182 2.263163 1.321788 2.701637 1.037832 1.019472 3.956489 5.991482 0.715866 -100000000000.000000
2.944182 3.174803 1.506545 3.511528 1.037832 0.994328 1.942961 5.991482 0.715866 -100000000000.000000
2.944182 3.174803 1.506545 4.566485 1.045033 0.994328 4.243745 5.991482 0.715866 -100000000000.000000
2.944182 2.359221 1.122749 2.865977 1.037832 1.334469 3.445850 5.991482 0.715866 -100000000000.000000
2.944182 3.078745 1.463909 4.402144 1.037832 1.048992 2.453600 5.991482 0.715866 -100000000000.000000
2.944182 0.506056 1.568306 4.629246 0.957140 1.637789 3.784684 5.991482 0.752481 -100000000000.000000
2.944182 3.174803 1.506545 3.511528 1.045033 0.994328 4.243745 5.991482 0.715866 -100000000000.000000
2.944182 2.263163 1.080113 2.701637 1.037832 1.389133 3.956489 5.991482 0.715866 2238.720000
2.944182 2.263163 1.080113 2.701637 1.037832 1.389133 4.243745 5.991482 0.715866 2220.480000
2.944182 3.174803 1.506545 4.566485 1.037832 0.994328 1.942961 5.991482 0.715866 2216.640000
2.944182 3.174803 1.506545 3.511528 1.045033 0.994328 4.243745 5.991482 0.715866 2205.120000
2.944182 3.174803 1.506545 3.511528 1.045033 0.994328 4.243745 5.991482 0.715866 2205.120000
1.964847 0.856269 1.255668 2.001936 1.037832 0.852709 2.955052 5.991482 0.345503 -100000000000.000000
2.944182 2.263163 1.080113 2.701637 2.012742 1.652416 3.956489 5.363713 0.761379 2195.520000
2.944182 2.263163 1.506545 3.511528 1.037832 1.389133 3.956489 5.991482 0.715866 2194.440000
2.944182 2.263163 1.080113 2.701637 1.037832 1.389133 3.956489 5.991482 0.715866 2190.600000
2.944182 2.263163 1.080113 2.701637 1.168289 1.433118 3.956489 5.662401 0.730859 2184.840000
2.944182 2.263163 1.506545 2.701637 1.037832 0.994328 4.243745 5.991482 0.715866 2181.520000
2.944182 2.263163 1.080113 2.701637 1.037832 1.389133 3.956489 5.991482 0.715866 2180.040000
2.944182 2.263163 1.080113 2.701637 1.037832 1.389133 3.956489 5.991482 0.715866 2179.080000
2.944182 2.263163 1.080113 2.701637 1.037832 1.389133 3.956489 5.991482 0.715866 2178.120000
3.670489 3.174803 1.506545 3.511528 1.045033 0.994328 4.243745 4.895065 1.393785 2177.160000
2.944182 2.263163 1.080113 2.701637 1.037832 1.389133 3.956489 5.991482 0.715866 2238.720000
FILLING
2.944182 3.174803 1.506545 2.701637 1.037832 0.994328 1.942961 5.991482 0.715866 1224.800000
2.944182 2.263163 1.080113 4.566485 1.037832 1.389133 4.243745 5.991482 0.715866 897.480000
2.944182 2.495221 1.220908 2.928298 1.038676 1.301681 3.988217 5.991482 0.715866 2185.800000
2.944182 2.942744 1.365750 3.284868 1.044189 1.081780 4.212016 5.991482 0.715866 2181.000000
2.944182 2.263163 1.506545 2.984203 1.037832 1.073638 3.956489 5.991482 0.715866 883.840000
2.944182 2.263163 1.506545 3.228962 1.037832 1.309823 3.956489 5.991482 0.715866 2194.440000
2.944182 2.263163 1.111736 2.701637 1.765701 1.565702 3.956489 5.446006 0.736057 886.720000
2.944182 2.263163 1.474922 2.701637 1.284873 1.081042 3.956489 5.909189 0.741188 2185.800000
2.944182 2.263163 1.080113 2.701637 1.037832 1.389133 4.198690 5.991482 0.715866 2184.840000
2.944182 2.263163 1.080113 2.701637 1.037832 1.389133 4.001544 5.991482 0.715866 759.280000
2.944182 3.174803 1.506545 3.511528 1.045033 0.994328 4.243745 5.991482 0.715866 2157.960000
2.944182 2.263163 1.122749 2.810275 1.037832 1.073638 3.956489 5.991482 0.715866 1210.200000
2.944182 3.057878 1.506545 3.420018 1.043675 0.994328 4.195500 5.991482 0.715866 813.760000
2.944182 2.380087 1.506545 2.793147 1.039190 0.994328 4.004733 5.991482 0.715866 886.720000
2.944182 2.263163 1.080113 2.701637 2.012742 1.652416 3.956489 5.363713 0.761379 812.800000
2.944182 2.263163 1.080113 2.701637 2.012742 1.652416 3.956489 5.363713 0.761379 1201.040000
2.944182 2.263163 1.080113 2.701637 1.037832 1.389133 3.956489 5.991482 0.715866 2175.240000
2.944182 2.263163 1.080113 2.701637 1.037832 1.389133 3.956489 5.991482 0.715866 909.760000
2.944182 2.263163 1.080113 2.701637 2.012742 1.652416 3.956489 5.363713 0.761379 2147.400000
2.944182 2.263163 1.080113 2.701637 1.037832 1.389133 3.956489 5.991482 0.715866 2154.120000
2.944182 3.174803 1.080113 3.511528 1.045033 0.994328 4.243745 5.991482 0.715866 816.640000
2.084853 0.394973 2.605411 3.994787 1.268479 2.543451 3.659461 5.148476 0.362056 910.720000
2.944182 2.263163 1.190298 2.810275 1.037832 1.389133 3.956489 5.991482 0.715866 772.480000
2.944182 0.394973 2.605411 2.701637 1.765701 1.301681 3.956489 5.991482 0.715866 1148.760000
1.433737 2.923638 0.858526 3.263899 0.433125 1.199791 4.586519 2.177183 0.338713 2224.720000
2.944182 2.514328 1.110040 2.949266 1.039377 1.346951 4.031383 5.991482 0.715866 2170.440000
2.944182 2.263163 1.264870 2.701637 1.037832 1.363988 3.956489 5.991482 0.715866 1221.920000
2.944182 2.263163 1.321788 2.701637 1.037832 1.019472 3.956489 5.991482 0.715866 1224.080000
2.944182 3.174803 1.506545 3.511528 1.037832 0.994328 1.942961 5.991482 0.715866 2136.840000
2.944182 3.174803 1.506545 4.566485 1.045033 0.994328 4.243745 5.991482 0.715866 684.280000
2.944182 2.359221 1.122749 2.865977 1.037832 1.334469 3.445850 5.991482 0.715866 2181.960000
2.944182 3.078745 1.463909 4.402144 1.037832 1.048992 2.453600 5.991482 0.715866 1223.840000
2.944182 0.506056 1.568306 4.629246 0.957140 1.637789 3.784684 5.991482 0.752481 1019.280000
2.944182 3.174803 1.506545 3.511528 1.045033 0.994328 4.243745 5.991482 0.715866 2123.400000
2.944182 2.263163 1.080113 2.701637 1.037832 1.389133 3.956489 5.991482 0.715866 2238.720000
2.944182 2.263163 1.080113 2.701637 1.037832 1.389133 4.243745 5.991482 0.715866 2220.480000
2.944182 3.174803 1.506545 4.566485 1.037832 0.994328 1.942961 5.991482 0.715866 2216.640000
2.944182 3.174803 1.506545 3.511528 1.045033 0.994328 4.243745 5.991482 0.715866 2205.120000
2.944182 3.174803 1.506545 3.511528 1.045033 0.994328 4.243745 5.991482 0.715866 2205.120000
1.964847 0.856269 1.255668 2.001936 1.037832 0.852709 2.955052 5.991482 0.345503 1148.760000
2.944182 2.263163 1.080113 2.701637 2.012742 1.652416 3.956489 5.363713 0.761379 2195.520000
2.944182 2.263163 1.506545 3.511528 1.037832 1.389133 3.956489 5.991482 0.715866 2194.440000
2.944182 2.263163 1.080113 2.701637 1.037832 1.389133 3.956489 5.991482 0.715866 2190.600000
2.944182 2.263163 1.080113 2.701637 1.168289 1.433118 3.956489 5.662401 0.730859 2184.840000
2.944182 2.263163 1.506545 2.701637 1.037832 0.994328 4.243745 5.991482 0.715866 2181.520000
2.944182 2.263163 1.080113 2.701637 1.037832 1.389133 3.956489 5.991482 0.715866 2180.040000
2.944182 2.263163 1.080113 2.701637 1.037832 1.389133 3.956489 5.991482 0.715866 2179.080000
2.944182 2.263163 1.080113 2.701637 1.037832 1.389133 3.956489 5.991482 0.715866 2178.120000
3.670489 3.174803 1.506545 3.511528 1.045033 0.994328 4.243745 4.895065 1.393785 2177.160000
2.944182 2.263163 1.080113 2.701637 1.037832 1.389133 3.956489 5.991482 0.715866 2238.720000
Gen 4 FITNESS 2238.720000 DIVERSITY 76.928163
 VILLAGER_LEADER F 2238.720000 2.944182 2.263163 1.080113 2.701637 1.037832 1.389133 3.956489 5.991482 0.715866 
GEN 5 NUM_GENOME 50 NUM_VILLAGE 1
1.433737 1.748212 1.561866 4.840081 0.272507 0.873857 5.467903 11.002286 0.539289 -100000000000.000000
2.944182 2.263163 0.858526 2.701637 1.037832 1.199791 3.956489 2.177183 0.715866 -100000000000.000000
2.944182 2.263163 1.080113 2.701637 1.037832 1.389133 3.956489 5.991482 0.715866 -100000000000.000000
2.944182 2.263163 1.080113 2.701637 1.037832 1.389133 3.956489 5.991482 0.715866 -100000000000.000000
1.433737 3.174803 0.858526 4.566485 1.037832 0.994328 4.586519 5.991482 0.715866 -100000000000.000000
2.944182 3.174803 0.858526 2.701637 1.037832 1.389133 4.586519 5.991482 0.730859 -100000000000.000000
2.944182 2.263163 1.175137 2.762677 1.037832 1.389133 3.956489 5.991482 0.715866 -100000000000.000000
2.944182 3.174803 1.080113 2.701637 1.043382 1.389133 3.956489 5.991482 0.715866 -100000000000.000000
2.944182 3.174803 1.506545 3.581364 1.042927 0.994328 4.112222 5.991482 0.715866 -100000000000.000000
2.944182 3.174803 1.506545 4.496649 1.039938 0.994328 2.074483 5.991482 0.715866 -100000000000.000000
2.944182 2.263163 1.080113 2.877035 1.037832 1.389133 4.586519 5.662401 0.715866 -100000000000.000000
2.944182 2.632379 1.164228 2.823706 1.037832 1.314837 3.413105 5.991482 0.715866 -100000000000.000000
2.944182 2.263163 1.080113 2.701637 1.037832 1.389133 3.956489 5.991482 0.715866 -100000000000.000000
2.944182 2.263163 1.080113 2.701637 1.037832 1.389133 3.956489 5.991482 0.715866 -100000000000.000000
2.944182 2.830613 1.403846 3.298944 1.043382 1.102658 4.197573 5.991482 0.715866 -100000000000.000000
2.944182 2.607353 1.182812 2.914221 1.039484 1.280803 4.002660 5.991482 0.715866 -100000000000.000000
2.944182 2.263163 1.506545 2.701637 1.037832 1.309823 3.956489 5.991482 0.715866 -100000000000.000000
2.944182 2.263163 1.080113 3.228962 1.037832 1.389133 3.956489 5.991482 0.715866 -100000000000.000000
2.944182 2.263163 1.262892 2.877035 1.037832 1.389133 4.139841 5.991482 0.715866 -100000000000.000000
2.944182 2.263163 1.323766 3.336130 1.037832 1.389133 4.060393 5.991482 0.715866 -100000000000.000000
2.839157 2.705845 1.374944 2.701637 0.609763 1.185823 4.243745 7.966150 0.239247 -100000000000.000000
2.944182 3.174803 1.506545 3.511528 1.037832 1.389133 3.956489 5.991482 0.715866 -100000000000.000000
2.499114 2.833107 1.823336 2.046849 1.324860 1.670473 3.636572 10.880025 1.152699 -100000000000.000000
2.944182 2.263163 1.080113 2.701637 1.037832 1.389133 3.956489 5.991482 0.715866 -100000000000.000000
2.944182 2.263163 1.080113 3.228962 1.037832 1.602857 3.956489 5.662401 0.715866 -100000000000.000000
2.944182 2.263163 1.080113 2.701637 1.284873 1.081042 3.956489 5.909189 0.715866 -100000000000.000000
3.888119 2.025185 0.880243 1.276193 0.492909 1.503082 7.139210 6.612262 0.536097 -100000000000.000000
2.944182 2.263163 1.080113 2.701637 1.037832 1.389133 3.956489 5.991482 0.715866 -100000000000.000000
2.944182 3.174803 1.080113 4.566485 1.037832 0.994328 1.942961 5.991482 0.715866 -100000000000.000000
2.944182 2.379536 1.506545 2.701637 1.240858 1.180985 4.289524 7.312322 0.538122 -100000000000.000000
3.351424 2.528773 1.163158 4.830523 0.809110 1.178113 2.635686 6.374471 0.690422 -100000000000.000000
2.944182 2.263163 1.506545 2.701637 1.037832 0.994328 4.243745 5.991482 0.715866 -100000000000.000000
2.944182 2.263163 1.080113 4.566485 1.037832 1.309823 3.956489 5.991482 0.715866 -100000000000.000000
2.944182 3.019262 1.387698 3.421109 1.188791 1.043887 4.112191 5.941141 0.736403 -100000000000.000000
2.944182 2.263163 1.561866 4.566485 1.037832 0.994328 4.198690 5.991482 0.715866 -100000000000.000000
2.944182 2.263163 1.080113 2.701637 1.037832 1.389133 3.956489 5.991482 0.715866 2238.720000
1.433737 2.923638 0.858526 3.263899 0.433125 1.199791 4.586519 2.177183 0.338713 2224.720000
2.944182 2.263163 1.080113 2.701637 1.037832 1.389133 4.243745 5.991482 0.715866 2220.480000
2.944182 1.752591 2.371947 5.456388 1.157082 0.852616 1.942961 4.472505 0.330293 -100000000000.000000
2.944182 3.174803 1.506545 3.511528 1.045033 0.994328 4.243745 5.991482 0.715866 2205.120000
2.944182 3.174803 1.506545 3.511528 1.045033 0.994328 4.243745 5.991482 0.715866 2205.120000
2.944182 2.263163 1.080113 2.701637 2.012742 1.652416 3.956489 5.363713 0.761379 2195.520000
2.944182 2.263163 1.506545 3.228962 1.037832 1.309823 3.956489 5.991482 0.715866 2194.440000
2.944182 2.263163 1.506545 3.511528 1.037832 1.389133 3.956489 5.991482 0.715866 2194.440000
2.944182 2.632379 1.080113 2.701637 1.037832 1.301681 2.074483 5.991482 0.715866 -100000000000.000000
2.944182 1.752591 1.080113 2.701637 1.188791 1.389133 4.139841 5.991482 0.715866 -100000000000.000000
2.944182 2.263163 1.474922 2.701637 1.284873 1.081042 3.956489 5.909189 0.741188 2185.800000
2.944182 2.263163 1.080113 2.701637 1.037832 1.389133 4.198690 5.991482 0.715866 2184.840000
2.944182 2.263163 1.080113 2.701637 1.168289 1.433118 3.956489 5.662401 0.730859 2184.840000
2.944182 2.263163 1.080113 2.701637 1.037832 1.389133 3.956489 5.991482 0.715866 2238.720000
FILLING
1.433737 1.748212 1.561866 4.840081 0.272507 0.873857 5.467903 11.002286 0.539289 1155.480000
2.944182 2.263163 0.858526 2.701637 1.037832 1.199791 3.956489 2.177183 0.715866 1221.720000
2.944182 2.263163 1.080113 2.701637 1.037832 1.389133 3.956489 5.991482 0.715866 1221.200000
2.944182 2.263163 1.080113 2.701637 1.037832 1.389133 3.956489 5.991482 0.715866 1146.840000
1.433737 3.174803 0.858526 4.566485 1.037832 0.994328 4.586519 5.991482 0.715866 1144.400000
2.944182 3.174803 0.858526 2.701637 1.037832 1.389133 4.586519 5.991482 0.730859 1206.560000
2.944182 2.263163 1.175137 2.762677 1.037832 1.389133 3.956489 5.991482 0.715866 1112.720000
2.944182 3.174803 1.080113 2.701637 1.043382 1.389133 3.956489 5.991482 0.715866 2117.200000
2.944182 3.174803 1.506545 3.581364 1.042927 0.994328 4.112222 5.991482 0.715866 1054.280000
2.944182 3.174803 1.506545 4.496649 1.039938 0.994328 2.074483 5.991482 0.715866 2164.680000
2.944182 2.263163 1.080113 2.877035 1.037832 1.389133 4.586519 5.662401 0.715866 2188.680000
2.944182 2.632379 1.164228 2.823706 1.037832 1.314837 3.413105 5.991482 0.715866 2157.000000
2.944182 2.263163 1.080113 2.701637 1.037832 1.389133 3.956489 5.991482 0.715866 814.720000
2.944182 2.263163 1.080113 2.701637 1.037832 1.389133 3.956489 5.991482 0.715866 908.800000
2.944182 2.830613 1.403846 3.298944 1.043382 1.102658 4.197573 5.991482 0.715866 1162.640000
2.944182 2.607353 1.182812 2.914221 1.039484 1.280803 4.002660 5.991482 0.715866 2224.320000
2.944182 2.263163 1.506545 2.701637 1.037832 1.309823 3.956489 5.991482 0.715866 2192.520000
2.944182 2.263163 1.080113 3.228962 1.037832 1.389133 3.956489 5.991482 0.715866 2197.320000
2.944182 2.263163 1.262892 2.877035 1.037832 1.389133 4.139841 5.991482 0.715866 2190.600000
2.944182 2.263163 1.323766 3.336130 1.037832 1.389133 4.060393 5.991482 0.715866 2196.360000
2.839157 2.705845 1.374944 2.701637 0.609763 1.185823 4.243745 7.966150 0.239247 1181.840000
2.944182 3.174803 1.506545 3.511528 1.037832 1.389133 3.956489 5.991482 0.715866 684.280000
2.499114 2.833107 1.823336 2.046849 1.324860 1.670473 3.636572 10.880025 1.152699 825.280000
2.944182 2.263163 1.080113 2.701637 1.037832 1.389133 3.956489 5.991482 0.715866 819.520000
2.944182 2.263163 1.080113 3.228962 1.037832 1.602857 3.956489 5.662401 0.715866 894.600000
2.944182 2.263163 1.080113 2.701637 1.284873 1.081042 3.956489 5.909189 0.715866 2185.800000
3.888119 2.025185 0.880243 1.276193 0.492909 1.503082 7.139210 6.612262 0.536097 2216.640000
2.944182 2.263163 1.080113 2.701637 1.037832 1.389133 3.956489 5.991482 0.715866 903.040000
2.944182 3.174803 1.080113 4.566485 1.037832 0.994328 1.942961 5.991482 0.715866 1202.000000
2.944182 2.379536 1.506545 2.701637 1.240858 1.180985 4.289524 7.312322 0.538122 829.120000
3.351424 2.528773 1.163158 4.830523 0.809110 1.178113 2.635686 6.374471 0.690422 898.240000
2.944182 2.263163 1.506545 2.701637 1.037832 0.994328 4.243745 5.991482 0.715866 2178.120000
2.944182 2.263163 1.080113 4.566485 1.037832 1.309823 3.956489 5.991482 0.715866 1240.400000
2.944182 3.019262 1.387698 3.421109 1.188791 1.043887 4.112191 5.941141 0.736403 2167.560000
2.944182 2.263163 1.561866 4.566485 1.037832 0.994328 4.198690 5.991482 0.715866 1245.200000
2.944182 2.263163 1.080113 2.701637 1.037832 1.389133 3.956489 5.991482 0.715866 2238.720000
1.433737 2.923638 0.858526 3.263899 0.433125 1.199791 4.586519 2.177183 0.338713 2224.720000
2.944182 2.263163 1.080113 2.701637 1.037832 1.389133 4.243745 5.991482 0.715866 2220.480000
2.944182 1.752591 2.371947 5.456388 1.157082 0.852616 1.942961 4.472505 0.330293 1204.440000
2.944182 3.174803 1.506545 3.511528 1.045033 0.994328 4.243745 5.991482 0.715866 2205.120000
2.944182 3.174803 1.506545 3.511528 1.045033 0.994328 4.243745 5.991482 0.715866 2205.120000
2.944182 2.263163 1.080113 2.701637 2.012742 1.652416 3.956489 5.363713 0.761379 2195.520000
2.944182 2.263163 1.506545 3.228962 1.037832 1.309823 3.956489 5.991482 0.715866 2194.440000
2.944182 2.263163 1.506545 3.511528 1.037832 1.389133 3.956489 5.991482 0.715866 2194.440000
2.944182 2.632379 1.080113 2.701637 1.037832 1.301681 2.074483 5.991482 0.715866 2129.160000
2.944182 1.752591 1.080113 2.701637 1.188791 1.389133 4.139841 5.991482 0.715866 2062.480000
2.944182 2.263163 1.474922 2.701637 1.284873 1.081042 3.956489 5.909189 0.741188 2185.800000
2.944182 2.263163 1.080113 2.701637 1.037832 1.389133 4.198690 5.991482 0.715866 2184.840000
2.944182 2.263163 1.080113 2.701637 1.168289 1.433118 3.956489 5.662401 0.730859 2184.840000
2.944182 2.263163 1.080113 2.701637 1.037832 1.389133 3.956489 5.991482 0.715866 2238.720000
Gen 5 FITNESS 2238.720000 DIVERSITY 96.267030
 VILLAGER_LEADER F 2238.720000 2.944182 2.263163 1.080113 2.701637 1.037832 1.389133 3.956489 5.991482 0.715866 
GEN 6 NUM_GENOME 50 NUM_VILLAGE 1
2.944182 2.263163 1.080113 3.182680 1.595539 1.464958 3.956489 5.921501 0.735636 -100000000000.000000
2.944182 3.066427 1.080113 2.701637 1.595539 1.199791 4.060393 5.991482 0.338713 -100000000000.000000
2.944182 2.923638 1.182812 3.263899 1.039484 1.199791 4.002660 5.991482 0.715866 -100000000000.000000
1.433737 2.607353 0.858526 2.914221 0.433125 1.280803 4.586519 2.177183 0.338713 -100000000000.000000
1.433737 2.263163 1.080113 2.701637 0.433125 1.199791 4.586519 2.177183 0.715866 -100000000000.000000
2.944182 2.923638 1.182812 1.276193 1.037832 1.652416 3.956489 5.991482 0.715866 -100000000000.000000
3.399264 2.150585 0.943672 1.499935 0.590509 1.449212 6.739818 6.568515 0.585286 -100000000000.000000
3.433037 2.137763 1.016684 2.477895 0.940232 1.443003 4.355881 6.035229 0.666677 -100000000000.000000
1.610245 3.066427 1.177852 3.349906 0.602340 1.101366 3.981398 2.684524 0.426007 -100000000000.000000
2.767674 3.032014 1.187219 4.410642 0.870723 1.092753 2.679604 5.484141 0.628572 -100000000000.000000
2.944182 2.411195 1.262892 3.263899 0.433125 1.389133 3.956489 5.991482 0.338713 -100000000000.000000
2.944182 2.263163 1.080113 2.701637 1.037832 1.389133 3.956489 5.991482 0.715866 -100000000000.000000
2.944182 2.263163 1.080113 2.701637 1.037832 1.389133 3.956489 5.991482 0.715866 -100000000000.000000
2.944182 0.829814 1.584210 2.701637 1.133465 0.995623 3.450826 6.340322 0.679527 -100000000000.000000
2.944182 2.652414 1.326428 3.142676 1.041514 1.206101 4.243745 5.991482 0.715866 -100000000000.000000
2.944182 2.785552 1.260230 3.070489 1.041351 1.177360 4.243745 5.991482 0.715866 -100000000000.000000
2.944182 2.785552 1.323766 3.263899 1.037832 1.389133 4.243745 6.340322 0.715866 -100000000000.000000
2.944182 2.263163 1.080113 3.336130 1.037832 1.389133 3.956489 5.991482 0.715866 -100000000000.000000
2.944182 2.263163 1.080113 2.701637 1.037832 1.389133 3.956489 5.991482 0.715866 -100000000000.000000
2.944182 2.263163 1.080113 2.701637 1.037832 1.389133 3.956489 5.991482 0.715866 -100000000000.000000
2.944182 3.026771 1.320318 3.271935 1.043829 1.079636 4.170584 5.991482 0.715866 -100000000000.000000
2.944182 2.411195 1.266340 2.941230 1.039036 1.303825 4.029650 5.991482 0.715866 -100000000000.000000
2.944182 2.292662 1.126536 2.797709 1.038184 1.355166 3.968065 5.991482 0.715866 -100000000000.000000
2.944182 2.263163 1.080113 3.263899 0.433125 1.389133 3.975673 6.340322 0.715866 -100000000000.000000
2.944182 2.263163 1.080113 3.228962 1.037832 1.389133 3.956489 5.991482 0.715866 -100000000000.000000
2.944182 2.263163 1.080113 2.701637 1.037832 1.389133 3.956489 5.991482 0.715866 -100000000000.000000
2.944182 2.437891 1.093640 2.794783 1.038238 1.364902 3.983476 5.991482 0.715866 -100000000000.000000
2.944182 2.432625 1.169285 2.821075 1.039078 1.305034 3.975673 5.991482 0.715866 -100000000000.000000
2.944182 2.263163 0.858526 2.701637 0.433125 1.389133 4.243745 2.177183 0.715866 -100000000000.000000
1.433737 2.923638 1.080113 3.263899 1.037832 1.199791 4.586519 5.991482 0.338713 -100000000000.000000
2.944182 2.923638 1.080113 2.701637 0.433125 1.199791 3.956489 2.177183 0.338713 -100000000000.000000
1.433737 2.263163 0.858526 3.263899 1.037832 1.389133 4.586519 5.991482 0.715866 -100000000000.000000
1.398414 3.440133 1.874865 4.294812 1.304445 1.389133 4.897814 1.941568 1.120770 -100000000000.000000
2.944182 2.263163 1.080113 2.701637 1.037832 1.389133 3.956489 5.991482 0.715866 -100000000000.000000
2.944182 3.032014 1.584210 2.701637 0.433125 1.364902 3.975673 5.991482 0.679527 -100000000000.000000
2.944182 2.263163 1.080113 2.701637 1.037832 1.389133 3.956489 5.991482 0.715866 2238.720000
1.433737 2.923638 0.858526 3.263899 0.433125 1.199791 4.586519 2.177183 0.338713 2224.720000
2.944182 2.607353 1.182812 2.914221 1.039484 1.280803 4.002660 5.991482 0.715866 2224.320000
5.120411 3.070911 0.699690 2.332100 1.499316 0.845867 7.896013 5.221741 0.542881 -100000000000.000000
2.944182 2.923638 1.080113 3.182680 1.037832 1.389133 3.956489 5.991482 0.666677 -100000000000.000000
2.944182 3.174803 1.506545 3.511528 1.045033 0.994328 4.243745 5.991482 0.715866 2205.120000
4.707408 2.416784 1.641931 3.511528 0.743744 0.994328 4.243745 6.434731 0.513527 -100000000000.000000
2.944182 2.263163 1.080113 3.228962 1.037832 1.389133 3.956489 5.991482 0.715866 2197.320000
2.944182 2.263163 1.323766 3.336130 1.037832 1.389133 4.060393 5.991482 0.715866 2196.360000
2.944182 2.263163 1.080113 2.701637 2.012742 1.652416 3.956489 5.363713 0.761379 2195.520000
2.944182 2.263163 1.506545 3.511528 1.037832 1.389133 3.956489 5.991482 0.715866 2194.440000
2.944182 1.137992 2.575172 3.228962 1.225626 0.520387 4.189517 4.641843 0.216821 -100000000000.000000
2.944182 2.263163 1.506545 2.701637 1.037832 1.309823 3.956489 5.991482 0.715866 2192.520000
2.944182 2.263163 1.262892 2.877035 1.037832 1.389133 4.139841 5.991482 0.715866 2190.600000
2.944182 2.263163 1.080113 2.701637 1.037832 1.389133 3.956489 5.991482 0.715866 2238.720000
FILLING
2.944182 2.263163 1.080113 3.182680 1.595539 1.464958 3.956489 5.921501 0.735636 1164.560000
2.944182 3.066427 1.080113 2.701637 1.595539 1.199791 4.060393 5.991482 0.338713 2168.200000
2.944182 2.923638 1.182812 3.263899 1.039484 1.199791 4.002660 5.991482 0.715866 901.120000
1.433737 2.607353 0.858526 2.914221 0.433125 1.280803 4.586519 2.177183 0.338713 2160.000000
1.433737 2.263163 1.080113 2.701637 0.433125 1.199791 4.586519 2.177183 0.715866 820.480000
2.944182 2.923638 1.182812 1.276193 1.037832 1.652416 3.956489 5.991482 0.715866 2098.960000
3.399264 2.150585 0.943672 1.499935 0.590509 1.449212 6.739818 6.568515 0.585286 1143.960000
3.433037 2.137763 1.016684 2.477895 0.940232 1.443003 4.355881 6.035229 0.666677 2166.600000
1.610245 3.066427 1.177852 3.349906 0.602340 1.101366 3.981398 2.684524 0.426007 2103.760000
2.767674 3.032014 1.187219 4.410642 0.870723 1.092753 2.679604 5.484141 0.628572 839.680000
2.944182 2.411195 1.262892 3.263899 0.433125 1.389133 3.956489 5.991482 0.338713 883.840000
2.944182 2.263163 1.080113 2.701637 1.037832 1.389133 3.956489 5.991482 0.715866 2181.960000
2.944182 2.263163 1.080113 2.701637 1.037832 1.389133 3.956489 5.991482 0.715866 1162.640000
2.944182 0.829814 1.584210 2.701637 1.133465 0.995623 3.450826 6.340322 0.679527 1204.440000
2.944182 2.652414 1.326428 3.142676 1.041514 1.206101 4.243745 5.991482 0.715866 2183.880000
2.944182 2.785552 1.260230 3.070489 1.041351 1.177360 4.243745 5.991482 0.715866 2156.040000
2.944182 2.785552 1.323766 3.263899 1.037832 1.389133 4.243745 6.340322 0.715866 817.600000
2.944182 2.263163 1.080113 3.336130 1.037832 1.389133 3.956489 5.991482 0.715866 856.200000
2.944182 2.263163 1.080113 2.701637 1.037832 1.389133 3.956489 5.991482 0.715866 828.160000
2.944182 2.263163 1.080113 2.701637 1.037832 1.389133 3.956489 5.991482 0.715866 811.840000
2.944182 3.026771 1.320318 3.271935 1.043829 1.079636 4.170584 5.991482 0.715866 810.880000
2.944182 2.411195 1.266340 2.941230 1.039036 1.303825 4.029650 5.991482 0.715866 1213.280000
2.944182 2.292662 1.126536 2.797709 1.038184 1.355166 3.968065 5.991482 0.715866 2192.520000
2.944182 2.263163 1.080113 3.263899 0.433125 1.389133 3.975673 6.340322 0.715866 1206.800000
2.944182 2.263163 1.080113 3.228962 1.037832 1.389133 3.956489 5.991482 0.715866 1212.320000
2.944182 2.263163 1.080113 2.701637 1.037832 1.389133 3.956489 5.991482 0.715866 809.920000
2.944182 2.437891 1.093640 2.794783 1.038238 1.364902 3.983476 5.991482 0.715866 1223.120000
2.944182 2.432625 1.169285 2.821075 1.039078 1.305034 3.975673 5.991482 0.715866 1054.280000
2.944182 2.263163 0.858526 2.701637 0.433125 1.389133 4.243745 2.177183 0.715866 1161.240000
1.433737 2.923638 1.080113 3.263899 1.037832 1.199791 4.586519 5.991482 0.338713 1196.000000
2.944182 2.923638 1.080113 2.701637 0.433125 1.199791 3.956489 2.177183 0.338713 1146.560000
1.433737 2.263163 0.858526 3.263899 1.037832 1.389133 4.586519 5.991482 0.715866 2148.480000
1.398414 3.440133 1.874865 4.294812 1.304445 1.389133 4.897814 1.941568 1.120770 888.640000
2.944182 2.263163 1.080113 2.701637 1.037832 1.389133 3.956489 5.991482 0.715866 840.640000
2.944182 3.032014 1.584210 2.701637 0.433125 1.364902 3.975673 5.991482 0.679527 1166.040000
2.944182 2.263163 1.080113 2.701637 1.037832 1.389133 3.956489 5.991482 0.715866 2238.720000
1.433737 2.923638 0.858526 3.263899 0.433125 1.199791 4.586519 2.177183 0.338713 2224.720000
2.944182 2.607353 1.182812 2.914221 1.039484 1.280803 4.002660 5.991482 0.715866 2224.320000
5.120411 3.070911 0.699690 2.332100 1.499316 0.845867 7.896013 5.221741 0.542881 2195.520000
2.944182 2.923638 1.080113 3.182680 1.037832 1.389133 3.956489 5.991482 0.666677 818.560000
2.944182 3.174803 1.506545 3.511528 1.045033 0.994328 4.243745 5.991482 0.715866 2205.120000
4.707408 2.416784 1.641931 3.511528 0.743744 0.994328 4.243745 6.434731 0.513527 1154.520000
2.944182 2.263163 1.080113 3.228962 1.037832 1.389133 3.956489 5.991482 0.715866 2197.320000
2.944182 2.263163 1.323766 3.336130 1.037832 1.389133 4.060393 5.991482 0.715866 2196.360000
2.944182 2.263163 1.080113 2.701637 2.012742 1.652416 3.956489 5.363713 0.761379 2195.520000
2.944182 2.263163 1.506545 3.511528 1.037832 1.389133 3.956489 5.991482 0.715866 2194.440000
2.944182 1.137992 2.575172 3.228962 1.225626 0.520387 4.189517 4.641843 0.216821 1159.320000
2.944182 2.263163 1.506545 2.701637 1.037832 1.309823 3.956489 5.991482 0.715866 2192.520000
2.944182 2.263163 1.262892 2.877035 1.037832 1.389133 4.139841 5.991482 0.715866 2190.600000
2.944182 2.263163 1.080113 2.701637 1.037832 1.389133 3.956489 5.991482 0.715866 2238.720000
Gen 6 FITNESS 2238.720000 DIVERSITY 100.728952
 VILLAGER_LEADER F 2238.720000 2.944182 2.263163 1.080113 2.701637 1.037832 1.389133 3.956489 5.991482 0.715866 
GEN 7 NUM_GENOME 50 NUM_VILLAGE 1
2.944182 2.263163 1.506545 3.511528 1.037832 0.994328 4.243745 5.991482 0.715866 -100000000000.000000
2.944182 3.174803 1.506545 3.511528 1.045033 1.389133 3.956489 5.991482 0.715866 -100000000000.000000
2.944182 2.263163 1.080113 2.816916 1.037832 1.389133 3.956489 5.991482 0.715866 -100000000000.000000
2.944182 2.263163 1.080113 3.113683 1.037832 1.389133 3.956489 5.991482 0.715866 -100000000000.000000
2.944182 2.263163 1.080113 2.701637 1.037832 1.389133 3.956489 5.991482 0.715866 -100000000000.000000
2.944182 2.263163 1.080113 2.701637 1.037832 1.389133 3.956489 5.991482 0.715866 -100000000000.000000
1.433737 2.263163 1.506545 3.511528 1.037832 1.199791 3.956489 2.177183 0.338713 -100000000000.000000
2.944182 2.923638 0.858526 3.263899 0.433125 1.389133 4.586519 5.991482 0.715866 -100000000000.000000
2.944182 2.263163 1.095640 2.734577 1.037832 1.389133 4.005317 5.991482 0.715866 -100000000000.000000
2.944182 2.263163 1.308239 3.303190 1.037832 1.389133 4.011565 5.991482 0.715866 -100000000000.000000
2.944182 3.075288 1.401330 3.478288 1.044489 1.143339 4.228578 5.991482 0.715866 -100000000000.000000
2.944182 2.362678 1.185328 3.262202 1.038376 1.240122 3.971656 5.991482 0.715866 -100000000000.000000
2.944182 2.441221 1.273325 3.195901 1.038240 1.349169 4.050559 5.991482 0.715866 -100000000000.000000
2.944182 2.429295 1.233253 3.054450 1.039076 1.320767 4.012494 5.991482 0.715866 -100000000000.000000
2.944182 2.263163 1.323766 2.701637 1.037832 1.389133 4.060393 5.991482 0.715866 -100000000000.000000
2.944182 2.263163 1.080113 3.336130 1.037832 1.389133 3.956489 5.991482 0.715866 -100000000000.000000
2.944182 2.263163 1.080113 2.797709 1.037832 1.389133 3.968065 5.991482 0.715866 -100000000000.000000
2.944182 2.292662 1.126536 2.701637 1.038184 1.355166 3.956489 5.991482 0.715866 -100000000000.000000
1.433737 2.263163 0.858526 2.701637 0.433125 1.389133 3.956489 2.177183 0.715866 -100000000000.000000
2.944182 2.923638 1.080113 3.263899 1.037832 1.199791 4.586519 5.991482 0.338713 -100000000000.000000
2.944182 2.263163 1.080113 2.701637 1.037832 1.389133 3.956489 5.991482 0.715866 -100000000000.000000
2.944182 2.263163 1.080113 2.701637 1.037832 1.389133 3.956489 5.991482 0.715866 -100000000000.000000
2.944182 2.263163 1.080113 2.701637 1.037832 1.389133 3.956489 5.991482 0.715866 -100000000000.000000
2.944182 2.263163 1.080113 2.701637 1.037832 1.389133 3.956489 5.991482 0.715866 -100000000000.000000
2.944182 2.344700 1.086609 2.747253 1.038387 1.376518 3.976972 5.991482 0.715866 -100000000000.000000
2.944182 2.525816 1.176316 2.868605 1.038929 1.293418 3.982177 5.991482 0.715866 -100000000000.000000
2.109964 2.713184 1.242366 3.200504 0.889076 1.205151 4.298369 5.772568 0.611133 -100000000000.000000
2.267955 2.862868 0.942588 3.206071 0.585563 1.200741 4.531895 2.396097 0.443446 -100000000000.000000
2.944182 2.263163 1.080113 2.701637 1.037832 1.389133 3.956489 5.363713 0.715866 -100000000000.000000
2.944182 2.263163 1.080113 2.701637 2.012742 1.652416 3.956489 5.991482 0.761379 -100000000000.000000
2.944182 3.029660 1.409452 3.393241 1.547027 1.185423 4.215235 5.677575 0.726625 -100000000000.000000
2.944182 2.263163 1.080113 2.701637 1.037832 1.185423 4.586519 5.991482 0.338713 -100000000000.000000
1.388976 1.502032 1.150902 2.701637 0.534160 1.309108 2.152480 3.014633 0.320580 -100000000000.000000
2.944182 2.923638 1.080113 3.263899 1.037832 1.389133 3.956489 5.991482 0.715866 -100000000000.000000
2.944182 2.263163 1.080113 2.701637 1.037832 1.389133 3.956489 5.991482 0.715866 2238.720000
2.944182 2.263163 1.080113 2.701637 1.037832 1.389133 3.956489 5.991482 0.715866 2238.720000
1.433737 2.923638 0.858526 3.263899 0.433125 1.199791 4.586519 2.177183 0.338713 2224.720000
2.944182 2.607353 1.182812 2.914221 1.039484 1.280803 4.002660 5.991482 0.715866 2224.320000
2.944182 3.174803 1.506545 3.511528 1.045033 0.994328 4.243745 5.991482 0.715866 2205.120000
2.944182 2.263163 1.080113 3.228962 1.037832 1.389133 3.956489 5.991482 0.715866 2197.320000
2.944182 2.263163 1.323766 3.336130 1.037832 1.389133 4.060393 5.991482 0.715866 2196.360000
2.944182 2.263163 1.080113 2.701637 2.012742 1.652416 3.956489 5.363713 0.761379 2195.520000
2.944182 2.263163 1.080113 3.206071 1.037832 1.389133 3.956489 5.991482 0.715866 -100000000000.000000
2.944182 2.263163 1.506545 3.511528 1.037832 1.389133 3.956489 5.991482 0.715866 2194.440000
2.944182 2.263163 1.506545 2.701637 1.037832 1.309823 3.956489 5.991482 0.715866 2192.520000
1.433737 3.075288 1.262892 2.701637 1.044489 1.389133 3.976972 5.991482 0.715866 -100000000000.000000
2.944182 2.263163 1.262892 2.877035 1.037832 1.389133 4.139841 5.991482 0.715866 2190.600000
4.494881 3.858687 1.711571 3.422677 1.611781 1.484450 3.040284 8.671457 0.559691 -100000000000.000000
2.944182 2.263163 1.080113 2.701637 1.037832 1.389133 3.956489 5.991482 0.715866 2181.960000
2.944182 2.263163 1.080113 2.701637 1.037832 1.389133 3.956489 5.991482 0.715866 2238.720000
FILLING
2.944182 2.263163 1.506545 3.511528 1.037832 0.994328 4.243745 5.991482 0.715866 1236.560000
2.944182 3.174803 1.506545 3.511528 1.045033 1.389133 3.956489 5.991482 0.715866 2127.240000
2.944182 2.263163 1.080113 2.816916 1.037832 1.389133 3.956489 5.991482 0.715866 2185.800000
2.944182 2.263163 1.080113 3.113683 1.037832 1.389133 3.956489 5.991482 0.715866 916.480000
2.944182 2.263163 1.080113 2.701637 1.037832 1.389133 3.956489 5.991482 0.715866 1215.960000
2.944182 2.263163 1.080113 2.701637 1.037832 1.389133 3.956489 5.991482 0.715866 2185.800000
1.433737 2.263163 1.506545 3.511528 1.037832 1.199791 3.956489 2.177183 0.338713 837.760000
2.944182 2.923638 0.858526 3.263899 0.433125 1.389133 4.586519 5.991482 0.715866 2169.480000
2.944182 2.263163 1.095640 2.734577 1.037832 1.389133 4.005317 5.991482 0.715866 2184.840000
2.944182 2.263163 1.308239 3.303190 1.037832 1.389133 4.011565 5.991482 0.715866 864.840000
2.944182 3.075288 1.401330 3.478288 1.044489 1.143339 4.228578 5.991482 0.715866 2210.880000
2.944182 2.362678 1.185328 3.262202 1.038376 1.240122 3.971656 5.991482 0.715866 1150.680000
2.944182 2.441221 1.273325 3.195901 1.038240 1.349169 4.050559 5.991482 0.715866 1108.560000
2.944182 2.429295 1.233253 3.054450 1.039076 1.320767 4.012494 5.991482 0.715866 2179.080000
2.944182 2.263163 1.323766 2.701637 1.037832 1.389133 4.060393 5.991482 0.715866 2191.560000
2.944182 2.263163 1.080113 3.336130 1.037832 1.389133 3.956489 5.991482 0.715866 1220.240000
2.944182 2.263163 1.080113 2.797709 1.037832 1.389133 3.968065 5.991482 0.715866 1226.960000
2.944182 2.292662 1.126536 2.701637 1.038184 1.355166 3.956489 5.991482 0.715866 1175.840000
1.433737 2.263163 0.858526 2.701637 0.433125 1.389133 3.956489 2.177183 0.715866 1173.200000
2.944182 2.923638 1.080113 3.263899 1.037832 1.199791 4.586519 5.991482 0.338713 2202.240000
2.944182 2.263163 1.080113 2.701637 1.037832 1.389133 3.956489 5.991482 0.715866 2167.560000
2.944182 2.263163 1.080113 2.701637 1.037832 1.389133 3.956489 5.991482 0.715866 910.720000
2.944182 2.263163 1.080113 2.701637 1.037832 1.389133 3.956489 5.991482 0.715866 1184.480000
2.944182 2.263163 1.080113 2.701637 1.037832 1.389133 3.956489 5.991482 0.715866 865.800000
2.944182 2.344700 1.086609 2.747253 1.038387 1.376518 3.976972 5.991482 0.715866 2147.400000
2.944182 2.525816 1.176316 2.868605 1.038929 1.293418 3.982177 5.991482 0.715866 2139.280000
2.109964 2.713184 1.242366 3.200504 0.889076 1.205151 4.298369 5.772568 0.611133 2175.360000
2.267955 2.862868 0.942588 3.206071 0.585563 1.200741 4.531895 2.396097 0.443446 815.680000
2.944182 2.263163 1.080113 2.701637 1.037832 1.389133 3.956489 5.363713 0.715866 827.200000
2.944182 2.263163 1.080113 2.701637 2.012742 1.652416 3.956489 5.991482 0.761379 815.680000
2.944182 3.029660 1.409452 3.393241 1.547027 1.185423 4.215235 5.677575 0.726625 2182.080000
2.944182 2.263163 1.080113 2.701637 1.037832 1.185423 4.586519 5.991482 0.338713 1222.160000
1.388976 1.502032 1.150902 2.701637 0.534160 1.309108 2.152480 3.014633 0.320580 858.880000
2.944182 2.923638 1.080113 3.263899 1.037832 1.389133 3.956489 5.991482 0.715866 833.920000
2.944182 2.263163 1.080113 2.701637 1.037832 1.389133 3.956489 5.991482 0.715866 2238.720000
2.944182 2.263163 1.080113 2.701637 1.037832 1.389133 3.956489 5.991482 0.715866 2238.720000
1.433737 2.923638 0.858526 3.263899 0.433125 1.199791 4.586519 2.177183 0.338713 2224.720000
2.944182 2.607353 1.182812 2.914221 1.039484 1.280803 4.002660 5.991482 0.715866 2224.320000
2.944182 3.174803 1.506545 3.511528 1.045033 0.994328 4.243745 5.991482 0.715866 2205.120000
2.944182 2.263163 1.080113 3.228962 1.037832 1.389133 3.956489 5.991482 0.715866 2197.320000
2.944182 2.263163 1.323766 3.336130 1.037832 1.389133 4.060393 5.991482 0.715866 2196.360000
2.944182 2.263163 1.080113 2.701637 2.012742 1.652416 3.956489 5.363713 0.761379 2195.520000
2.944182 2.263163 1.080113 3.206071 1.037832 1.389133 3.956489 5.991482 0.715866 2154.120000
2.944182 2.263163 1.506545 3.511528 1.037832 1.389133 3.956489 5.991482 0.715866 2194.440000
2.944182 2.263163 1.506545 2.701637 1.037832 1.309823 3.956489 5.991482 0.715866 2192.520000
1.433737 3.075288 1.262892 2.701637 1.044489 1.389133 3.976972 5.991482 0.715866 1201.760000
2.944182 2.263163 1.262892 2.877035 1.037832 1.389133 4.139841 5.991482 0.715866 2190.600000
4.494881 3.858687 1.711571 3.422677 1.611781 1.484450 3.040284 8.671457 0.559691 815.680000
2.944182 2.263163 1.080113 2.701637 1.037832 1.389133 3.956489 5.991482 0.715866 2181.960000
2.944182 2.263163 1.080113 2.701637 1.037832 1.389133 3.956489 5.991482 0.715866 2238.720000
Gen 7 FITNESS 2238.720000 DIVERSITY 69.246892
 VILLAGER_LEADER F 2238.720000 2.944182 2.263163 1.080113 2.701637 1.037832 1.389133 3.956489 5.991482 0.715866 
GEN 8 NUM_GENOME 50 NUM_VILLAGE 1
2.944182 2.263163 1.080113 3.336130 2.012742 1.389133 4.586519 5.991482 0.715866 -100000000000.000000
1.626379 2.798377 1.041318 3.195730 0.522314 1.220148 4.492513 3.266948 0.440049 -100000000000.000000
2.944182 2.923638 1.506545 2.701637 0.433125 1.389133 4.586519 5.991482 0.715866 -100000000000.000000
2.944182 2.263163 1.080113 3.478288 1.037832 1.389133 3.956489 5.991482 0.715866 -100000000000.000000
2.944182 2.564247 1.145237 2.862339 1.039339 1.305570 3.988872 5.991482 0.715866 -100000000000.000000
2.944182 2.306269 1.117688 2.753519 1.037977 1.364366 3.970277 5.991482 0.715866 -100000000000.000000
2.944182 2.263163 1.080113 2.914221 1.039484 1.280803 3.956489 5.991482 0.715866 -100000000000.000000
2.944182 2.607353 1.182812 2.701637 1.037832 1.389133 4.002660 5.991482 0.715866 -100000000000.000000
2.944182 3.075288 1.080113 2.701637 1.044489 1.389133 4.228578 5.991482 0.715866 -100000000000.000000
2.944182 2.263163 1.401330 3.478288 1.037832 1.143339 3.956489 5.991482 0.715866 -100000000000.000000
2.944182 2.263163 1.080113 2.701637 1.037832 1.389133 3.956489 5.991482 0.715866 -100000000000.000000
2.944182 2.263163 1.080113 2.701637 1.037832 1.389133 3.956489 5.991482 0.715866 -100000000000.000000
2.944182 2.693235 1.199315 2.762507 1.038522 1.358129 4.075662 5.991482 0.715866 -100000000000.000000
2.944182 2.645216 1.282128 3.417418 1.043799 1.174343 4.109405 5.991482 0.715866 -100000000000.000000
2.944182 2.263163 1.080113 2.701637 2.012742 1.652416 3.956489 5.991482 0.715866 -100000000000.000000
2.944182 2.263163 1.080113 2.701637 1.037832 1.389133 3.956489 5.363713 0.761379 -100000000000.000000
1.470418 1.520859 1.258054 1.081936 1.453022 0.326727 3.344023 5.991482 0.715866 -100000000000.000000
2.944182 2.263163 1.080113 2.701637 1.037832 1.389133 3.956489 5.991482 0.715866 -100000000000.000000
2.256969 4.845580 1.301093 3.104170 0.624309 2.071041 7.304053 4.156784 0.641763 -100000000000.000000
2.333182 2.561982 0.921246 3.182883 0.514346 1.215650 4.319098 2.532613 0.382201 -100000000000.000000
2.944182 2.263163 1.080113 2.701637 1.037832 1.389133 3.956489 5.991482 0.715866 -100000000000.000000
2.944182 2.263163 1.080113 2.701637 1.037832 1.389133 3.956489 5.991482 0.715866 -100000000000.000000
3.403364 2.263163 0.709229 2.701637 1.037832 1.389133 5.789575 5.461656 0.132018 -100000000000.000000
2.944182 2.263163 1.080113 2.701637 1.037832 1.389133 3.956489 5.991482 0.715866 -100000000000.000000
2.944182 2.263163 0.858526 3.263899 0.433125 1.389133 4.586519 5.991482 0.338713 -100000000000.000000
1.433737 2.923638 1.080113 2.701637 1.037832 1.199791 3.956489 2.177183 0.715866 -100000000000.000000
2.944182 2.263163 1.080113 2.701637 1.037832 1.389133 3.956489 5.991482 0.715866 -100000000000.000000
2.944182 2.263163 1.080113 2.701637 1.037832 1.389133 3.956489 5.991482 0.715866 -100000000000.000000
2.944182 2.263163 1.080113 3.336130 1.037832 1.389133 4.060393 5.991482 0.715866 -100000000000.000000
2.944182 2.263163 1.323766 2.701637 1.037832 1.389133 3.956489 5.991482 0.715866 -100000000000.000000
2.944182 2.263163 1.080113 2.701637 1.190184 1.462008 3.956489 5.702826 0.724140 -100000000000.000000
2.944182 2.263163 1.080113 2.701637 1.860390 1.579541 3.956489 5.652369 0.753105 -100000000000.000000
2.944182 2.263163 1.506545 2.701637 1.037832 1.389133 3.956489 5.991482 0.715866 -100000000000.000000
2.944182 2.263163 1.080113 3.511528 1.037832 1.389133 3.956489 5.991482 0.715866 -100000000000.000000
2.944182 2.263163 1.182812 2.877035 1.037832 1.389133 4.586519 5.991482 0.715866 -100000000000.000000
2.944182 2.263163 1.080113 2.701637 1.037832 1.389133 3.956489 5.991482 0.715866 2238.720000
2.944182 2.263163 1.080113 2.701637 1.037832 1.389133 3.956489 5.991482 0.715866 2238.720000
1.433737 2.923638 0.858526 3.263899 0.433125 1.199791 4.586519 2.177183 0.338713 2224.720000
2.944182 2.607353 1.182812 2.914221 1.039484 1.280803 4.002660 5.991482 0.715866 2224.320000
2.944182 3.075288 1.401330 3.478288 1.044489 1.143339 4.228578 5.991482 0.715866 2210.880000
2.944182 3.174803 1.506545 3.511528 1.045033 0.994328 4.243745 5.991482 0.715866 2205.120000
2.944182 2.923638 1.080113 3.263899 1.037832 1.199791 4.586519 5.991482 0.338713 2202.240000
2.944182 2.263163 1.080113 3.228962 1.037832 1.389133 3.956489 5.991482 0.715866 2197.320000
2.944182 2.263163 1.323766 3.336130 1.037832 1.389133 4.060393 5.991482 0.715866 2196.360000
2.944182 2.263163 1.080113 2.701637 2.012742 1.652416 3.956489 5.363713 0.761379 2195.520000
2.658406 3.313066 1.079647 4.743136 1.204728 0.146748 4.781934 3.576611 0.775206 -100000000000.000000
2.944182 2.263163 1.506545 2.701637 1.037832 1.309823 3.956489 5.991482 0.715866 2192.520000
2.944182 2.263163 1.323766 2.701637 1.037832 1.389133 4.060393 5.991482 0.715866 2191.560000
2.944182 2.263163 1.262892 2.877035 1.037832 1.389133 4.139841 5.991482 0.715866 2190.600000
2.944182 2.263163 1.080113 2.701637 1.037832 1.389133 3.956489 5.991482 0.715866 2238.720000
FILLING
2.944182 2.263163 1.080113 3.336130 2.012742 1.389133 4.586519 5.991482 0.715866 824.320000
1.626379 2.798377 1.041318 3.195730 0.522314 1.220148 4.492513 3.266948 0.440049 2104.200000
2.944182 2.923638 1.506545 2.701637 0.433125 1.389133 4.586519 5.991482 0.715866 875.200000
2.944182 2.263163 1.080113 3.478288 1.037832 1.389133 3.956489 5.991482 0.715866 888.640000
2.944182 2.564247 1.145237 2.862339 1.039339 1.305570 3.988872 5.991482 0.715866 2178.120000
2.944182 2.306269 1.117688 2.753519 1.037977 1.364366 3.970277 5.991482 0.715866 2224.320000
2.944182 2.263163 1.080113 2.914221 1.039484 1.280803 3.956489 5.991482 0.715866 813.760000
2.944182 2.607353 1.182812 2.701637 1.037832 1.389133 4.002660 5.991482 0.715866 1226.520000
2.944182 3.075288 1.080113 2.701637 1.044489 1.389133 4.228578 5.991482 0.715866 913.600000
2.944182 2.263163 1.401330 3.478288 1.037832 1.143339 3.956489 5.991482 0.715866 1223.640000
2.944182 2.263163 1.080113 2.701637 1.037832 1.389133 3.956489 5.991482 0.715866 890.560000
2.944182 2.263163 1.080113 2.701637 1.037832 1.389133 3.956489 5.991482 0.715866 2164.680000
2.944182 2.693235 1.199315 2.762507 1.038522 1.358129 4.075662 5.991482 0.715866 1207.760000
2.944182 2.645216 1.282128 3.417418 1.043799 1.174343 4.109405 5.991482 0.715866 1179.480000
2.944182 2.263163 1.080113 2.701637 2.012742 1.652416 3.956489 5.991482 0.715866 1206.800000
2.944182 2.263163 1.080113 2.701637 1.037832 1.389133 3.956489 5.363713 0.761379 808.960000
1.470418 1.520859 1.258054 1.081936 1.453022 0.326727 3.344023 5.991482 0.715866 2197.440000
2.944182 2.263163 1.080113 2.701637 1.037832 1.389133 3.956489 5.991482 0.715866 2185.800000
2.256969 4.845580 1.301093 3.104170 0.624309 2.071041 7.304053 4.156784 0.641763 813.760000
2.333182 2.561982 0.921246 3.182883 0.514346 1.215650 4.319098 2.532613 0.382201 2215.680000
2.944182 2.263163 1.080113 2.701637 1.037832 1.389133 3.956489 5.991482 0.715866 2212.800000
2.944182 2.263163 1.080113 2.701637 1.037832 1.389133 3.956489 5.991482 0.715866 2220.480000
3.403364 2.263163 0.709229 2.701637 1.037832 1.389133 5.789575 5.461656 0.132018 1191.200000
2.944182 2.263163 1.080113 2.701637 1.037832 1.389133 3.956489 5.991482 0.715866 1186.640000
2.944182 2.263163 0.858526 3.263899 0.433125 1.389133 4.586519 5.991482 0.338713 895.360000
1.433737 2.923638 1.080113 2.701637 1.037832 1.199791 3.956489 2.177183 0.715866 1140.240000
2.944182 2.263163 1.080113 2.701637 1.037832 1.389133 3.956489 5.991482 0.715866 2173.320000
2.944182 2.263163 1.080113 2.701637 1.037832 1.389133 3.956489 5.991482 0.715866 886.720000
2.944182 2.263163 1.080113 3.336130 1.037832 1.389133 4.060393 5.991482 0.715866 811.840000
2.944182 2.263163 1.323766 2.701637 1.037832 1.389133 3.956489 5.991482 0.715866 1199.640000
2.944182 2.263163 1.080113 2.701637 1.190184 1.462008 3.956489 5.702826 0.724140 2181.960000
2.944182 2.263163 1.080113 2.701637 1.860390 1.579541 3.956489 5.652369 0.753105 2156.040000
2.944182 2.263163 1.506545 2.701637 1.037832 1.389133 3.956489 5.991482 0.715866 812.800000
2.944182 2.263163 1.080113 3.511528 1.037832 1.389133 3.956489 5.991482 0.715866 2194.440000
2.944182 2.263163 1.182812 2.877035 1.037832 1.389133 4.586519 5.991482 0.715866 2181.960000
2.944182 2.263163 1.080113 2.701637 1.037832 1.389133 3.956489 5.991482 0.715866 2238.720000
2.944182 2.263163 1.080113 2.701637 1.037832 1.389133 3.956489 5.991482 0.715866 2238.720000
1.433737 2.923638 0.858526 3.263899 0.433125 1.199791 4.586519 2.177183 0.338713 2224.720000
2.944182 2.607353 1.182812 2.914221 1.039484 1.280803 4.002660 5.991482 0.715866 2224.320000
2.944182 3.075288 1.401330 3.478288 1.044489 1.143339 4.228578 5.991482 0.715866 2210.880000
2.944182 3.174803 1.506545 3.511528 1.045033 0.994328 4.243745 5.991482 0.715866 2205.120000
2.944182 2.923638 1.080113 3.263899 1.037832 1.199791 4.586519 5.991482 0.338713 2202.240000
2.944182 2.263163 1.080113 3.228962 1.037832 1.389133 3.956489 5.991482 0.715866 2197.320000
2.944182 2.263163 1.323766 3.336130 1.037832 1.389133 4.060393 5.991482 0.715866 2196.360000
2.944182 2.263163 1.080113 2.701637 2.012742 1.652416 3.956489 5.363713 0.761379 2195.520000
2.658406 3.313066 1.079647 4.743136 1.204728 0.146748 4.781934 3.576611 0.775206 1049.040000
2.944182 2.263163 1.506545 2.701637 1.037832 1.309823 3.956489 5.991482 0.715866 2192.520000
2.944182 2.263163 1.323766 2.701637 1.037832 1.389133 4.060393 5.991482 0.715866 2191.560000
2.944182 2.263163 1.262892 2.877035 1.037832 1.389133 4.139841 5.991482 0.715866 2190.600000
2.944182 2.263163 1.080113 2.701637 1.037832 1.389133 3.956489 5.991482 0.715866 2238.720000
Gen 8 FITNESS 2238.720000 DIVERSITY 74.508107
 VILLAGER_LEADER F 2238.720000 2.944182 2.263163 1.080113 2.701637 1.037832 1.389133 3.956489 5.991482 0.715866 
GEN 9 NUM_GENOME 50 NUM_VILLAGE 1
2.643411 2.991030 1.823418 3.143791 0.690379 1.389133 5.976352 11.044064 0.553729 -100000000000.000000
2.944182 2.263163 1.080113 2.701637 1.037832 1.389133 3.956489 5.991482 0.715866 -100000000000.000000
2.944182 2.263163 1.080113 2.701637 1.037832 1.389133 3.956489 5.991482 0.715866 -100000000000.000000
2.944182 2.263163 1.080113 2.701637 1.037832 1.389133 3.956489 5.991482 0.715866 -100000000000.000000
2.944182 2.263163 1.080113 2.701637 1.037832 1.389133 3.956489 5.991482 0.715866 -100000000000.000000
2.944182 2.263163 1.080113 2.701637 1.037832 1.389133 3.956489 5.991482 0.715866 -100000000000.000000
1.433737 2.923638 0.858526 3.263899 0.433125 1.199791 4.586519 2.177183 0.338713 -100000000000.000000
1.433737 2.923638 0.858526 3.263899 0.433125 1.199791 4.586519 2.177183 0.338713 -100000000000.000000
2.944182 2.438585 1.132399 2.762953 1.038251 1.375040 3.965728 5.991482 0.715866 -100000000000.000000
2.944182 2.431931 1.130526 2.852905 1.039065 1.294896 3.993421 5.991482 0.715866 -100000000000.000000
2.333182 2.263163 0.921246 2.701637 2.012742 1.215650 3.956489 5.363713 0.761379 -100000000000.000000
2.944182 2.561982 1.080113 3.182883 0.514346 1.652416 4.319098 2.532613 0.382201 -100000000000.000000
2.854172 2.278156 0.990693 2.748780 0.964604 1.357611 4.050726 5.105078 0.619360 -100000000000.000000
2.423192 2.546989 1.010666 3.135741 0.587574 1.247173 4.224861 3.419018 0.478707 -100000000000.000000
1.433737 2.923638 0.858526 3.263899 0.433125 1.199791 4.586519 2.177183 0.338713 -100000000000.000000
2.944182 2.263163 1.080113 2.701637 1.037832 1.389133 3.993421 2.177183 0.715866 -100000000000.000000
2.944182 2.263163 1.080113 2.701637 1.037832 1.389133 3.956489 5.991482 0.715866 -100000000000.000000
2.944182 2.263163 1.080113 2.701637 1.037832 1.389133 3.956489 5.991482 0.715866 -100000000000.000000
2.944182 2.263163 1.080113 2.701637 0.514346 1.215650 4.319098 2.532613 0.715866 -100000000000.000000
2.333182 2.561982 0.921246 3.182883 1.037832 1.389133 3.956489 5.991482 0.382201 -100000000000.000000
2.944182 2.263163 1.080113 2.701637 1.037832 1.389133 3.956489 5.991482 0.715866 -100000000000.000000
2.944182 2.263163 1.080113 2.701637 1.037832 1.389133 3.956489 5.991482 0.715866 -100000000000.000000
2.944182 2.263163 1.080113 2.701637 1.037832 1.389133 3.956489 5.991482 0.715866 -100000000000.000000
2.944182 2.263163 1.080113 2.701637 1.037832 1.389133 3.956489 5.991482 0.715866 -100000000000.000000
2.944182 2.263163 1.323766 2.701637 1.037832 1.389133 4.060393 5.991482 0.715866 -100000000000.000000
2.944182 2.263163 1.080113 3.336130 1.037832 1.389133 3.956489 5.991482 0.715866 -100000000000.000000
2.944182 2.263163 1.080113 2.701637 1.037832 1.389133 3.956489 5.991482 0.715866 -100000000000.000000
2.944182 2.263163 1.080113 2.701637 1.037832 1.389133 3.956489 5.991482 0.715866 -100000000000.000000
2.944182 2.263163 1.080113 2.701637 1.037832 1.389133 3.956489 5.991482 0.715866 -100000000000.000000
2.944182 2.263163 1.080113 2.701637 1.037832 1.389133 3.956489 5.991482 0.715866 -100000000000.000000
2.944182 2.385853 1.097076 3.065566 1.039333 1.310796 4.025888 5.991482 0.715866 -100000000000.000000
2.944182 2.952598 1.384367 3.114359 1.042988 1.221676 4.159179 5.991482 0.715866 -100000000000.000000
2.944182 2.263163 1.080113 2.701637 1.037832 1.389133 3.956489 5.991482 0.715866 -100000000000.000000
2.944182 2.263163 1.080113 2.701637 1.037832 1.389133 3.956489 5.991482 0.715866 -100000000000.000000
2.944182 2.263163 1.080113 2.701637 1.037832 1.389133 3.956489 5.991482 0.715866 2238.720000
2.944182 2.263163 1.080113 2.701637 1.037832 1.389133 3.956489 5.991482 0.715866 2238.720000
2.944182 2.263163 1.080113 2.701637 1.037832 1.389133 3.956489 5.991482 0.715866 2238.720000
1.433737 2.923638 0.858526 3.263899 0.433125 1.199791 4.586519 2.177183 0.338713 2224.720000
2.706220 3.962118 1.119990 3.568249 1.083799 1.599173 4.616236 9.578794 0.521476 -100000000000.000000
2.944182 2.306269 1.117688 2.753519 1.037977 1.364366 3.970277 5.991482 0.715866 2224.320000
2.944182 2.263163 1.080113 2.701637 1.037832 1.389133 3.956489 5.991482 0.715866 2220.480000
1.470418 2.263163 1.080113 2.701637 1.037832 1.652416 3.956489 2.177183 0.715866 -100000000000.000000
1.050534 2.690974 0.863255 1.894851 1.231404 1.504644 3.003635 1.133812 0.923487 -100000000000.000000
2.650846 1.123410 1.108089 3.478288 0.818133 1.441916 4.510622 2.802288 0.430137 -100000000000.000000
2.944182 3.174803 1.506545 3.511528 1.045033 0.994328 4.243745 5.991482 0.715866 2205.120000
2.944182 2.923638 1.080113 3.263899 1.037832 1.199791 4.586519 5.991482 0.338713 2202.240000
1.470418 1.520859 1.258054 1.081936 1.453022 0.326727 3.344023 5.991482 0.715866 2197.440000
2.944182 2.263163 1.080113 3.228962 1.037832 1.389133 3.956489 5.991482 0.715866 2197.320000
2.944182 2.263163 1.323766 3.336130 1.037832 1.389133 4.060393 5.991482 0.715866 2196.360000
2.944182 2.263163 1.080113 2.701637 1.037832 1.389133 3.956489 5.991482 0.715866 2238.720000
FILLING
2.643411 2.991030 1.823418 3.143791 0.690379 1.389133 5.976352 11.044064 0.553729 1054.280000
2.944182 2.263163 1.080113 2.701637 1.037832 1.389133 3.956489 5.991482 0.715866 2176.200000
2.944182 2.263163 1.080113 2.701637 1.037832 1.389133 3.956489 5.991482 0.715866 919.360000
2.944182 2.263163 1.080113 2.701637 1.037832 1.389133 3.956489 5.991482 0.715866 903.040000
2.944182 2.263163 1.080113 2.701637 1.037832 1.389133 3.956489 5.991482 0.715866 684.280000
2.944182 2.263163 1.080113 2.701637 1.037832 1.389133 3.956489 5.991482 0.715866 812.800000
1.433737 2.923638 0.858526 3.263899 0.433125 1.199791 4.586519 2.177183 0.338713 1164.120000
1.433737 2.923638 0.858526 3.263899 0.433125 1.199791 4.586519 2.177183 0.338713 1054.280000
2.944182 2.438585 1.132399 2.762953 1.038251 1.375040 3.965728 5.991482 0.715866 2181.960000
2.944182 2.431931 1.130526 2.852905 1.039065 1.294896 3.993421 5.991482 0.715866 2174.280000
2.333182 2.263163 0.921246 2.701637 2.012742 1.215650 3.956489 5.363713 0.761379 812.800000
2.944182 2.561982 1.080113 3.182883 0.514346 1.652416 4.319098 2.532613 0.382201 1208.280000
2.854172 2.278156 0.990693 2.748780 0.964604 1.357611 4.050726 5.105078 0.619360 2208.960000
2.423192 2.546989 1.010666 3.135741 0.587574 1.247173 4.224861 3.419018 0.478707 1187.600000
1.433737 2.923638 0.858526 3.263899 0.433125 1.199791 4.586519 2.177183 0.338713 919.360000
2.944182 2.263163 1.080113 2.701637 1.037832 1.389133 3.993421 2.177183 0.715866 1019.280000
2.944182 2.263163 1.080113 2.701637 1.037832 1.389133 3.956489 5.991482 0.715866 813.760000
2.944182 2.263163 1.080113 2.701637 1.037832 1.389133 3.956489 5.991482 0.715866 830.080000
2.944182 2.263163 1.080113 2.701637 0.514346 1.215650 4.319098 2.532613 0.715866 912.640000
2.333182 2.561982 0.921246 3.182883 1.037832 1.389133 3.956489 5.991482 0.382201 887.680000
2.944182 2.263163 1.080113 2.701637 1.037832 1.389133 3.956489 5.991482 0.715866 2181.960000
2.944182 2.263163 1.080113 2.701637 1.037832 1.389133 3.956489 5.991482 0.715866 1182.560000
2.944182 2.263163 1.080113 2.701637 1.037832 1.389133 3.956489 5.991482 0.715866 1198.680000
2.944182 2.263163 1.080113 2.701637 1.037832 1.389133 3.956489 5.991482 0.715866 1225.040000
2.944182 2.263163 1.323766 2.701637 1.037832 1.389133 4.060393 5.991482 0.715866 1222.680000
2.944182 2.263163 1.080113 3.336130 1.037832 1.389133 3.956489 5.991482 0.715866 1180.640000
2.944182 2.263163 1.080113 2.701637 1.037832 1.389133 3.956489 5.991482 0.715866 2192.520000
2.944182 2.263163 1.080113 2.701637 1.037832 1.389133 3.956489 5.991482 0.715866 886.720000
2.944182 2.263163 1.080113 2.701637 1.037832 1.389133 3.956489 5.991482 0.715866 914.560000
2.944182 2.263163 1.080113 2.701637 1.037832 1.389133 3.956489 5.991482 0.715866 2145.480000
2.944182 2.385853 1.097076 3.065566 1.039333 1.310796 4.025888 5.991482 0.715866 2186.760000
2.944182 2.952598 1.384367 3.114359 1.042988 1.221676 4.159179 5.991482 0.715866 2160.840000
2.944182 2.263163 1.080113 2.701637 1.037832 1.389133 3.956489 5.991482 0.715866 2182.080000
2.944182 2.263163 1.080113 2.701637 1.037832 1.389133 3.956489 5.991482 0.715866 2189.640000
2.944182 2.263163 1.080113 2.701637 1.037832 1.389133 3.956489 5.991482 0.715866 2238.720000
2.944182 2.263163 1.080113 2.701637 1.037832 1.389133 3.956489 5.991482 0.715866 2238.720000
2.944182 2.263163 1.080113 2.701637 1.037832 1.389133 3.956489 5.991482 0.715866 2238.720000
1.433737 2.923638 0.858526 3.263899 0.433125 1.199791 4.586519 2.177183 0.338713 2224.720000
2.706220 3.962118 1.119990 3.568249 1.083799 1.599173 4.616236 9.578794 0.521476 812.800000
2.944182 2.306269 1.117688 2.753519 1.037977 1.364366 3.970277 5.991482 0.715866 2224.320000
2.944182 2.263163 1.080113 2.701637 1.037832 1.389133 3.956489 5.991482 0.715866 2220.480000
1.470418 2.263163 1.080113 2.701637 1.037832 1.652416 3.956489 2.177183 0.715866 809.920000
1.050534 2.690974 0.863255 1.894851 1.231404 1.504644 3.003635 1.133812 0.923487 888.840000
2.650846 1.123410 1.108089 3.478288 0.818133 1.441916 4.510622 2.802288 0.430137 1019.280000
2.944182 3.174803 1.506545 3.511528 1.045033 0.994328 4.243745 5.991482 0.715866 2205.120000
2.944182 2.923638 1.080113 3.263899 1.037832 1.199791 4.586519 5.991482 0.338713 2202.240000
1.470418 1.520859 1.258054 1.081936 1.453022 0.326727 3.344023 5.991482 0.715866 2197.440000
2.944182 2.263163 1.080113 3.228962 1.037832 1.389133 3.956489 5.991482 0.715866 2197.320000
2.944182 2.263163 1.323766 3.336130 1.037832 1.389133 4.060393 5.991482 0.715866 2196.360000
2.944182 2.263163 1.080113 2.701637 1.037832 1.389133 3.956489 5.991482 0.715866 2238.720000
Gen 9 FITNESS 2238.720000 DIVERSITY 94.184709
 VILLAGER_LEADER F 2238.720000 2.944182 2.263163 1.080113 2.701637 1.037832 1.389133 3.956489 5.991482 0.715866 
END_OF_AN_ERA
