CHECKSUM 3681646727
GEN 0 NUM_GENOME 51 NUM_VILLAGE 3
1.421400 4.958342 0.364849 6.930448 0.954741 0.857469 3.714423 4.713248 2.311878 -100000000000.000000
2.643513 0.722526 0.529801 1.693472 1.537767 0.857469 0.983688 3.429044 0.832963 -100000000000.000000
0.234230 2.372509 2.175054 8.089541 1.389813 0.397623 2.979003 1.107700 0.333949 -100000000000.000000
0.834986 4.054079 3.266854 0.182806 0.307993 0.830345 2.137150 3.851482 2.368075 -100000000000.000000
2.377087 3.663289 0.950652 4.712668 0.429121 1.738826 4.221046 4.267190 2.411005 -100000000000.000000
4.176458 0.352184 2.521134 3.079928 1.537400 1.967776 4.210746 3.083102 2.735908 -100000000000.000000
2.091891 0.888699 0.227058 2.956938 1.839900 0.453618 1.076388 1.411344 0.660335 -100000000000.000000
3.361766 0.885952 2.241279 3.285012 2.869625 1.881567 3.355434 2.088946 0.515229 -100000000000.000000
4.582202 4.329814 3.053377 1.799677 2.433912 0.632682 1.288430 1.557054 1.302643 -100000000000.000000
1.920988 2.365795 0.708029 8.766442 0.933683 0.313294 3.529572 3.534379 1.356450 -100000000000.000000
1.978362 2.343516 4.170660 9.545579 1.597919 1.867132 3.809732 3.049455 0.595816 -100000000000.000000
3.293100 0.586566 0.016175 3.205969 1.977966 1.668596 3.847499 0.535432 2.591131 -100000000000.000000
1.826838 1.937315 0.183721 1.426130 1.685720 2.279510 1.312738 3.695196 2.296881 -100000000000.000000
0.479904 1.483963 2.845851 5.725272 0.800104 0.464495 2.607791 4.391202 1.250566 -100000000000.000000
0.689261 3.531602 3.575396 5.714591 2.338878 0.404001 2.279839 4.614368 0.614026 -100000000000.000000
1.944945 4.865871 1.991791 9.367351 1.014893 0.757497 2.760094 0.636372 1.249248 -100000000000.000000
3.784143 3.387707 1.376232 5.955077 0.647389 1.064397 1.703589 1.333064 0.384542 -100000000000.000000
1.490982 3.859828 4.774316 8.118839 2.606861 2.010678 2.386273 0.820399 2.586929 -100000000000.000000
2.182836 0.393841 4.673147 4.742576 2.010651 1.903723 4.275979 2.620701 2.248512 -100000000000.000000
4.629200 3.796503 2.425306 4.373302 0.802026 2.477105 4.402326 3.011139 2.041359 -100000000000.000000
0.072787 0.939665 4.005554 1.219214 1.494827 1.165175 0.566607 3.179098 2.794659 -100000000000.000000
0.051729 0.931883 4.485305 9.155553 0.925443 1.586013 2.708182 3.973708 2.517136 -100000000000.000000
4.092074 2.103336 1.227302 1.356548 0.280160 1.771657 0.930677 2.104740 1.503122 -100000000000.000000
2.883389 2.249519 0.748009 2.363048 1.459670 1.403055 3.969726 3.591647 1.006662 -100000000000.000000
2.885372 4.953001 3.685873 8.383435 0.316233 0.987722 0.522935 2.602847 1.692724 -100000000000.000000
2.012238 0.669729 4.009064 6.011231 0.372448 0.967513 2.690741 2.183981 0.558983 -100000000000.000000
0.944395 2.033753 4.749748 1.689810 0.447249 0.844646 2.676595 3.816599 2.793588 -100000000000.000000
2.648549 3.489639 1.407819 6.207465 2.303354 0.361031 0.770684 1.755913 2.766726 -100000000000.000000
4.585559 1.716819 3.904691 7.386395 0.888363 0.534590 2.306619 1.904782 2.384390 -100000000000.000000
2.918638 3.869289 1.156957 5.634327 1.762902 1.512964 3.918500 3.698904 0.314502 -100000000000.000000
2.740410 2.646565 2.965636 3.727531 1.918638 2.423258 1.769646 4.710089 0.851173 -100000000000.000000
0.423292 3.832972 0.516068 3.869747 2.496261 1.567348 3.656880 4.852367 1.922456 -100000000000.000000
4.184240 4.650563 0.549791 1.030915 0.872066 1.249236 4.031114 1.578066 1.130262 -100000000000.000000
1.888180 0.651265 0.646229 4.236274 2.940947 1.507862 4.785897 2.465239 1.195111 -100000000000.000000
4.051637 3.823359 2.941832 9.803766 2.835658 2.364174 4.397382 1.184881 0.876058 -100000000000.000000
1.930143 4.777825 0.085757 9.235206 0.675771 2.223917 4.609149 2.248665 0.400198 -100000000000.000000
4.097720 4.652242 3.985412 3.778191 0.771172 1.980868 1.765938 3.643010 2.432264 -100000000000.000000
1.197546 4.823450 1.643117 8.291269 1.257607 0.889898 3.567202 3.231422 2.175176 -100000000000.000000
1.291391 1.677908 2.774895 7.708670 0.951262 0.627580 3.133091 4.782739 2.772494 -100000000000.000000
0.320444 1.509445 3.136387 7.727592 2.274148 1.789651 2.186316 1.302988 2.443471 -100000000000.000000
1.095157 2.880795 3.832514 4.312571 0.500168 2.412113 2.813105 3.879498 2.301495 -100000000000.000000
4.864956 1.257820 1.251259 9.848018 1.163488 1.320606 3.042726 1.482208 0.446095 -100000000000.000000
3.316446 2.377544 3.252815 1.977599 0.348094 2.172353 1.256569 1.288705 0.851091 -100000000000.000000
3.454543 4.191717 0.449232 2.025208 2.749870 0.644298 1.285821 3.893094 0.497348 -100000000000.000000
2.843104 1.750389 4.111759 5.937681 0.901273 2.194778 2.324061 4.038804 0.366662 -100000000000.000000
2.006897 3.944517 0.980712 3.972594 1.884762 1.671081 2.758034 4.972808 1.593844 -100000000000.000000
3.013703 3.005310 3.392743 1.911985 0.091647 0.392386 4.704184 2.446013 0.432829 -100000000000.000000
2.281564 0.944395 2.256386 8.183233 0.451827 1.764205 3.421354 2.394925 1.683660 -100000000000.000000
3.950011 2.418287 3.902554 3.868526 2.057894 0.536470 2.148412 0.858989 2.431523 -100000000000.000000
3.253578 4.872890 0.724815 1.134983 1.653401 1.093066 3.245842 1.376049 2.568883 -100000000000.000000
0.031281 3.994568 1.261330 7.904599 2.414045 1.189615 3.163167 4.231483 2.838331 -100000000000.000000
FILLING
1.421400 4.958342 0.364849 6.930448 0.954741 0.857469 3.714423 4.713248 2.311878 2097.480000
2.643513 0.722526 0.529801 1.693472 1.537767 0.857469 0.983688 3.429044 0.832963 1153.560000
0.234230 2.372509 2.175054 8.089541 1.389813 0.397623 2.979003 1.107700 0.333949 898.240000
0.834986 4.054079 3.266854 0.182806 0.307993 0.830345 2.137150 3.851482 2.368075 1115.360000
2.377087 3.663289 0.950652 4.712668 0.429121 1.738826 4.221046 4.267190 2.411005 2085.960000
4.176458 0.352184 2.521134 3.079928 1.537400 1.967776 4.210746 3.083102 2.735908 827.200000
2.091891 0.888699 0.227058 2.956938 1.839900 0.453618 1.076388 1.411344 0.660335 870.600000
3.361766 0.885952 2.241279 3.285012 2.869625 1.881567 3.355434 2.088946 0.515229 1019.280000
4.582202 4.329814 3.053377 1.799677 2.433912 0.632682 1.288430 1.557054 1.302643 1019.280000
1.920988 2.365795 0.708029 8.766442 0.933683 0.313294 3.529572 3.534379 1.356450 2155.080000
1.978362 2.343516 4.170660 9.545579 1.597919 1.867132 3.809732 3.049455 0.595816 1019.280000
3.293100 0.586566 0.016175 3.205969 1.977966 1.668596 3.847499 0.535432 2.591131 1238.040000
1.826838 1.937315 0.183721 1.426130 1.685720 2.279510 1.312738 3.695196 2.296881 1114.640000
0.479904 1.483963 2.845851 5.725272 0.800104 0.464495 2.607791 4.391202 1.250566 1237.080000
0.689261 3.531602 3.575396 5.714591 2.338878 0.404001 2.279839 4.614368 0.614026 1203.680000
1.944945 4.865871 1.991791 9.367351 1.014893 0.757497 2.760094 0.636372 1.249248 904.200000
3.784143 3.387707 1.376232 5.955077 0.647389 1.064397 1.703589 1.333064 0.384542 886.920000
1.490982 3.859828 4.774316 8.118839 2.606861 2.010678 2.386273 0.820399 2.586929 870.600000
2.182836 0.393841 4.673147 4.742576 2.010651 1.903723 4.275979 2.620701 2.248512 1161.240000
4.629200 3.796503 2.425306 4.373302 0.802026 2.477105 4.402326 3.011139 2.041359 1170.840000
0.072787 0.939665 4.005554 1.219214 1.494827 1.165175 0.566607 3.179098 2.794659 898.240000
0.051729 0.931883 4.485305 9.155553 0.925443 1.586013 2.708182 3.973708 2.517136 898.240000
4.092074 2.103336 1.227302 1.356548 0.280160 1.771657 0.930677 2.104740 1.503122 1188.320000
2.883389 2.249519 0.748009 2.363048 1.459670 1.403055 3.969726 3.591647 1.006662 2131.080000
2.885372 4.953001 3.685873 8.383435 0.316233 0.987722 0.522935 2.602847 1.692724 1164.120000
2.012238 0.669729 4.009064 6.011231 0.372448 0.967513 2.690741 2.183981 0.558983 1209.240000
0.944395 2.033753 4.749748 1.689810 0.447249 0.844646 2.676595 3.816599 2.793588 1136.400000
2.648549 3.489639 1.407819 6.207465 2.303354 0.361031 0.770684 1.755913 2.766726 1163.160000
4.585559 1.716819 3.904691 7.386395 0.888363 0.534590 2.306619 1.904782 2.384390 1019.280000
2.918638 3.869289 1.156957 5.634327 1.762902 1.512964 3.918500 3.698904 0.314502 1205.600000
2.740410 2.646565 2.965636 3.727531 1.918638 2.423258 1.769646 4.710089 0.851173 1249.040000
0.423292 3.832972 0.516068 3.869747 2.496261 1.567348 3.656880 4.852367 1.922456 898.240000
4.184240 4.650563 0.549791 1.030915 0.872066 1.249236 4.031114 1.578066 1.130262 875.400000
1.888180 0.651265 0.646229 4.236274 2.940947 1.507862 4.785897 2.465239 1.195111 1158.360000
4.051637 3.823359 2.941832 9.803766 2.835658 2.364174 4.397382 1.184881 0.876058 852.360000
1.930143 4.777825 0.085757 9.235206 0.675771 2.223917 4.609149 2.248665 0.400198 1056.720000
4.097720 4.652242 3.985412 3.778191 0.771172 1.980868 1.765938 3.643010 2.432264 899.400000
1.197546 4.823450 1.643117 8.291269 1.257607 0.889898 3.567202 3.231422 2.175176 2093.640000
1.291391 1.677908 2.774895 7.708670 0.951262 0.627580 3.133091 4.782739 2.772494 894.600000
0.320444 1.509445 3.136387 7.727592 2.274148 1.789651 2.186316 1.302988 2.443471 898.240000
1.095157 2.880795 3.832514 4.312571 0.500168 2.412113 2.813105 3.879498 2.301495 1159.320000
4.864956 1.257820 1.251259 9.848018 1.163488 1.320606 3.042726 1.482208 0.446095 1166.040000
3.316446 2.377544 3.252815 1.977599 0.348094 2.172353 1.256569 1.288705 0.851091 1229.400000
3.454543 4.191717 0.449232 2.025208 2.749870 0.644298 1.285821 3.893094 0.497348 2086.160000
2.843104 1.750389 4.111759 5.937681 0.901273 2.194778 2.324061 4.038804 0.366662 1019.280000
2.006897 3.944517 0.980712 3.972594 1.884762 1.671081 2.758034 4.972808 1.593844 2090.760000
3.013703 3.005310 3.392743 1.911985 0.091647 0.392386 4.704184 2.446013 0.432829 1128.600000
2.281564 0.944395 2.256386 8.183233 0.451827 1.764205 3.421354 2.394925 1.683660 913.800000
3.950011 2.418287 3.902554 3.868526 2.057894 0.536470 2.148412 0.858989 2.431523 904.200000
3.253578 4.872890 0.724815 1.134983 1.653401 1.093066 3.245842 1.376049 2.568883 878.280000
0.031281 3.994568 1.261330 7.904599 2.414045 1.189615 3.163167 4.231483 2.838331 898.240000
Gen 0 FITNESS 2155.080000 DIVERSITY 113.586496
 VILLAGER_LEADER F 2155.080000 1.920988 2.365795 0.708029 8.766442 0.933683 0.313294 3.529572 3.534379 1.356450 
GEN 1 NUM_GENOME 50 NUM_VILLAGE 2
0.834986 2.365795 0.708029 0.182806 0.307993 0.313294 2.137150 3.534379 1.356450 -100000000000.000000
0.944395 3.357009 2.788360 7.298476 0.800104 1.668596 4.221046 3.534379 2.033153 -100000000000.000000
0.944395 0.651265 0.646229 1.689810 2.940947 0.844646 2.676595 3.816599 2.793588 -100000000000.000000
1.888180 2.033753 4.749748 4.236274 0.447249 1.507862 4.785897 2.465239 1.195111 -100000000000.000000
1.978655 0.999086 0.782871 4.478021 2.195927 1.568638 4.453821 2.946006 1.572963 -100000000000.000000
2.286612 2.556646 3.424152 1.121139 2.940947 0.746637 4.111249 3.534379 1.899824 -100000000000.000000
1.663636 2.556646 0.859273 7.298476 1.344503 0.360614 3.342263 3.832890 0.997593 -100000000000.000000
0.946613 3.340751 3.424152 7.182557 1.928058 0.356681 2.467148 4.315857 0.972883 -100000000000.000000
0.782621 2.934374 1.904471 6.909566 0.644752 0.587024 1.438528 6.131911 0.788732 -100000000000.000000
2.074370 2.730942 1.987450 4.994214 0.634620 1.443249 4.111249 4.280780 2.101794 -100000000000.000000
1.421400 4.958342 0.950652 6.930448 0.429121 0.857469 4.221046 4.267190 2.311878 -100000000000.000000
2.377087 3.663289 0.364849 4.712668 0.954741 1.738826 3.714423 4.713248 2.411005 -100000000000.000000
2.377087 0.999086 0.782871 1.693472 0.954741 1.738826 2.279839 3.429044 2.411005 -100000000000.000000
0.352919 1.616481 1.042097 3.572922 2.190145 1.661064 5.224979 3.667920 0.307436 -100000000000.000000
0.733621 0.987356 2.420665 5.281613 1.285503 0.746637 3.523896 3.775437 1.246092 -100000000000.000000
1.634463 1.147872 1.071415 4.679933 2.455548 1.225720 3.869792 3.081004 1.199585 -100000000000.000000
1.920988 2.365795 0.708029 8.766442 0.933683 0.313294 3.529572 3.534379 1.356450 2155.080000
1.421400 4.958342 0.364849 6.930448 0.954741 0.857469 3.714423 4.713248 2.311878 2097.480000
2.377087 3.663289 0.950652 4.712668 0.429121 1.738826 4.221046 4.267190 2.411005 2085.960000
3.293100 0.586566 0.016175 3.205969 1.977966 1.668596 3.847499 0.535432 2.591131 1238.040000
0.479904 1.483963 2.845851 5.725272 0.800104 0.464495 2.607791 4.391202 1.250566 1237.080000
0.689261 3.531602 3.575396 5.714591 2.338878 0.404001 2.279839 4.614368 0.614026 1203.680000
1.888180 0.651265 0.646229 4.236274 2.940947 1.507862 4.785897 2.465239 1.195111 1158.360000
2.643513 0.722526 0.529801 1.693472 1.537767 0.857469 0.983688 3.429044 0.832963 1153.560000
1.920988 2.365795 0.708029 8.766442 0.933683 0.313294 3.529572 3.534379 1.356450 2155.080000
2.006897 2.249519 0.980712 2.363048 1.459670 1.403055 2.758034 3.591647 1.006662 -100000000000.000000
2.883389 3.944517 0.748009 3.972594 1.884762 1.671081 3.969726 4.972808 1.593844 -100000000000.000000
2.006897 3.944517 0.980712 3.972594 1.884762 1.671081 2.758034 4.972808 1.593844 -100000000000.000000
2.471463 4.977119 0.872266 3.972594 2.910216 1.737146 2.313897 7.716510 2.316437 -100000000000.000000
0.962796 3.944517 1.588636 0.569524 2.749870 0.644298 3.473862 1.583136 0.572183 -100000000000.000000
3.454543 4.191717 0.449232 3.972594 1.884762 1.671081 1.285821 4.972808 1.593844 -100000000000.000000
3.646975 2.249405 0.805321 4.375580 1.947942 1.787475 5.604070 3.254209 1.180653 -100000000000.000000
2.179742 3.843783 0.923400 3.526713 1.653324 1.596031 2.986993 4.894076 1.419853 -100000000000.000000
3.297611 4.136085 0.521820 2.479121 2.649525 1.173520 1.413594 4.539917 0.860232 -100000000000.000000
2.163829 4.000149 0.908124 3.518681 1.985107 1.141859 2.630261 4.325985 1.230960 -100000000000.000000
3.454543 4.191717 0.449232 2.363048 2.749870 0.644298 3.969726 3.591647 1.006662 -100000000000.000000
2.883389 2.249519 0.748009 2.025208 1.459670 1.403055 1.285821 3.893094 0.497348 -100000000000.000000
2.006897 3.051983 0.765576 4.568373 0.304682 1.197769 3.290085 4.972808 0.525401 -100000000000.000000
2.012238 0.669729 4.009064 6.011231 1.884762 1.671081 2.758034 2.183981 1.593844 -100000000000.000000
2.740410 0.669729 0.449232 4.375580 0.280160 0.967513 3.290085 3.698904 0.497348 -100000000000.000000
2.163829 4.953001 3.252815 5.634327 1.985107 1.403055 0.930677 3.893094 1.419853 -100000000000.000000
2.883389 2.249519 0.748009 2.363048 1.459670 1.403055 3.969726 3.591647 1.006662 2131.080000
2.006897 3.944517 0.980712 3.972594 1.884762 1.671081 2.758034 4.972808 1.593844 2090.760000
3.454543 4.191717 0.449232 2.025208 2.749870 0.644298 1.285821 3.893094 0.497348 2086.160000
2.918638 4.191717 4.009064 2.363048 1.884762 1.197769 1.256569 3.591647 0.497348 -100000000000.000000
3.316446 2.377544 3.252815 1.977599 0.348094 2.172353 1.256569 1.288705 0.851091 1229.400000
2.012238 0.669729 4.009064 6.011231 0.372448 0.967513 2.690741 2.183981 0.558983 1209.240000
2.918638 3.869289 1.156957 5.634327 1.762902 1.512964 3.918500 3.698904 0.314502 1205.600000
4.092074 2.103336 1.227302 1.356548 0.280160 1.771657 0.930677 2.104740 1.503122 1188.320000
2.883389 2.249519 0.748009 2.363048 1.459670 1.403055 3.969726 3.591647 1.006662 2131.080000
FILLING
0.834986 2.365795 0.708029 0.182806 0.307993 0.313294 2.137150 3.534379 1.356450 1149.720000
0.944395 3.357009 2.788360 7.298476 0.800104 1.668596 4.221046 3.534379 2.033153 2220.480000
0.944395 0.651265 0.646229 1.689810 2.940947 0.844646 2.676595 3.816599 2.793588 2180.040000
1.888180 2.033753 4.749748 4.236274 0.447249 1.507862 4.785897 2.465239 1.195111 865.800000
1.978655 0.999086 0.782871 4.478021 2.195927 1.568638 4.453821 2.946006 1.572963 2219.400000
2.286612 2.556646 3.424152 1.121139 2.940947 0.746637 4.111249 3.534379 1.899824 1107.080000
1.663636 2.556646 0.859273 7.298476 1.344503 0.360614 3.342263 3.832890 0.997593 1205.600000
0.946613 3.340751 3.424152 7.182557 1.928058 0.356681 2.467148 4.315857 0.972883 2199.360000
0.782621 2.934374 1.904471 6.909566 0.644752 0.587024 1.438528 6.131911 0.788732 1217.120000
2.074370 2.730942 1.987450 4.994214 0.634620 1.443249 4.111249 4.280780 2.101794 1240.400000
1.421400 4.958342 0.950652 6.930448 0.429121 0.857469 4.221046 4.267190 2.311878 2130.240000
2.377087 3.663289 0.364849 4.712668 0.954741 1.738826 3.714423 4.713248 2.411005 2136.960000
2.377087 0.999086 0.782871 1.693472 0.954741 1.738826 2.279839 3.429044 2.411005 904.200000
0.352919 1.616481 1.042097 3.572922 2.190145 1.661064 5.224979 3.667920 0.307436 898.240000
0.733621 0.987356 2.420665 5.281613 1.285503 0.746637 3.523896 3.775437 1.246092 1178.520000
1.634463 1.147872 1.071415 4.679933 2.455548 1.225720 3.869792 3.081004 1.199585 1170.760000
1.920988 2.365795 0.708029 8.766442 0.933683 0.313294 3.529572 3.534379 1.356450 2155.080000
1.421400 4.958342 0.364849 6.930448 0.954741 0.857469 3.714423 4.713248 2.311878 2097.480000
2.377087 3.663289 0.950652 4.712668 0.429121 1.738826 4.221046 4.267190 2.411005 2085.960000
3.293100 0.586566 0.016175 3.205969 1.977966 1.668596 3.847499 0.535432 2.591131 1238.040000
0.479904 1.483963 2.845851 5.725272 0.800104 0.464495 2.607791 4.391202 1.250566 1237.080000
0.689261 3.531602 3.575396 5.714591 2.338878 0.404001 2.279839 4.614368 0.614026 1203.680000
1.888180 0.651265 0.646229 4.236274 2.940947 1.507862 4.785897 2.465239 1.195111 1158.360000
2.643513 0.722526 0.529801 1.693472 1.537767 0.857469 0.983688 3.429044 0.832963 1153.560000
1.920988 2.365795 0.708029 8.766442 0.933683 0.313294 3.529572 3.534379 1.356450 2155.080000
2.006897 2.249519 0.980712 2.363048 1.459670 1.403055 2.758034 3.591647 1.006662 1188.320000
2.883389 3.944517 0.748009 3.972594 1.884762 1.671081 3.969726 4.972808 1.593844 2140.800000
2.006897 3.944517 0.980712 3.972594 1.884762 1.671081 2.758034 4.972808 1.593844 2133.120000
2.471463 4.977119 0.872266 3.972594 2.910216 1.737146 2.313897 7.716510 2.316437 1054.280000
0.962796 3.944517 1.588636 0.569524 2.749870 0.644298 3.473862 1.583136 0.572183 898.240000
3.454543 4.191717 0.449232 3.972594 1.884762 1.671081 1.285821 4.972808 1.593844 2136.960000
3.646975 2.249405 0.805321 4.375580 1.947942 1.787475 5.604070 3.254209 1.180653 2167.560000
2.179742 3.843783 0.923400 3.526713 1.653324 1.596031 2.986993 4.894076 1.419853 2072.520000
3.297611 4.136085 0.521820 2.479121 2.649525 1.173520 1.413594 4.539917 0.860232 1206.560000
2.163829 4.000149 0.908124 3.518681 1.985107 1.141859 2.630261 4.325985 1.230960 1148.240000
3.454543 4.191717 0.449232 2.363048 2.749870 0.644298 3.969726 3.591647 1.006662 1202.720000
2.883389 2.249519 0.748009 2.025208 1.459670 1.403055 1.285821 3.893094 0.497348 1220.960000
2.006897 3.051983 0.765576 4.568373 0.304682 1.197769 3.290085 4.972808 0.525401 2189.760000
2.012238 0.669729 4.009064 6.011231 1.884762 1.671081 2.758034 2.183981 1.593844 1019.280000
2.740410 0.669729 0.449232 4.375580 0.280160 0.967513 3.290085 3.698904 0.497348 1236.120000
2.163829 4.953001 3.252815 5.634327 1.985107 1.403055 0.930677 3.893094 1.419853 1093.520000
2.883389 2.249519 0.748009 2.363048 1.459670 1.403055 3.969726 3.591647 1.006662 2131.080000
2.006897 3.944517 0.980712 3.972594 1.884762 1.671081 2.758034 4.972808 1.593844 2090.760000
3.454543 4.191717 0.449232 2.025208 2.749870 0.644298 1.285821 3.893094 0.497348 2086.160000
2.918638 4.191717 4.009064 2.363048 1.884762 1.197769 1.256569 3.591647 0.497348 2163.720000
3.316446 2.377544 3.252815 1.977599 0.348094 2.172353 1.256569 1.288705 0.851091 1229.400000
2.012238 0.669729 4.009064 6.011231 0.372448 0.967513 2.690741 2.183981 0.558983 1209.240000
2.918638 3.869289 1.156957 5.634327 1.762902 1.512964 3.918500 3.698904 0.314502 1205.600000
4.092074 2.103336 1.227302 1.356548 0.280160 1.771657 0.930677 2.104740 1.503122 1188.320000
2.883389 2.249519 0.748009 2.363048 1.459670 1.403055 3.969726 3.591647 1.006662 2131.080000
Gen 1 FITNESS 2220.480000 DIVERSITY 134.071955
 VILLAGER_LEADER F 2220.480000 0.944395 3.357009 2.788360 7.298476 0.800104 1.668596 4.221046 3.534379 2.033153 
GEN 2 NUM_GENOME 50 NUM_VILLAGE 1
2.006897 3.051983 0.765576 4.568373 0.933683 1.197769 3.529572 3.534379 0.525401 -100000000000.000000
0.582862 2.034503 1.066863 6.568633 0.373084 0.423451 2.359808 4.131542 1.624494 -100000000000.000000
2.385656 1.669639 1.383232 4.251507 2.168864 1.361266 3.521845 3.037100 1.479233 -100000000000.000000
2.511637 3.521164 3.408703 2.589562 1.911825 1.405141 2.188545 3.500553 0.591078 -100000000000.000000
2.918638 4.191717 4.009064 1.689810 1.884762 1.197769 2.676595 3.591647 0.497348 -100000000000.000000
0.944395 0.651265 0.646229 2.363048 2.940947 0.844646 1.256569 3.816599 2.793588 -100000000000.000000
1.978655 3.353887 0.782871 1.689810 1.911825 1.498013 2.758034 2.946006 2.033153 -100000000000.000000
0.944395 3.340751 3.424152 1.689810 1.928058 0.356681 2.676595 3.816599 2.793588 -100000000000.000000
1.978655 0.999086 0.782871 4.478021 2.195927 1.568638 4.453821 2.946006 1.572963 -100000000000.000000
1.978655 0.999086 0.782871 4.478021 2.195927 1.568638 4.453821 2.946006 1.572963 -100000000000.000000
1.978655 0.999086 0.782871 4.478021 2.195927 1.568638 4.453821 2.946006 1.572963 -100000000000.000000
1.978655 0.999086 0.782871 4.478021 2.195927 1.568638 4.453821 2.946006 1.572963 -100000000000.000000
1.978655 0.999086 0.782871 4.478021 2.195927 1.568638 4.453821 2.946006 1.572963 -100000000000.000000
1.978655 0.999086 0.782871 4.478021 2.195927 1.568638 4.453821 2.946006 1.572963 -100000000000.000000
1.978655 4.191717 3.811792 1.689810 0.304682 1.568638 5.604070 3.591647 2.793588 -100000000000.000000
2.006897 3.357009 0.980712 7.298476 0.800104 1.671081 2.758034 3.534379 1.593844 -100000000000.000000
2.656293 3.886864 3.424652 3.150153 1.545508 1.335649 2.057621 3.584642 0.900556 -100000000000.000000
1.206740 3.661862 3.372772 6.511371 1.139358 1.530716 3.419994 3.541384 1.629945 -100000000000.000000
0.944915 3.353887 2.935304 7.284351 1.202848 1.346609 4.000659 3.847016 1.852169 -100000000000.000000
0.946093 3.343873 3.277208 7.196682 1.525314 0.678668 2.687535 4.003220 1.153867 -100000000000.000000
2.006897 3.663289 2.788360 2.363048 2.940947 1.568638 4.453821 3.534379 1.572963 -100000000000.000000
2.377087 0.999086 0.752036 7.182557 2.195927 1.568638 4.221046 4.972808 0.972883 -100000000000.000000
2.006897 0.999086 0.782871 4.568373 0.304682 1.568638 3.290085 4.972808 1.572963 -100000000000.000000
0.946613 2.649361 3.277208 7.196682 1.947942 1.568638 4.453821 3.847016 1.572963 -100000000000.000000
0.422167 0.999086 0.173564 1.263592 2.183714 1.784119 4.876063 2.946006 1.028975 -100000000000.000000
0.944395 0.651265 0.782871 4.478021 2.195927 0.844646 2.676595 3.816599 2.793588 -100000000000.000000
0.944395 2.249405 0.646229 1.689810 1.947942 1.787475 2.676595 3.816599 1.180653 -100000000000.000000
3.646975 0.651265 0.805321 4.375580 2.940947 0.844646 5.604070 3.254209 2.793588 -100000000000.000000
0.816684 3.340751 4.312339 0.697255 1.791582 1.808079 6.989159 5.253747 1.265941 -100000000000.000000
1.978655 0.999086 3.408703 6.511371 2.195927 0.844646 3.969726 3.816599 1.572963 -100000000000.000000
2.263966 1.437901 0.980143 3.902905 2.062355 1.518904 4.024626 3.011674 1.436974 -100000000000.000000
2.633327 3.752902 3.811792 2.938164 2.018334 1.247503 1.685764 3.525979 0.633337 -100000000000.000000
2.681885 2.649361 0.526691 2.446057 1.220089 0.659577 3.293644 4.270574 0.793704 -100000000000.000000
2.751313 2.541442 0.752036 4.057172 2.228645 1.498013 3.892897 3.120674 1.337432 -100000000000.000000
0.944395 3.804543 3.907350 7.298476 0.800104 1.106599 1.806528 3.759761 2.033153 -100000000000.000000
1.978655 0.999086 0.782871 4.478021 2.195927 1.568638 4.453821 2.946006 1.572963 2219.400000
1.505456 4.363916 3.158793 4.892455 2.115295 0.253060 3.440103 2.763863 0.275762 -100000000000.000000
2.006897 3.051983 0.765576 4.568373 0.304682 1.197769 3.290085 4.972808 0.525401 2189.760000
0.944395 0.651265 0.646229 1.689810 2.940947 0.844646 2.676595 3.816599 2.793588 2180.040000
3.646975 2.249405 0.805321 4.375580 1.947942 1.787475 5.604070 3.254209 1.180653 2167.560000
2.918638 4.191717 4.009064 2.363048 1.884762 1.197769 1.256569 3.591647 0.497348 2163.720000
1.920988 2.365795 0.708029 8.766442 0.933683 0.313294 3.529572 3.534379 1.356450 2155.080000
1.920988 2.365795 0.708029 8.766442 0.933683 0.313294 3.529572 3.534379 1.356450 2155.080000
2.461013 2.548810 0.985835 4.279522 1.269221 1.070006 1.218734 5.473573 1.818317 -100000000000.000000
0.802116 5.263241 0.356673 3.827137 1.090196 1.952634 3.714423 1.001996 1.056454 -100000000000.000000
3.454543 4.191717 0.449232 3.972594 1.884762 1.671081 1.285821 4.972808 1.593844 2136.960000
2.006897 3.944517 0.980712 3.972594 1.884762 1.671081 2.758034 4.972808 1.593844 2133.120000
3.027515 1.903388 0.748009 2.363048 1.192003 1.474098 3.969726 5.883135 0.922422 -100000000000.000000
2.762078 2.590085 0.700997 1.145854 0.909043 1.403055 0.868760 2.185649 1.360118 -100000000000.000000
0.944395 3.357009 2.788360 7.298476 0.800104 1.668596 4.221046 3.534379 2.033153 2220.480000
FILLING
2.006897 3.051983 0.765576 4.568373 0.933683 1.197769 3.529572 3.534379 0.525401 1215.200000
0.582862 2.034503 1.066863 6.568633 0.373084 0.423451 2.359808 4.131542 1.624494 2119.560000
2.385656 1.669639 1.383232 4.251507 2.168864 1.361266 3.521845 3.037100 1.479233 2213.640000
2.511637 3.521164 3.408703 2.589562 1.911825 1.405141 2.188545 3.500553 0.591078 2214.720000
2.918638 4.191717 4.009064 1.689810 1.884762 1.197769 2.676595 3.591647 0.497348 1213.280000
0.944395 0.651265 0.646229 2.363048 2.940947 0.844646 1.256569 3.816599 2.793588 2186.760000
1.978655 3.353887 0.782871 1.689810 1.911825 1.498013 2.758034 2.946006 2.033153 2075.400000
0.944395 3.340751 3.424152 1.689810 1.928058 0.356681 2.676595 3.816599 2.793588 1084.040000
1.978655 0.999086 0.782871 4.478021 2.195927 1.568638 4.453821 2.946006 1.572963 2220.360000
1.978655 0.999086 0.782871 4.478021 2.195927 1.568638 4.453821 2.946006 1.572963 1019.280000
1.978655 0.999086 0.782871 4.478021 2.195927 1.568638 4.453821 2.946006 1.572963 1189.640000
1.978655 0.999086 0.782871 4.478021 2.195927 1.568638 4.453821 2.946006 1.572963 1252.880000
1.978655 0.999086 0.782871 4.478021 2.195927 1.568638 4.453821 2.946006 1.572963 2217.480000
1.978655 0.999086 0.782871 4.478021 2.195927 1.568638 4.453821 2.946006 1.572963 2218.440000
1.978655 4.191717 3.811792 1.689810 0.304682 1.568638 5.604070 3.591647 2.793588 2186.760000
2.006897 3.357009 0.980712 7.298476 0.800104 1.671081 2.758034 3.534379 1.593844 1185.440000
2.656293 3.886864 3.424652 3.150153 1.545508 1.335649 2.057621 3.584642 0.900556 1231.760000
1.206740 3.661862 3.372772 6.511371 1.139358 1.530716 3.419994 3.541384 1.629945 796.480000
0.944915 3.353887 2.935304 7.284351 1.202848 1.346609 4.000659 3.847016 1.852169 1073.480000
0.946093 3.343873 3.277208 7.196682 1.525314 0.678668 2.687535 4.003220 1.153867 830.080000
2.006897 3.663289 2.788360 2.363048 2.940947 1.568638 4.453821 3.534379 1.572963 2061.960000
2.377087 0.999086 0.752036 7.182557 2.195927 1.568638 4.221046 4.972808 0.972883 867.720000
2.006897 0.999086 0.782871 4.568373 0.304682 1.568638 3.290085 4.972808 1.572963 1172.760000
0.946613 2.649361 3.277208 7.196682 1.947942 1.568638 4.453821 3.847016 1.572963 1245.200000
0.422167 0.999086 0.173564 1.263592 2.183714 1.784119 4.876063 2.946006 1.028975 898.240000
0.944395 0.651265 0.782871 4.478021 2.195927 0.844646 2.676595 3.816599 2.793588 2155.080000
0.944395 2.249405 0.646229 1.689810 1.947942 1.787475 2.676595 3.816599 1.180653 1077.200000
3.646975 0.651265 0.805321 4.375580 2.940947 0.844646 5.604070 3.254209 2.793588 1148.760000
0.816684 3.340751 4.312339 0.697255 1.791582 1.808079 6.989159 5.253747 1.265941 898.240000
1.978655 0.999086 3.408703 6.511371 2.195927 0.844646 3.969726 3.816599 1.572963 1165.080000
2.263966 1.437901 0.980143 3.902905 2.062355 1.518904 4.024626 3.011674 1.436974 812.800000
2.633327 3.752902 3.811792 2.938164 2.018334 1.247503 1.685764 3.525979 0.633337 1222.160000
2.681885 2.649361 0.526691 2.446057 1.220089 0.659577 3.293644 4.270574 0.793704 1201.760000
2.751313 2.541442 0.752036 4.057172 2.228645 1.498013 3.892897 3.120674 1.337432 1188.560000
0.944395 3.804543 3.907350 7.298476 0.800104 1.106599 1.806528 3.759761 2.033153 1202.720000
1.978655 0.999086 0.782871 4.478021 2.195927 1.568638 4.453821 2.946006 1.572963 2219.400000
1.505456 4.363916 3.158793 4.892455 2.115295 0.253060 3.440103 2.763863 0.275762 1088.400000
2.006897 3.051983 0.765576 4.568373 0.304682 1.197769 3.290085 4.972808 0.525401 2189.760000
0.944395 0.651265 0.646229 1.689810 2.940947 0.844646 2.676595 3.816599 2.793588 2180.040000
3.646975 2.249405 0.805321 4.375580 1.947942 1.787475 5.604070 3.254209 1.180653 2167.560000
2.918638 4.191717 4.009064 2.363048 1.884762 1.197769 1.256569 3.591647 0.497348 2163.720000
1.920988 2.365795 0.708029 8.766442 0.933683 0.313294 3.529572 3.534379 1.356450 2155.080000
1.920988 2.365795 0.708029 8.766442 0.933683 0.313294 3.529572 3.534379 1.356450 2155.080000
2.461013 2.548810 0.985835 4.279522 1.269221 1.070006 1.218734 5.473573 1.818317 2110.920000
0.802116 5.263241 0.356673 3.827137 1.090196 1.952634 3.714423 1.001996 1.056454 886.920000
3.454543 4.191717 0.449232 3.972594 1.884762 1.671081 1.285821 4.972808 1.593844 2136.960000
2.006897 3.944517 0.980712 3.972594 1.884762 1.671081 2.758034 4.972808 1.593844 2133.120000
3.027515 1.903388 0.748009 2.363048 1.192003 1.474098 3.969726 5.883135 0.922422 2237.760000
2.762078 2.590085 0.700997 1.145854 0.909043 1.403055 0.868760 2.185649 1.360118 2111.440000
0.944395 3.357009 2.788360 7.298476 0.800104 1.668596 4.221046 3.534379 2.033153 2220.480000
Gen 2 FITNESS 2237.760000 DIVERSITY 257.050668
 VILLAGER_LEADER F 2237.760000 3.027515 1.903388 0.748009 2.363048 1.192003 1.474098 3.969726 5.883135 0.922422 
GEN 3 NUM_GENOME 50 NUM_VILLAGE 1
1.978655 3.450476 2.979978 2.202421 0.508727 1.568638 4.923206 3.508620 2.445794 -100000000000.000000
1.978655 1.740327 1.614685 3.965410 1.991882 1.568638 5.134685 3.029033 1.920757 -100000000000.000000
0.944395 4.346082 3.165125 2.174637 0.412519 1.668596 2.981243 5.169782 2.146586 -100000000000.000000
3.545704 0.651265 0.782871 2.271202 1.192003 1.311855 2.101906 3.500553 1.572963 -100000000000.000000
3.027515 0.999086 0.748009 2.363048 2.195927 1.568638 3.969726 5.883135 1.572963 -100000000000.000000
1.978655 1.903388 0.782871 4.478021 1.192003 1.474098 4.453821 2.946006 0.922422 -100000000000.000000
2.378385 0.917550 0.468204 3.904002 2.701802 2.376639 1.972831 7.040633 1.031646 -100000000000.000000
3.027515 1.903388 0.748009 4.478021 1.192003 1.568638 3.969726 2.946006 1.572963 -100000000000.000000
1.978655 0.999086 0.782871 4.478021 2.195927 1.568638 4.453821 2.946006 1.572963 -100000000000.000000
1.978655 0.999086 0.782871 4.478021 2.195927 1.568638 4.453821 2.946006 1.572963 -100000000000.000000
1.220750 3.078868 2.638005 6.519823 1.583306 1.648711 4.337669 3.390601 1.763520 -100000000000.000000
1.702300 1.277227 0.933226 5.256674 1.412725 1.588523 4.337198 3.089784 1.842596 -100000000000.000000
3.545704 2.158563 1.114774 4.307863 1.996933 1.659709 5.297023 3.195536 1.347199 -100000000000.000000
2.486927 1.760481 1.073779 4.319224 2.119873 1.489033 3.828891 3.095772 1.312687 -100000000000.000000
0.944395 3.450476 0.748009 2.363048 1.192003 1.474098 2.981243 2.946006 1.818317 -100000000000.000000
1.978655 2.548810 0.782871 4.279522 2.195927 1.568638 1.218734 5.473573 1.818317 -100000000000.000000
1.978655 0.999086 0.782871 2.363048 2.195927 1.197769 1.256569 2.946006 1.572963 -100000000000.000000
2.918638 4.191717 4.009064 4.478021 1.884762 1.568638 4.453821 3.591647 0.497348 -100000000000.000000
3.147643 3.521164 3.094965 2.133210 1.465934 1.751482 1.695489 0.368272 0.094459 -100000000000.000000
2.511637 3.521164 3.408703 2.589562 1.911825 1.405141 2.188545 3.500553 0.591078 -100000000000.000000
2.082187 0.931905 0.667500 1.781656 2.080742 0.980188 2.785235 4.373571 2.282770 -100000000000.000000
1.889724 1.622749 0.726738 2.271202 2.052208 1.338556 3.861086 5.326163 1.433239 -100000000000.000000
0.944395 0.999086 2.788360 4.478021 0.800104 1.668596 4.453821 2.946006 1.572963 -100000000000.000000
1.978655 3.357009 0.782871 7.298476 2.195927 1.568638 4.221046 3.534379 2.033153 -100000000000.000000
3.027515 1.903388 0.748009 2.363048 1.192003 1.474098 3.969726 5.883135 0.922422 -100000000000.000000
1.978655 3.521164 2.788360 4.478021 0.800104 1.397484 2.101906 7.040633 1.572963 -100000000000.000000
1.978655 1.259279 0.548532 8.300804 2.195927 1.377816 4.453821 1.469063 1.572963 -100000000000.000000
0.944395 3.357009 2.788360 4.478021 0.800104 1.568638 4.221046 3.534379 2.033153 -100000000000.000000
1.407639 0.821628 0.705667 3.490213 2.305697 1.311855 3.844633 3.159041 2.279001 -100000000000.000000
1.515411 0.828723 0.723433 2.677618 2.831177 1.101429 3.285783 3.603564 2.087550 -100000000000.000000
3.014692 2.603058 1.658650 2.363048 1.415710 1.397484 3.124389 5.462790 0.800919 -100000000000.000000
2.931462 3.492047 3.098423 2.363048 1.661054 1.274383 2.101906 4.011992 0.618851 -100000000000.000000
1.978655 4.191717 3.811792 2.363048 1.192003 1.474098 5.604070 3.591647 2.793588 -100000000000.000000
3.027515 1.903388 0.748009 1.689810 0.304682 1.568638 3.969726 5.883135 0.922422 -100000000000.000000
3.027515 1.903388 0.748009 2.363048 1.192003 1.474098 3.969726 5.883135 0.922422 2237.760000
0.944395 3.357009 2.788360 7.298476 0.800104 1.668596 4.221046 3.534379 2.033153 2220.480000
1.978655 0.999086 0.782871 4.478021 2.195927 1.568638 4.453821 2.946006 1.572963 2220.360000
1.978655 0.999086 0.782871 4.478021 2.195927 1.568638 4.453821 2.946006 1.572963 2219.400000
1.978655 0.999086 0.782871 4.478021 2.195927 1.568638 4.453821 2.946006 1.572963 2218.440000
1.978655 0.999086 0.782871 4.478021 2.195927 1.568638 4.453821 2.946006 1.572963 2217.480000
3.646975 0.821628 0.646229 6.519823 0.508727 1.197769 1.695489 3.254209 1.479233 -100000000000.000000
1.978655 1.760481 0.782871 8.300804 1.192003 1.397484 2.981243 1.469063 2.033153 -100000000000.000000
2.006897 3.051983 0.765576 4.568373 0.304682 1.197769 3.290085 4.972808 0.525401 2189.760000
0.944395 0.651265 0.646229 2.363048 2.940947 0.844646 1.256569 3.816599 2.793588 2186.760000
1.978655 4.191717 3.811792 1.689810 0.304682 1.568638 5.604070 3.591647 2.793588 2186.760000
0.944395 0.651265 0.646229 1.689810 2.940947 0.844646 2.676595 3.816599 2.793588 2180.040000
3.646975 2.249405 0.805321 4.375580 1.947942 1.787475 5.604070 3.254209 1.180653 2167.560000
2.918638 4.191717 4.009064 2.363048 1.884762 1.197769 1.256569 3.591647 0.497348 2163.720000
1.607056 2.365795 0.525956 7.445239 0.750589 0.313294 3.529572 3.534379 1.674087 -100000000000.000000
3.027515 1.903388 0.748009 2.363048 1.192003 1.474098 3.969726 5.883135 0.922422 2237.760000
FILLING
1.978655 3.450476 2.979978 2.202421 0.508727 1.568638 4.923206 3.508620 2.445794 2194.440000
1.978655 1.740327 1.614685 3.965410 1.991882 1.568638 5.134685 3.029033 1.920757 2155.080000
0.944395 4.346082 3.165125 2.174637 0.412519 1.668596 2.981243 5.169782 2.146586 2119.560000
3.545704 0.651265 0.782871 2.271202 1.192003 1.311855 2.101906 3.500553 1.572963 1019.280000
3.027515 0.999086 0.748009 2.363048 2.195927 1.568638 3.969726 5.883135 1.572963 1019.280000
1.978655 1.903388 0.782871 4.478021 1.192003 1.474098 4.453821 2.946006 0.922422 2220.480000
2.378385 0.917550 0.468204 3.904002 2.701802 2.376639 1.972831 7.040633 1.031646 1217.880000
3.027515 1.903388 0.748009 4.478021 1.192003 1.568638 3.969726 2.946006 1.572963 900.360000
1.978655 0.999086 0.782871 4.478021 2.195927 1.568638 4.453821 2.946006 1.572963 1154.520000
1.978655 0.999086 0.782871 4.478021 2.195927 1.568638 4.453821 2.946006 1.572963 1158.360000
1.220750 3.078868 2.638005 6.519823 1.583306 1.648711 4.337669 3.390601 1.763520 2153.160000
1.702300 1.277227 0.933226 5.256674 1.412725 1.588523 4.337198 3.089784 1.842596 2208.840000
3.545704 2.158563 1.114774 4.307863 1.996933 1.659709 5.297023 3.195536 1.347199 902.280000
2.486927 1.760481 1.073779 4.319224 2.119873 1.489033 3.828891 3.095772 1.312687 2232.960000
0.944395 3.450476 0.748009 2.363048 1.192003 1.474098 2.981243 2.946006 1.818317 1054.280000
1.978655 2.548810 0.782871 4.279522 2.195927 1.568638 1.218734 5.473573 1.818317 2140.800000
1.978655 0.999086 0.782871 2.363048 2.195927 1.197769 1.256569 2.946006 1.572963 2194.440000
2.918638 4.191717 4.009064 4.478021 1.884762 1.568638 4.453821 3.591647 0.497348 1245.200000
3.147643 3.521164 3.094965 2.133210 1.465934 1.751482 1.695489 0.368272 0.094459 902.280000
2.511637 3.521164 3.408703 2.589562 1.911825 1.405141 2.188545 3.500553 0.591078 2211.840000
2.082187 0.931905 0.667500 1.781656 2.080742 0.980188 2.785235 4.373571 2.282770 1190.240000
1.889724 1.622749 0.726738 2.271202 2.052208 1.338556 3.861086 5.326163 1.433239 1122.080000
0.944395 0.999086 2.788360 4.478021 0.800104 1.668596 4.453821 2.946006 1.572963 1237.080000
1.978655 3.357009 0.782871 7.298476 2.195927 1.568638 4.221046 3.534379 2.033153 2140.800000
3.027515 1.903388 0.748009 2.363048 1.192003 1.474098 3.969726 5.883135 0.922422 2225.280000
1.978655 3.521164 2.788360 4.478021 0.800104 1.397484 2.101906 7.040633 1.572963 1194.080000
1.978655 1.259279 0.548532 8.300804 2.195927 1.377816 4.453821 1.469063 1.572963 1158.360000
0.944395 3.357009 2.788360 4.478021 0.800104 1.568638 4.221046 3.534379 2.033153 1084.040000
1.407639 0.821628 0.705667 3.490213 2.305697 1.311855 3.844633 3.159041 2.279001 1194.440000
1.515411 0.828723 0.723433 2.677618 2.831177 1.101429 3.285783 3.603564 2.087550 815.680000
3.014692 2.603058 1.658650 2.363048 1.415710 1.397484 3.124389 5.462790 0.800919 2183.880000
2.931462 3.492047 3.098423 2.363048 1.661054 1.274383 2.101906 4.011992 0.618851 2185.800000
1.978655 4.191717 3.811792 2.363048 1.192003 1.474098 5.604070 3.591647 2.793588 2176.200000
3.027515 1.903388 0.748009 1.689810 0.304682 1.568638 3.969726 5.883135 0.922422 979.280000
3.027515 1.903388 0.748009 2.363048 1.192003 1.474098 3.969726 5.883135 0.922422 2237.760000
0.944395 3.357009 2.788360 7.298476 0.800104 1.668596 4.221046 3.534379 2.033153 2220.480000
1.978655 0.999086 0.782871 4.478021 2.195927 1.568638 4.453821 2.946006 1.572963 2220.360000
1.978655 0.999086 0.782871 4.478021 2.195927 1.568638 4.453821 2.946006 1.572963 2219.400000
1.978655 0.999086 0.782871 4.478021 2.195927 1.568638 4.453821 2.946006 1.572963 2218.440000
1.978655 0.999086 0.782871 4.478021 2.195927 1.568638 4.453821 2.946006 1.572963 2217.480000
3.646975 0.821628 0.646229 6.519823 0.508727 1.197769 1.695489 3.254209 1.479233 814.720000
1.978655 1.760481 0.782871 8.300804 1.192003 1.397484 2.981243 1.469063 2.033153 1161.240000
2.006897 3.051983 0.765576 4.568373 0.304682 1.197769 3.290085 4.972808 0.525401 2189.760000
0.944395 0.651265 0.646229 2.363048 2.940947 0.844646 1.256569 3.816599 2.793588 2186.760000
1.978655 4.191717 3.811792 1.689810 0.304682 1.568638 5.604070 3.591647 2.793588 2186.760000
0.944395 0.651265 0.646229 1.689810 2.940947 0.844646 2.676595 3.816599 2.793588 2180.040000
3.646975 2.249405 0.805321 4.375580 1.947942 1.787475 5.604070 3.254209 1.180653 2167.560000
2.918638 4.191717 4.009064 2.363048 1.884762 1.197769 1.256569 3.591647 0.497348 2163.720000
1.607056 2.365795 0.525956 7.445239 0.750589 0.313294 3.529572 3.534379 1.674087 2133.000000
3.027515 1.903388 0.748009 2.363048 1.192003 1.474098 3.969726 5.883135 0.922422 2237.760000
Gen 3 FITNESS 2237.760000 DIVERSITY 243.550118
 VILLAGER_LEADER F 2237.760000 3.027515 1.903388 0.748009 2.363048 1.192003 1.474098 3.969726 5.883135 0.922422 
GEN 4 NUM_GENOME 50 NUM_VILLAGE 1
1.978655 3.357009 0.782871 7.298476 0.800104 1.474098 4.453821 2.946006 2.033153 -100000000000.000000
0.944395 1.903388 2.788360 4.478021 1.192003 1.668596 4.221046 3.534379 0.922422 -100000000000.000000
2.116751 1.857316 0.798848 4.455107 1.295824 1.483010 4.385823 2.962527 1.000437 -100000000000.000000
2.348831 1.806553 1.057802 4.342138 2.016052 1.480121 3.896889 3.079251 1.234672 -100000000000.000000
1.810514 3.439608 0.317871 2.604048 2.398199 1.179127 3.432860 1.898211 0.554454 -100000000000.000000
3.027515 2.838116 0.748009 2.363048 2.195927 1.197769 4.221046 3.477649 0.922422 -100000000000.000000
3.027515 1.903388 0.748009 2.363048 1.192003 1.474098 3.969726 5.883135 0.922422 -100000000000.000000
3.027515 1.903388 0.748009 2.363048 1.192003 1.474098 3.969726 5.883135 0.922422 -100000000000.000000
1.978655 0.651265 0.646229 1.689810 2.195927 0.844646 4.453821 3.816599 1.572963 -100000000000.000000
0.944395 0.999086 0.782871 4.478021 2.940947 1.568638 2.676595 2.946006 2.793588 -100000000000.000000
3.027515 1.903388 0.748009 2.363048 1.192003 1.474098 3.969726 5.883135 0.922422 -100000000000.000000
3.027515 1.903388 0.748009 2.363048 1.192003 1.474098 3.969726 5.883135 0.922422 -100000000000.000000
1.234059 2.838116 1.815714 5.001989 1.014564 1.605818 4.085736 3.848641 1.827793 -100000000000.000000
2.737851 2.422281 1.720655 4.659535 0.977543 1.536876 4.105036 5.568873 1.127782 -100000000000.000000
1.470578 3.444446 2.954140 2.563058 0.575785 1.592268 4.704520 3.511470 2.394457 -100000000000.000000
1.452472 3.363039 2.814198 6.937839 0.733046 1.644966 4.439732 3.531529 2.084490 -100000000000.000000
2.108509 1.286993 0.838067 4.442615 2.173785 1.521430 4.392069 2.991784 1.537193 -100000000000.000000
2.357073 1.472574 1.018583 4.354630 2.142015 1.536241 3.890643 3.049994 1.348457 -100000000000.000000
2.486927 1.760481 0.782871 4.478021 2.119873 1.489033 3.828891 3.095772 0.922422 -100000000000.000000
1.978655 1.903388 1.073779 4.319224 1.192003 1.474098 4.453821 2.946006 1.312687 -100000000000.000000
2.799962 2.000635 1.280691 4.588517 1.106977 1.511414 4.028537 5.298788 1.368711 -100000000000.000000
1.171948 3.259762 2.255678 5.073007 0.885130 1.631280 4.162235 4.118726 1.586864 -100000000000.000000
3.027515 1.903388 0.748009 2.363048 1.192003 1.474098 3.969726 5.883135 0.922422 -100000000000.000000
3.027515 1.903388 0.748009 2.363048 1.192003 1.474098 3.969726 5.883135 0.922422 -100000000000.000000
1.978655 0.999086 0.782871 4.478021 2.195927 1.568638 4.453821 2.946006 1.572963 -100000000000.000000
1.978655 0.999086 0.782871 4.478021 2.195927 1.568638 4.453821 2.946006 1.572963 -100000000000.000000
3.254931 1.540211 0.578602 2.300461 1.344501 0.697213 3.133514 8.771816 0.922422 -100000000000.000000
3.027515 1.903388 0.748009 2.363048 1.192003 1.474098 3.969726 5.883135 0.922422 -100000000000.000000
3.027515 1.903388 0.748009 2.363048 1.192003 1.474098 3.969726 5.883135 0.922422 -100000000000.000000
3.027515 1.903388 0.748009 2.363048 1.192003 1.474098 3.969726 5.883135 0.922422 -100000000000.000000
1.978655 0.999086 0.782871 4.478021 2.195927 1.568638 4.453821 2.946006 1.572963 -100000000000.000000
1.978655 0.999086 2.954140 2.363048 1.412725 1.474098 4.453821 3.816599 0.922422 -100000000000.000000
1.719602 2.761409 0.935108 4.992528 1.053173 1.492835 4.431565 3.002736 1.085644 -100000000000.000000
1.203448 2.498988 2.636123 6.783969 0.938934 1.649859 4.243302 3.477649 1.869931 -100000000000.000000
3.027515 1.903388 0.748009 2.363048 1.192003 1.474098 3.969726 5.883135 0.922422 2237.760000
3.027515 1.903388 0.748009 2.363048 1.192003 1.474098 3.969726 5.883135 0.922422 2237.760000
2.486927 1.760481 1.073779 4.319224 2.119873 1.489033 3.828891 3.095772 1.312687 2232.960000
3.027515 1.903388 0.748009 2.363048 1.192003 1.474098 3.969726 5.883135 0.922422 2225.280000
0.944395 3.357009 2.326151 4.897884 0.991384 2.578015 7.864058 4.983210 1.444716 -100000000000.000000
1.978655 1.903388 0.782871 4.478021 1.192003 1.474098 4.453821 2.946006 0.922422 2220.480000
1.978655 0.999086 0.782871 4.478021 2.195927 1.568638 4.453821 2.946006 1.572963 2220.360000
1.978655 0.999086 0.782871 4.478021 2.195927 1.568638 4.453821 2.946006 1.572963 2219.400000
1.978655 0.999086 0.782871 4.478021 2.195927 1.568638 4.453821 2.946006 1.572963 2218.440000
1.978655 0.999086 0.782871 4.478021 2.195927 1.568638 4.453821 2.946006 1.572963 2217.480000
2.511637 3.521164 3.408703 2.589562 1.911825 1.405141 2.188545 3.500553 0.591078 2211.840000
1.702300 1.277227 0.933226 5.256674 1.412725 1.588523 4.337198 3.089784 1.842596 2208.840000
1.978655 0.999086 0.782871 2.363048 2.195927 1.197769 1.256569 2.946006 1.572963 2194.440000
1.978655 3.450476 2.832513 2.202421 0.533545 1.568638 2.889284 3.040259 1.633368 -100000000000.000000
2.006897 3.051983 0.765576 4.568373 0.304682 1.197769 3.290085 4.972808 0.525401 2189.760000
3.027515 1.903388 0.748009 2.363048 1.192003 1.474098 3.969726 5.883135 0.922422 2237.760000
FILLING
1.978655 3.357009 0.782871 7.298476 0.800104 1.474098 4.453821 2.946006 2.033153 1054.280000
0.944395 1.903388 2.788360 4.478021 1.192003 1.668596 4.221046 3.534379 0.922422 1224.600000
2.116751 1.857316 0.798848 4.455107 1.295824 1.483010 4.385823 2.962527 1.000437 2189.640000
2.348831 1.806553 1.057802 4.342138 2.016052 1.480121 3.896889 3.079251 1.234672 2203.080000
1.810514 3.439608 0.317871 2.604048 2.398199 1.179127 3.432860 1.898211 0.554454 1167.960000
3.027515 2.838116 0.748009 2.363048 2.195927 1.197769 4.221046 3.477649 0.922422 1202.720000
3.027515 1.903388 0.748009 2.363048 1.192003 1.474098 3.969726 5.883135 0.922422 2217.600000
3.027515 1.903388 0.748009 2.363048 1.192003 1.474098 3.969726 5.883135 0.922422 2224.320000
1.978655 0.651265 0.646229 1.689810 2.195927 0.844646 4.453821 3.816599 1.572963 1189.280000
0.944395 0.999086 0.782871 4.478021 2.940947 1.568638 2.676595 2.946006 2.793588 1108.880000
3.027515 1.903388 0.748009 2.363048 1.192003 1.474098 3.969726 5.883135 0.922422 2215.680000
3.027515 1.903388 0.748009 2.363048 1.192003 1.474098 3.969726 5.883135 0.922422 2146.440000
1.234059 2.838116 1.815714 5.001989 1.014564 1.605818 4.085736 3.848641 1.827793 2134.920000
2.737851 2.422281 1.720655 4.659535 0.977543 1.536876 4.105036 5.568873 1.127782 1213.280000
1.470578 3.444446 2.954140 2.563058 0.575785 1.592268 4.704520 3.511470 2.394457 2176.200000
1.452472 3.363039 2.814198 6.937839 0.733046 1.644966 4.439732 3.531529 2.084490 2202.120000
2.108509 1.286993 0.838067 4.442615 2.173785 1.521430 4.392069 2.991784 1.537193 796.480000
2.357073 1.472574 1.018583 4.354630 2.142015 1.536241 3.890643 3.049994 1.348457 2211.720000
2.486927 1.760481 0.782871 4.478021 2.119873 1.489033 3.828891 3.095772 0.922422 2218.560000
1.978655 1.903388 1.073779 4.319224 1.192003 1.474098 4.453821 2.946006 1.312687 2199.240000
2.799962 2.000635 1.280691 4.588517 1.106977 1.511414 4.028537 5.298788 1.368711 892.680000
1.171948 3.259762 2.255678 5.073007 0.885130 1.631280 4.162235 4.118726 1.586864 1170.320000
3.027515 1.903388 0.748009 2.363048 1.192003 1.474098 3.969726 5.883135 0.922422 2233.920000
3.027515 1.903388 0.748009 2.363048 1.192003 1.474098 3.969726 5.883135 0.922422 2145.480000
1.978655 0.999086 0.782871 4.478021 2.195927 1.568638 4.453821 2.946006 1.572963 1252.880000
1.978655 0.999086 0.782871 4.478021 2.195927 1.568638 4.453821 2.946006 1.572963 1163.160000
3.254931 1.540211 0.578602 2.300461 1.344501 0.697213 3.133514 8.771816 0.922422 1115.360000
3.027515 1.903388 0.748009 2.363048 1.192003 1.474098 3.969726 5.883135 0.922422 2164.680000
3.027515 1.903388 0.748009 2.363048 1.192003 1.474098 3.969726 5.883135 0.922422 2181.960000
3.027515 1.903388 0.748009 2.363048 1.192003 1.474098 3.969726 5.883135 0.922422 2175.240000
1.978655 0.999086 0.782871 4.478021 2.195927 1.568638 4.453821 2.946006 1.572963 1157.400000
1.978655 0.999086 2.954140 2.363048 1.412725 1.474098 4.453821 3.816599 0.922422 906.120000
1.719602 2.761409 0.935108 4.992528 1.053173 1.492835 4.431565 3.002736 1.085644 1138.400000
1.203448 2.498988 2.636123 6.783969 0.938934 1.649859 4.243302 3.477649 1.869931 910.920000
3.027515 1.903388 0.748009 2.363048 1.192003 1.474098 3.969726 5.883135 0.922422 2237.760000
3.027515 1.903388 0.748009 2.363048 1.192003 1.474098 3.969726 5.883135 0.922422 2237.760000
2.486927 1.760481 1.073779 4.319224 2.119873 1.489033 3.828891 3.095772 1.312687 2232.960000
3.027515 1.903388 0.748009 2.363048 1.192003 1.474098 3.969726 5.883135 0.922422 2225.280000
0.944395 3.357009 2.326151 4.897884 0.991384 2.578015 7.864058 4.983210 1.444716 2108.040000
1.978655 1.903388 0.782871 4.478021 1.192003 1.474098 4.453821 2.946006 0.922422 2220.480000
1.978655 0.999086 0.782871 4.478021 2.195927 1.568638 4.453821 2.946006 1.572963 2220.360000
1.978655 0.999086 0.782871 4.478021 2.195927 1.568638 4.453821 2.946006 1.572963 2219.400000
1.978655 0.999086 0.782871 4.478021 2.195927 1.568638 4.453821 2.946006 1.572963 2218.440000
1.978655 0.999086 0.782871 4.478021 2.195927 1.568638 4.453821 2.946006 1.572963 2217.480000
2.511637 3.521164 3.408703 2.589562 1.911825 1.405141 2.188545 3.500553 0.591078 2211.840000
1.702300 1.277227 0.933226 5.256674 1.412725 1.588523 4.337198 3.089784 1.842596 2208.840000
1.978655 0.999086 0.782871 2.363048 2.195927 1.197769 1.256569 2.946006 1.572963 2194.440000
1.978655 3.450476 2.832513 2.202421 0.533545 1.568638 2.889284 3.040259 1.633368 2196.360000
2.006897 3.051983 0.765576 4.568373 0.304682 1.197769 3.290085 4.972808 0.525401 2189.760000
3.027515 1.903388 0.748009 2.363048 1.192003 1.474098 3.969726 5.883135 0.922422 2237.760000
Gen 4 FITNESS 2237.760000 DIVERSITY 183.609231
 VILLAGER_LEADER F 2237.760000 3.027515 1.903388 0.748009 2.363048 1.192003 1.474098 3.969726 5.883135 0.922422 
GEN 5 NUM_GENOME 50 NUM_VILLAGE 1
3.027515 1.903388 0.748009 2.363048 1.192003 1.474098 3.969726 5.883135 0.922422 -100000000000.000000
3.027515 1.903388 0.748009 2.363048 1.192003 1.474098 3.969726 5.883135 0.922422 -100000000000.000000
2.150030 1.060204 0.776931 4.295495 1.947563 1.548223 4.278563 3.126723 1.477168 -100000000000.000000
2.856140 1.842270 0.753949 2.545574 1.440367 1.494513 4.144984 5.702418 1.018217 -100000000000.000000
3.027515 0.747571 0.748009 3.506297 1.045291 2.022887 3.969726 3.683564 0.981626 -100000000000.000000
3.027515 1.903388 0.748009 2.363048 1.192003 1.474098 3.969726 5.883135 0.922422 -100000000000.000000
2.755430 1.903388 0.768398 2.606489 1.192003 1.474098 4.039818 5.649712 0.922422 -100000000000.000000
2.250740 1.903388 0.762482 4.234580 1.192003 1.474098 4.383729 3.179429 0.922422 -100000000000.000000
1.978655 1.903388 0.782871 2.363048 1.192003 1.474098 3.969726 5.649712 1.276461 -100000000000.000000
3.027515 1.760481 1.073779 4.319224 2.119873 1.474098 3.969726 5.883135 1.312687 -100000000000.000000
3.027515 1.903388 0.748009 4.319224 1.192003 1.474098 4.453821 5.883135 0.922422 -100000000000.000000
3.027515 1.760481 0.748009 2.363048 2.119873 1.489033 3.969726 5.883135 0.922422 -100000000000.000000
3.027515 1.903388 0.748009 2.363048 1.192003 1.474098 3.969726 5.883135 0.922422 -100000000000.000000
3.027515 1.903388 0.748009 4.319224 1.192003 1.644966 3.862551 5.883135 2.084490 -100000000000.000000
3.027515 1.903388 0.748009 2.363048 1.192003 1.474098 3.969726 5.883135 0.922422 -100000000000.000000
3.027515 1.903388 0.748009 2.363048 1.192003 1.474098 3.969726 5.883135 0.922422 -100000000000.000000
2.915654 1.692378 0.755411 2.534585 1.443929 1.502126 4.066806 5.143076 1.290282 -100000000000.000000
2.090516 1.210096 0.775469 4.306484 1.944001 1.540610 4.356741 3.686065 1.205103 -100000000000.000000
3.027515 1.903388 0.748009 2.363048 1.192003 1.474098 3.969726 5.883135 0.922422 -100000000000.000000
3.027515 1.903388 0.748009 2.363048 1.192003 1.474098 3.969726 5.883135 0.922422 -100000000000.000000
3.027515 2.132315 1.195089 2.604603 1.116251 1.293408 2.616797 6.454507 0.430908 -100000000000.000000
2.955401 1.636889 0.640325 2.363048 0.693470 1.830999 4.482576 4.762411 0.922422 -100000000000.000000
3.027515 1.903388 0.748009 2.363048 1.192003 1.474098 3.969726 5.883135 0.922422 -100000000000.000000
3.027515 1.903388 0.748009 2.363048 1.192003 1.474098 3.969726 5.883135 0.922422 -100000000000.000000
3.027515 1.903388 0.748009 2.363048 1.192003 1.474098 3.969726 5.883135 0.922422 -100000000000.000000
3.027515 1.903388 0.748009 2.363048 1.192003 1.474098 3.969726 5.883135 0.922422 -100000000000.000000
3.027515 1.903388 0.748009 2.363048 1.192003 1.474098 3.969726 5.883135 0.922422 -100000000000.000000
3.027515 1.903388 0.748009 2.363048 1.192003 1.474098 3.969726 5.883135 0.922422 -100000000000.000000
2.621073 1.792701 0.984310 4.168641 1.890635 1.485655 3.862551 3.509074 1.276461 -100000000000.000000
2.893369 1.871168 0.837478 2.513631 1.421241 1.477476 3.936066 5.469833 0.958648 -100000000000.000000
3.027515 1.903388 0.748009 2.363048 1.192003 1.474098 3.969726 5.883135 0.922422 -100000000000.000000
3.027515 1.903388 0.748009 2.363048 1.192003 1.474098 3.969726 5.883135 0.922422 -100000000000.000000
3.027515 1.903388 2.814198 6.937839 0.733046 1.474098 3.969726 5.883135 2.084490 -100000000000.000000
1.452472 3.363039 0.748009 2.363048 1.192003 1.644966 4.439732 3.531529 0.922422 -100000000000.000000
3.027515 1.903388 0.748009 2.363048 1.192003 1.474098 3.969726 5.883135 0.922422 2237.760000
3.027515 1.903388 0.748009 2.363048 1.192003 1.474098 3.969726 5.883135 0.922422 2237.760000
3.027515 1.903388 0.748009 2.363048 1.192003 1.474098 3.969726 5.883135 0.922422 2237.760000
3.027515 1.903388 0.748009 2.363048 1.192003 1.474098 3.969726 5.883135 0.922422 2233.920000
2.486927 1.760481 1.073779 4.319224 2.119873 1.489033 3.828891 3.095772 1.312687 2232.960000
3.027515 1.903388 0.748009 2.363048 1.192003 1.474098 3.969726 5.883135 0.922422 2225.280000
3.027515 1.903388 0.748009 2.363048 1.192003 1.474098 3.969726 5.883135 0.922422 2224.320000
1.978655 1.903388 0.782871 4.478021 1.192003 1.474098 4.453821 2.946006 0.922422 2220.480000
1.978655 0.999086 0.782871 4.478021 2.195927 1.568638 4.453821 2.946006 1.572963 2220.360000
1.978655 0.999086 0.782871 4.478021 2.195927 1.568638 4.453821 2.946006 1.572963 2219.400000
3.027515 1.903388 0.782871 4.295495 2.119873 2.022887 3.969726 5.883135 0.922422 -100000000000.000000
1.978655 0.999086 0.782871 4.478021 2.195927 1.568638 4.453821 2.946006 1.572963 2218.440000
3.027515 1.903388 0.748009 2.363048 1.192003 1.474098 3.969726 5.883135 0.922422 2217.600000
1.978655 0.999086 0.782871 4.478021 2.195927 1.568638 4.453821 2.946006 1.572963 2217.480000
2.813500 2.840558 0.838751 1.503224 0.994636 0.693635 4.550013 5.883135 1.078148 -100000000000.000000
3.027515 1.903388 0.748009 2.363048 1.192003 1.474098 3.969726 5.883135 0.922422 2237.760000
FILLING
3.027515 1.903388 0.748009 2.363048 1.192003 1.474098 3.969726 5.883135 0.922422 684.280000
3.027515 1.903388 0.748009 2.363048 1.192003 1.474098 3.969726 5.883135 0.922422 2228.160000
2.150030 1.060204 0.776931 4.295495 1.947563 1.548223 4.278563 3.126723 1.477168 829.120000
2.856140 1.842270 0.753949 2.545574 1.440367 1.494513 4.144984 5.702418 1.018217 807.040000
3.027515 0.747571 0.748009 3.506297 1.045291 2.022887 3.969726 3.683564 0.981626 1229.400000
3.027515 1.903388 0.748009 2.363048 1.192003 1.474098 3.969726 5.883135 0.922422 2183.880000
2.755430 1.903388 0.768398 2.606489 1.192003 1.474098 4.039818 5.649712 0.922422 2191.560000
2.250740 1.903388 0.762482 4.234580 1.192003 1.474098 4.383729 3.179429 0.922422 2185.800000
1.978655 1.903388 0.782871 2.363048 1.192003 1.474098 3.969726 5.649712 1.276461 821.440000
3.027515 1.760481 1.073779 4.319224 2.119873 1.474098 3.969726 5.883135 1.312687 904.200000
3.027515 1.903388 0.748009 4.319224 1.192003 1.474098 4.453821 5.883135 0.922422 1239.000000
3.027515 1.760481 0.748009 2.363048 2.119873 1.489033 3.969726 5.883135 0.922422 1169.360000
3.027515 1.903388 0.748009 2.363048 1.192003 1.474098 3.969726 5.883135 0.922422 2179.080000
3.027515 1.903388 0.748009 4.319224 1.192003 1.644966 3.862551 5.883135 2.084490 901.320000
3.027515 1.903388 0.748009 2.363048 1.192003 1.474098 3.969726 5.883135 0.922422 2180.040000
3.027515 1.903388 0.748009 2.363048 1.192003 1.474098 3.969726 5.883135 0.922422 2181.960000
2.915654 1.692378 0.755411 2.534585 1.443929 1.502126 4.066806 5.143076 1.290282 1202.520000
2.090516 1.210096 0.775469 4.306484 1.944001 1.540610 4.356741 3.686065 1.205103 1210.400000
3.027515 1.903388 0.748009 2.363048 1.192003 1.474098 3.969726 5.883135 0.922422 816.640000
3.027515 1.903388 0.748009 2.363048 1.192003 1.474098 3.969726 5.883135 0.922422 1220.240000
3.027515 2.132315 1.195089 2.604603 1.116251 1.293408 2.616797 6.454507 0.430908 1115.720000
2.955401 1.636889 0.640325 2.363048 0.693470 1.830999 4.482576 4.762411 0.922422 1183.880000
3.027515 1.903388 0.748009 2.363048 1.192003 1.474098 3.969726 5.883135 0.922422 2237.760000
3.027515 1.903388 0.748009 2.363048 1.192003 1.474098 3.969726 5.883135 0.922422 2237.760000
3.027515 1.903388 0.748009 2.363048 1.192003 1.474098 3.969726 5.883135 0.922422 2237.760000
3.027515 1.903388 0.748009 2.363048 1.192003 1.474098 3.969726 5.883135 0.922422 1220.240000
3.027515 1.903388 0.748009 2.363048 1.192003 1.474098 3.969726 5.883135 0.922422 2179.080000
3.027515 1.903388 0.748009 2.363048 1.192003 1.474098 3.969726 5.883135 0.922422 1220.240000
2.621073 1.792701 0.984310 4.168641 1.890635 1.485655 3.862551 3.509074 1.276461 1178.960000
2.893369 1.871168 0.837478 2.513631 1.421241 1.477476 3.936066 5.469833 0.958648 1220.760000
3.027515 1.903388 0.748009 2.363048 1.192003 1.474098 3.969726 5.883135 0.922422 1220.240000
3.027515 1.903388 0.748009 2.363048 1.192003 1.474098 3.969726 5.883135 0.922422 2185.800000
3.027515 1.903388 2.814198 6.937839 0.733046 1.474098 3.969726 5.883135 2.084490 1160.280000
1.452472 3.363039 0.748009 2.363048 1.192003 1.644966 4.439732 3.531529 0.922422 1154.720000
3.027515 1.903388 0.748009 2.363048 1.192003 1.474098 3.969726 5.883135 0.922422 2237.760000
3.027515 1.903388 0.748009 2.363048 1.192003 1.474098 3.969726 5.883135 0.922422 2237.760000
3.027515 1.903388 0.748009 2.363048 1.192003 1.474098 3.969726 5.883135 0.922422 2237.760000
3.027515 1.903388 0.748009 2.363048 1.192003 1.474098 3.969726 5.883135 0.922422 2233.920000
2.486927 1.760481 1.073779 4.319224 2.119873 1.489033 3.828891 3.095772 1.312687 2232.960000
3.027515 1.903388 0.748009 2.363048 1.192003 1.474098 3.969726 5.883135 0.922422 2225.280000
3.027515 1.903388 0.748009 2.363048 1.192003 1.474098 3.969726 5.883135 0.922422 2224.320000
1.978655 1.903388 0.782871 4.478021 1.192003 1.474098 4.453821 2.946006 0.922422 2220.480000
1.978655 0.999086 0.782871 4.478021 2.195927 1.568638 4.453821 2.946006 1.572963 2220.360000
1.978655 0.999086 0.782871 4.478021 2.195927 1.568638 4.453821 2.946006 1.572963 2219.400000
3.027515 1.903388 0.782871 4.295495 2.119873 2.022887 3.969726 5.883135 0.922422 684.280000
1.978655 0.999086 0.782871 4.478021 2.195927 1.568638 4.453821 2.946006 1.572963 2218.440000
3.027515 1.903388 0.748009 2.363048 1.192003 1.474098 3.969726 5.883135 0.922422 2217.600000
1.978655 0.999086 0.782871 4.478021 2.195927 1.568638 4.453821 2.946006 1.572963 2217.480000
2.813500 2.840558 0.838751 1.503224 0.994636 0.693635 4.550013 5.883135 1.078148 1191.200000
3.027515 1.903388 0.748009 2.363048 1.192003 1.474098 3.969726 5.883135 0.922422 2237.760000
Gen 5 FITNESS 2237.760000 DIVERSITY 99.127537
 VILLAGER_LEADER F 2237.760000 3.027515 1.903388 0.748009 2.363048 1.192003 1.474098 3.969726 5.883135 0.922422 
GEN 6 NUM_GENOME 50 NUM_VILLAGE 1
3.027515 1.903388 0.748009 2.363048 1.192003 1.474098 3.969726 5.883135 0.922422 -100000000000.000000
3.027515 1.903388 0.748009 2.363048 1.192003 1.474098 3.969726 5.883135 0.922422 -100000000000.000000
3.027515 1.903388 0.748009 2.363048 1.192003 1.474098 3.969726 5.883135 0.922422 -100000000000.000000
3.027515 1.903388 0.748009 2.363048 1.192003 1.474098 3.969726 5.883135 0.922422 -100000000000.000000
3.027515 1.903388 0.748009 2.363048 1.192003 1.474098 3.969726 5.883135 0.922422 -100000000000.000000
3.027515 1.903388 0.748009 2.363048 1.192003 1.474098 3.969726 5.883135 0.922422 -100000000000.000000
3.027515 1.903388 0.748009 2.363048 2.195927 1.474098 3.969726 3.095772 0.922422 -100000000000.000000
3.027515 1.903388 0.748009 2.363048 1.192003 1.474098 3.969726 5.883135 0.922422 -100000000000.000000
3.027515 1.903388 0.748009 2.363048 1.192003 1.474098 3.969726 5.883135 0.922422 -100000000000.000000
3.027515 1.760481 0.748009 2.363048 1.192003 1.474098 4.453821 5.883135 1.572963 -100000000000.000000
3.027515 1.903388 0.748009 2.363048 1.192003 1.474098 3.969726 5.883135 0.922422 -100000000000.000000
3.027515 1.903388 0.748009 2.363048 1.192003 1.474098 3.969726 5.883135 0.922422 -100000000000.000000
3.027515 1.903388 0.748009 2.363048 1.192003 1.474098 3.969726 5.883135 0.922422 -100000000000.000000
3.027515 1.903388 0.748009 2.363048 1.192003 1.474098 3.969726 5.883135 0.922422 -100000000000.000000
3.027515 1.903388 0.748009 2.363048 1.192003 1.474098 3.969726 5.883135 0.922422 -100000000000.000000
3.027515 1.903388 0.748009 2.363048 1.192003 1.474098 3.969726 5.883135 0.922422 -100000000000.000000
3.027515 1.903388 0.748009 2.363048 1.192003 1.474098 3.969726 5.883135 0.922422 -100000000000.000000
3.027515 1.903388 0.748009 2.363048 1.192003 1.474098 3.969726 5.883135 0.922422 -100000000000.000000
3.027515 1.903388 0.748009 2.363048 1.192003 1.489033 3.969726 5.883135 1.572963 -100000000000.000000
3.215879 0.934770 0.663630 2.363048 1.192003 1.414448 3.517834 7.024948 0.673693 -100000000000.000000
3.027515 1.903388 0.748009 2.363048 1.192003 1.474098 3.969726 5.883135 0.922422 -100000000000.000000
3.027515 1.903388 0.748009 2.363048 1.192003 1.474098 3.969726 5.883135 0.922422 -100000000000.000000
2.340468 1.903388 0.592616 4.319224 0.544904 1.908431 3.002371 3.745706 1.281183 -100000000000.000000
2.486927 1.760481 1.073779 2.363048 2.119873 1.474098 3.828891 5.883135 1.312687 -100000000000.000000
3.668294 2.042794 0.918074 2.038249 1.192003 1.099293 3.703930 0.612626 0.651284 -100000000000.000000
3.027515 0.999086 0.782871 4.478021 2.195927 1.474098 4.453821 5.883135 1.572963 -100000000000.000000
3.027515 1.903388 0.748009 2.363048 1.192003 1.474098 3.969726 5.883135 0.922422 -100000000000.000000
3.027515 1.903388 0.748009 2.363048 1.192003 1.474098 3.969726 5.883135 0.922422 -100000000000.000000
3.027515 1.903388 0.748009 2.363048 1.192003 1.474098 3.969726 5.883135 0.922422 -100000000000.000000
3.027515 0.742350 0.709667 1.041781 1.775033 2.017489 4.543331 9.279090 0.633186 -100000000000.000000
3.027515 1.903388 0.748009 2.363048 1.192003 1.474098 3.969726 5.883135 0.922422 -100000000000.000000
3.027515 1.903388 0.748009 2.363048 1.192003 1.474098 3.969726 5.883135 0.922422 -100000000000.000000
3.027515 1.903388 0.748009 2.363048 1.192003 1.474098 3.969726 5.883135 0.922422 -100000000000.000000
3.027515 1.903388 0.748009 2.363048 1.192003 1.474098 3.969726 5.883135 0.922422 -100000000000.000000
3.027515 1.903388 0.748009 2.363048 1.192003 1.474098 3.969726 5.883135 0.922422 2237.760000
2.451285 1.903388 0.402531 2.566863 1.098176 0.932256 2.949402 1.883835 1.560732 -100000000000.000000
3.027515 1.903388 0.748009 2.363048 1.192003 1.474098 3.969726 5.883135 0.922422 2237.760000
3.027515 1.903388 0.748009 2.363048 1.192003 1.474098 3.969726 5.883135 0.922422 2237.760000
3.027515 1.903388 0.748009 2.363048 1.192003 1.474098 3.969726 5.883135 0.922422 2237.760000
3.027515 1.903388 0.748009 2.363048 1.192003 1.474098 3.969726 5.883135 0.922422 2237.760000
3.027515 1.903388 0.748009 2.363048 1.192003 1.474098 3.969726 5.883135 0.922422 2237.760000
3.027515 1.903388 0.748009 2.363048 1.192003 1.474098 3.969726 5.883135 0.922422 2233.920000
2.486927 1.760481 1.073779 4.319224 2.119873 1.489033 3.828891 3.095772 1.312687 2232.960000
3.027515 1.903388 0.748009 2.363048 1.192003 1.474098 3.969726 5.883135 0.922422 2228.160000
3.027515 1.903388 0.748009 2.363048 1.192003 1.474098 3.969726 5.883135 0.922422 2225.280000
3.027515 1.903388 0.748009 2.363048 1.192003 1.474098 3.969726 5.883135 0.922422 2224.320000
1.978655 1.903388 0.782871 4.478021 1.192003 1.474098 4.453821 2.946006 0.922422 2220.480000
1.978655 0.999086 0.782871 4.478021 2.195927 1.568638 4.453821 2.946006 1.572963 2220.360000
1.978655 0.999086 0.782871 4.478021 2.195927 1.568638 4.453821 2.946006 1.572963 2219.400000
3.027515 1.903388 0.748009 2.363048 1.192003 1.474098 3.969726 5.883135 0.922422 2237.760000
FILLING
3.027515 1.903388 0.748009 2.363048 1.192003 1.474098 3.969726 5.883135 0.922422 816.640000
3.027515 1.903388 0.748009 2.363048 1.192003 1.474098 3.969726 5.883135 0.922422 2227.200000
3.027515 1.903388 0.748009 2.363048 1.192003 1.474098 3.969726 5.883135 0.922422 2186.760000
3.027515 1.903388 0.748009 2.363048 1.192003 1.474098 3.969726 5.883135 0.922422 808.960000
3.027515 1.903388 0.748009 2.363048 1.192003 1.474098 3.969726 5.883135 0.922422 2218.560000
3.027515 1.903388 0.748009 2.363048 1.192003 1.474098 3.969726 5.883135 0.922422 808.000000
3.027515 1.903388 0.748009 2.363048 2.195927 1.474098 3.969726 3.095772 0.922422 2133.000000
3.027515 1.903388 0.748009 2.363048 1.192003 1.474098 3.969726 5.883135 0.922422 2237.760000
3.027515 1.903388 0.748009 2.363048 1.192003 1.474098 3.969726 5.883135 0.922422 2235.840000
3.027515 1.760481 0.748009 2.363048 1.192003 1.474098 4.453821 5.883135 1.572963 1184.280000
3.027515 1.903388 0.748009 2.363048 1.192003 1.474098 3.969726 5.883135 0.922422 810.880000
3.027515 1.903388 0.748009 2.363048 1.192003 1.474098 3.969726 5.883135 0.922422 2183.880000
3.027515 1.903388 0.748009 2.363048 1.192003 1.474098 3.969726 5.883135 0.922422 1226.000000
3.027515 1.903388 0.748009 2.363048 1.192003 1.474098 3.969726 5.883135 0.922422 809.920000
3.027515 1.903388 0.748009 2.363048 1.192003 1.474098 3.969726 5.883135 0.922422 2237.760000
3.027515 1.903388 0.748009 2.363048 1.192003 1.474098 3.969726 5.883135 0.922422 2179.080000
3.027515 1.903388 0.748009 2.363048 1.192003 1.474098 3.969726 5.883135 0.922422 2175.240000
3.027515 1.903388 0.748009 2.363048 1.192003 1.474098 3.969726 5.883135 0.922422 2181.960000
3.027515 1.903388 0.748009 2.363048 1.192003 1.489033 3.969726 5.883135 1.572963 923.200000
3.215879 0.934770 0.663630 2.363048 1.192003 1.414448 3.517834 7.024948 0.673693 1245.720000
3.027515 1.903388 0.748009 2.363048 1.192003 1.474098 3.969726 5.883135 0.922422 1220.240000
3.027515 1.903388 0.748009 2.363048 1.192003 1.474098 3.969726 5.883135 0.922422 2171.400000
2.340468 1.903388 0.592616 4.319224 0.544904 1.908431 3.002371 3.745706 1.281183 1200.800000
2.486927 1.760481 1.073779 2.363048 2.119873 1.474098 3.828891 5.883135 1.312687 1170.320000
3.668294 2.042794 0.918074 2.038249 1.192003 1.099293 3.703930 0.612626 0.651284 904.200000
3.027515 0.999086 0.782871 4.478021 2.195927 1.474098 4.453821 5.883135 1.572963 1153.560000
3.027515 1.903388 0.748009 2.363048 1.192003 1.474098 3.969726 5.883135 0.922422 2225.280000
3.027515 1.903388 0.748009 2.363048 1.192003 1.474098 3.969726 5.883135 0.922422 1221.200000
3.027515 1.903388 0.748009 2.363048 1.192003 1.474098 3.969726 5.883135 0.922422 1180.640000
3.027515 0.742350 0.709667 1.041781 1.775033 2.017489 4.543331 9.279090 0.633186 1231.760000
3.027515 1.903388 0.748009 2.363048 1.192003 1.474098 3.969726 5.883135 0.922422 2181.960000
3.027515 1.903388 0.748009 2.363048 1.192003 1.474098 3.969726 5.883135 0.922422 1181.600000
3.027515 1.903388 0.748009 2.363048 1.192003 1.474098 3.969726 5.883135 0.922422 2185.800000
3.027515 1.903388 0.748009 2.363048 1.192003 1.474098 3.969726 5.883135 0.922422 1220.240000
3.027515 1.903388 0.748009 2.363048 1.192003 1.474098 3.969726 5.883135 0.922422 2237.760000
2.451285 1.903388 0.402531 2.566863 1.098176 0.932256 2.949402 1.883835 1.560732 1195.280000
3.027515 1.903388 0.748009 2.363048 1.192003 1.474098 3.969726 5.883135 0.922422 2237.760000
3.027515 1.903388 0.748009 2.363048 1.192003 1.474098 3.969726 5.883135 0.922422 2237.760000
3.027515 1.903388 0.748009 2.363048 1.192003 1.474098 3.969726 5.883135 0.922422 2237.760000
3.027515 1.903388 0.748009 2.363048 1.192003 1.474098 3.969726 5.883135 0.922422 2237.760000
3.027515 1.903388 0.748009 2.363048 1.192003 1.474098 3.969726 5.883135 0.922422 2237.760000
3.027515 1.903388 0.748009 2.363048 1.192003 1.474098 3.969726 5.883135 0.922422 2233.920000
2.486927 1.760481 1.073779 4.319224 2.119873 1.489033 3.828891 3.095772 1.312687 2232.960000
3.027515 1.903388 0.748009 2.363048 1.192003 1.474098 3.969726 5.883135 0.922422 2228.160000
3.027515 1.903388 0.748009 2.363048 1.192003 1.474098 3.969726 5.883135 0.922422 2225.280000
3.027515 1.903388 0.748009 2.363048 1.192003 1.474098 3.969726 5.883135 0.922422 2224.320000
1.978655 1.903388 0.782871 4.478021 1.192003 1.474098 4.453821 2.946006 0.922422 2220.480000
1.978655 0.999086 0.782871 4.478021 2.195927 1.568638 4.453821 2.946006 1.572963 2220.360000
1.978655 0.999086 0.782871 4.478021 2.195927 1.568638 4.453821 2.946006 1.572963 2219.400000
3.027515 1.903388 0.748009 2.363048 1.192003 1.474098 3.969726 5.883135 0.922422 2237.760000
Gen 6 FITNESS 2237.760000 DIVERSITY 70.068106
 VILLAGER_LEADER F 2237.760000 3.027515 1.903388 0.748009 2.363048 1.192003 1.474098 3.969726 5.883135 0.922422 
GEN 7 NUM_GENOME 50 NUM_VILLAGE 1
3.027515 1.903388 0.748009 2.363048 1.192003 1.474098 3.969726 5.883135 0.922422 -100000000000.000000
3.027515 1.903388 0.748009 2.363048 1.192003 1.474098 3.969726 5.883135 0.922422 -100000000000.000000
3.027515 1.903388 0.748009 2.363048 1.192003 1.474098 3.969726 5.883135 0.922422 -100000000000.000000
3.027515 1.903388 0.748009 2.363048 1.192003 1.474098 3.969726 5.883135 0.922422 -100000000000.000000
3.027515 1.903388 0.748009 2.363048 1.192003 1.474098 3.969726 5.883135 0.922422 -100000000000.000000
3.027515 1.903388 0.748009 2.363048 1.192003 1.474098 3.969726 5.883135 0.922422 -100000000000.000000
3.027515 1.903388 0.748009 2.363048 1.192003 1.474098 3.969726 5.883135 0.922422 -100000000000.000000
3.027515 1.903388 0.748009 2.363048 1.192003 1.474098 3.969726 5.883135 0.922422 -100000000000.000000
3.027515 1.903388 0.748009 2.363048 1.192003 1.474098 3.969726 3.095772 0.922422 -100000000000.000000
3.027515 1.903388 0.311409 2.363048 1.384139 1.691632 2.208324 6.771374 1.211677 -100000000000.000000
3.027515 1.903388 0.748009 2.363048 1.192003 1.474098 3.969726 5.883135 0.922422 -100000000000.000000
3.606061 0.946514 0.748009 2.534464 0.727150 1.563999 4.596045 6.361653 0.760966 -100000000000.000000
3.027515 1.903388 0.748009 2.363048 1.192003 1.474098 3.969726 5.883135 0.922422 -100000000000.000000
2.800383 2.246892 0.313649 2.016511 1.192003 1.505784 3.969726 6.942049 1.116133 -100000000000.000000
3.027515 1.903388 0.748009 2.363048 1.192003 1.474098 3.969726 5.883135 0.922422 -100000000000.000000
3.027515 1.903388 0.748009 2.363048 1.192003 1.474098 3.969726 5.883135 0.922422 -100000000000.000000
3.027515 1.903388 0.748009 2.363048 1.192003 1.474098 3.969726 5.883135 0.922422 -100000000000.000000
3.027515 1.903388 0.748009 2.363048 1.192003 1.474098 3.969726 5.883135 0.922422 -100000000000.000000
3.027515 1.903388 0.748009 2.363048 1.192003 1.474098 3.969726 5.883135 0.922422 -100000000000.000000
3.027515 1.903388 0.748009 2.363048 1.192003 1.474098 3.969726 5.883135 0.922422 -100000000000.000000
3.027515 1.903388 0.748009 2.363048 1.192003 1.474098 3.969726 5.883135 0.922422 -100000000000.000000
3.027515 1.903388 0.748009 2.363048 1.192003 1.474098 3.969726 5.883135 0.922422 -100000000000.000000
3.027515 1.903388 0.748009 2.363048 1.192003 1.474098 3.969726 5.883135 0.922422 -100000000000.000000
3.027515 1.903388 0.748009 2.363048 1.192003 1.474098 3.969726 5.883135 0.922422 -100000000000.000000
3.027515 1.903388 0.748009 2.363048 1.192003 1.474098 3.969726 5.883135 0.922422 -100000000000.000000
3.027515 1.903388 0.748009 2.363048 1.192003 1.474098 3.969726 5.883135 0.922422 -100000000000.000000
3.027515 1.903388 0.748009 2.363048 1.192003 1.474098 3.969726 5.883135 0.922422 -100000000000.000000
3.027515 1.903388 0.748009 2.363048 1.192003 1.474098 3.969726 5.883135 0.922422 -100000000000.000000
3.027515 1.903388 0.748009 2.363048 1.192003 1.474098 3.969726 5.883135 0.922422 -100000000000.000000
3.027515 1.903388 0.748009 2.363048 1.192003 1.474098 3.969726 5.883135 0.922422 -100000000000.000000
3.027515 1.903388 0.748009 2.363048 1.192003 1.474098 3.969726 5.883135 0.922422 -100000000000.000000
3.027515 1.903388 0.748009 2.363048 1.192003 1.474098 3.969726 5.883135 0.922422 -100000000000.000000
2.486927 1.760481 1.073779 4.319224 2.119873 1.474098 3.828891 5.883135 0.922422 -100000000000.000000
3.027515 1.903388 0.748009 2.363048 1.192003 1.489033 3.969726 3.095772 1.312687 -100000000000.000000
3.027515 1.506877 0.708888 3.418620 1.732308 2.244635 1.974652 2.163752 0.922422 -100000000000.000000
3.027515 1.903388 0.748009 2.363048 1.192003 1.474098 3.969726 5.883135 0.922422 2237.760000
3.027515 1.903388 0.748009 2.363048 1.192003 1.474098 3.969726 5.883135 0.922422 2237.760000
3.027515 1.903388 0.748009 2.363048 1.192003 1.474098 3.969726 5.883135 0.922422 2237.760000
3.027515 1.903388 0.748009 2.363048 1.192003 1.474098 3.969726 5.883135 0.922422 2237.760000
3.027515 1.903388 0.748009 2.363048 1.192003 1.474098 3.969726 5.883135 0.922422 2237.760000
3.027515 1.903388 0.748009 2.363048 1.192003 1.474098 3.969726 5.883135 0.922422 2237.760000
3.027515 1.903388 0.748009 2.363048 1.192003 1.474098 3.969726 5.883135 0.922422 2237.760000
3.027515 1.903388 0.748009 2.363048 1.192003 1.474098 3.969726 5.883135 0.922422 2237.760000
3.027515 1.903388 0.748009 2.363048 1.192003 1.474098 3.969726 5.883135 0.922422 2235.840000
3.424332 2.336349 0.360192 2.008838 1.431387 1.370549 3.969726 6.419517 0.877332 -100000000000.000000
2.486927 1.760481 1.073779 4.319224 2.119873 1.489033 3.828891 3.095772 1.312687 2232.960000
3.027515 1.903388 0.748009 2.363048 1.192003 1.474098 3.969726 5.883135 0.922422 2228.160000
3.027515 1.903388 0.748009 2.363048 1.192003 1.474098 3.969726 5.883135 0.922422 2227.200000
3.027515 1.760481 0.748009 2.363048 1.192003 1.474098 3.969726 5.883135 0.922422 -100000000000.000000
3.027515 1.903388 0.748009 2.363048 1.192003 1.474098 3.969726 5.883135 0.922422 2237.760000
FILLING
3.027515 1.903388 0.748009 2.363048 1.192003 1.474098 3.969726 5.883135 0.922422 2220.480000
3.027515 1.903388 0.748009 2.363048 1.192003 1.474098 3.969726 5.883135 0.922422 2216.640000
3.027515 1.903388 0.748009 2.363048 1.192003 1.474098 3.969726 5.883135 0.922422 759.280000
3.027515 1.903388 0.748009 2.363048 1.192003 1.474098 3.969726 5.883135 0.922422 1220.240000
3.027515 1.903388 0.748009 2.363048 1.192003 1.474098 3.969726 5.883135 0.922422 1219.280000
3.027515 1.903388 0.748009 2.363048 1.192003 1.474098 3.969726 5.883135 0.922422 820.480000
3.027515 1.903388 0.748009 2.363048 1.192003 1.474098 3.969726 5.883135 0.922422 809.920000
3.027515 1.903388 0.748009 2.363048 1.192003 1.474098 3.969726 5.883135 0.922422 1224.080000
3.027515 1.903388 0.748009 2.363048 1.192003 1.474098 3.969726 3.095772 0.922422 2237.760000
3.027515 1.903388 0.311409 2.363048 1.384139 1.691632 2.208324 6.771374 1.211677 2111.880000
3.027515 1.903388 0.748009 2.363048 1.192003 1.474098 3.969726 5.883135 0.922422 1219.280000
3.606061 0.946514 0.748009 2.534464 0.727150 1.563999 4.596045 6.361653 0.760966 1157.400000
3.027515 1.903388 0.748009 2.363048 1.192003 1.474098 3.969726 5.883135 0.922422 2237.760000
2.800383 2.246892 0.313649 2.016511 1.192003 1.505784 3.969726 6.942049 1.116133 2172.480000
3.027515 1.903388 0.748009 2.363048 1.192003 1.474098 3.969726 5.883135 0.922422 2204.160000
3.027515 1.903388 0.748009 2.363048 1.192003 1.474098 3.969726 5.883135 0.922422 2169.480000
3.027515 1.903388 0.748009 2.363048 1.192003 1.474098 3.969726 5.883135 0.922422 1206.800000
3.027515 1.903388 0.748009 2.363048 1.192003 1.474098 3.969726 5.883135 0.922422 2169.480000
3.027515 1.903388 0.748009 2.363048 1.192003 1.474098 3.969726 5.883135 0.922422 917.440000
3.027515 1.903388 0.748009 2.363048 1.192003 1.474098 3.969726 5.883135 0.922422 684.280000
3.027515 1.903388 0.748009 2.363048 1.192003 1.474098 3.969726 5.883135 0.922422 2224.320000
3.027515 1.903388 0.748009 2.363048 1.192003 1.474098 3.969726 5.883135 0.922422 1179.680000
3.027515 1.903388 0.748009 2.363048 1.192003 1.474098 3.969726 5.883135 0.922422 2219.520000
3.027515 1.903388 0.748009 2.363048 1.192003 1.474098 3.969726 5.883135 0.922422 826.240000
3.027515 1.903388 0.748009 2.363048 1.192003 1.474098 3.969726 5.883135 0.922422 2237.760000
3.027515 1.903388 0.748009 2.363048 1.192003 1.474098 3.969726 5.883135 0.922422 1219.280000
3.027515 1.903388 0.748009 2.363048 1.192003 1.474098 3.969726 5.883135 0.922422 902.080000
3.027515 1.903388 0.748009 2.363048 1.192003 1.474098 3.969726 5.883135 0.922422 2237.760000
3.027515 1.903388 0.748009 2.363048 1.192003 1.474098 3.969726 5.883135 0.922422 2175.240000
3.027515 1.903388 0.748009 2.363048 1.192003 1.474098 3.969726 5.883135 0.922422 1220.240000
3.027515 1.903388 0.748009 2.363048 1.192003 1.474098 3.969726 5.883135 0.922422 2216.640000
3.027515 1.903388 0.748009 2.363048 1.192003 1.474098 3.969726 5.883135 0.922422 2227.200000
2.486927 1.760481 1.073779 4.319224 2.119873 1.474098 3.828891 5.883135 0.922422 1079.240000
3.027515 1.903388 0.748009 2.363048 1.192003 1.489033 3.969726 3.095772 1.312687 1220.240000
3.027515 1.506877 0.708888 3.418620 1.732308 2.244635 1.974652 2.163752 0.922422 871.560000
3.027515 1.903388 0.748009 2.363048 1.192003 1.474098 3.969726 5.883135 0.922422 2237.760000
3.027515 1.903388 0.748009 2.363048 1.192003 1.474098 3.969726 5.883135 0.922422 2237.760000
3.027515 1.903388 0.748009 2.363048 1.192003 1.474098 3.969726 5.883135 0.922422 2237.760000
3.027515 1.903388 0.748009 2.363048 1.192003 1.474098 3.969726 5.883135 0.922422 2237.760000
3.027515 1.903388 0.748009 2.363048 1.192003 1.474098 3.969726 5.883135 0.922422 2237.760000
3.027515 1.903388 0.748009 2.363048 1.192003 1.474098 3.969726 5.883135 0.922422 2237.760000
3.027515 1.903388 0.748009 2.363048 1.192003 1.474098 3.969726 5.883135 0.922422 2237.760000
3.027515 1.903388 0.748009 2.363048 1.192003 1.474098 3.969726 5.883135 0.922422 2237.760000
3.027515 1.903388 0.748009 2.363048 1.192003 1.474098 3.969726 5.883135 0.922422 2235.840000
3.424332 2.336349 0.360192 2.008838 1.431387 1.370549 3.969726 6.419517 0.877332 2122.440000
2.486927 1.760481 1.073779 4.319224 2.119873 1.489033 3.828891 3.095772 1.312687 2232.960000
3.027515 1.903388 0.748009 2.363048 1.192003 1.474098 3.969726 5.883135 0.922422 2228.160000
3.027515 1.903388 0.748009 2.363048 1.192003 1.474098 3.969726 5.883135 0.922422 2227.200000
3.027515 1.760481 0.748009 2.363048 1.192003 1.474098 3.969726 5.883135 0.922422 1154.960000
3.027515 1.903388 0.748009 2.363048 1.192003 1.474098 3.969726 5.883135 0.922422 2237.760000
Gen 7 FITNESS 2237.760000 DIVERSITY 36.046293
 VILLAGER_LEADER F 2237.760000 3.027515 1.903388 0.748009 2.363048 1.192003 1.474098 3.969726 5.883135 0.922422 
GEN 8 NUM_GENOME 50 NUM_VILLAGE 1
3.027515 1.903388 0.748009 2.363048 1.192003 1.474098 3.969726 5.883135 0.922422 -100000000000.000000
3.027515 1.903388 0.748009 2.363048 1.192003 1.474098 3.969726 5.883135 0.922422 -100000000000.000000
3.027515 1.903388 0.748009 2.363048 1.192003 1.474098 3.969726 5.883135 0.922422 -100000000000.000000
3.027515 1.903388 0.748009 2.363048 1.192003 1.474098 3.969726 5.883135 0.922422 -100000000000.000000
2.308543 2.058530 0.425967 2.090709 0.539730 2.167167 3.640190 2.168390 1.427624 -100000000000.000000
3.027515 1.903388 0.748009 2.363048 1.192003 1.474098 3.969726 5.883135 0.922422 -100000000000.000000
0.978907 0.465930 1.420354 2.363048 0.213104 1.605195 5.825787 3.134563 1.008816 -100000000000.000000
3.027515 1.903388 0.748009 2.363048 1.192003 1.474098 3.969726 5.883135 0.922422 -100000000000.000000
3.027515 1.903388 0.748009 2.363048 1.192003 1.474098 3.969726 5.883135 0.922422 -100000000000.000000
3.027515 1.903388 0.748009 2.363048 1.192003 1.474098 3.969726 5.883135 0.922422 -100000000000.000000
3.027515 1.903388 0.748009 2.363048 1.192003 1.474098 3.969726 5.883135 0.922422 -100000000000.000000
3.027515 1.903388 0.748009 2.363048 1.192003 1.474098 3.969726 5.883135 0.922422 -100000000000.000000
3.027515 1.903388 0.748009 2.363048 1.192003 1.474098 3.969726 5.452471 0.922422 -100000000000.000000
3.027515 1.903388 0.748009 2.363048 1.192003 1.474098 3.969726 3.526436 0.922422 -100000000000.000000
3.027515 1.903388 0.748009 2.363048 1.192003 1.474098 3.969726 3.095772 0.922422 -100000000000.000000
3.776393 1.355207 1.114120 1.759388 0.478069 1.233664 4.606527 5.434981 1.133072 -100000000000.000000
3.027515 1.903388 0.748009 2.363048 1.192003 1.474098 3.969726 5.883135 0.922422 -100000000000.000000
3.027515 1.903388 0.748009 2.363048 1.192003 1.474098 3.969726 5.883135 0.922422 -100000000000.000000
3.027515 1.903388 0.748009 2.363048 1.192003 1.474098 3.969726 5.883135 0.922422 -100000000000.000000
3.027515 1.903388 0.748009 2.363048 1.192003 1.474098 3.969726 5.883135 0.922422 -100000000000.000000
3.027515 1.903388 0.748009 2.363048 1.192003 1.474098 3.969726 5.883135 0.922422 -100000000000.000000
3.027515 1.903388 0.748009 2.363048 1.192003 1.474098 3.969726 5.883135 0.922422 -100000000000.000000
3.027515 1.903388 0.748009 2.363048 1.192003 1.474098 3.969726 5.883135 0.922422 -100000000000.000000
3.027515 1.903388 0.748009 2.363048 1.192003 1.474098 3.969726 5.883135 0.922422 -100000000000.000000
3.027515 1.903388 0.748009 2.363048 1.192003 1.474098 3.969726 5.883135 0.922422 -100000000000.000000
3.027515 1.903388 0.748009 2.363048 1.192003 1.474098 3.969726 5.883135 0.922422 -100000000000.000000
1.701863 1.720564 0.578346 2.725820 0.486254 0.747724 4.610089 3.946980 1.497098 -100000000000.000000
3.027515 1.903388 0.748009 2.363048 1.192003 1.474098 3.969726 5.883135 0.922422 -100000000000.000000
3.027515 1.903388 0.748009 2.363048 1.192003 1.474098 3.969726 3.095772 0.922422 -100000000000.000000
3.027515 1.903388 0.748009 2.363048 1.192003 1.474098 3.969726 5.883135 0.922422 -100000000000.000000
3.027515 1.903388 0.748009 2.363048 1.192003 1.474098 3.969726 5.883135 0.922422 -100000000000.000000
3.027515 1.903388 0.748009 2.363048 1.192003 1.474098 3.969726 5.883135 0.922422 -100000000000.000000
3.027515 1.903388 0.748009 2.363048 1.192003 1.474098 3.969726 3.095772 0.922422 -100000000000.000000
3.027515 1.903388 0.748009 2.363048 1.192003 1.474098 3.969726 5.883135 0.922422 -100000000000.000000
3.027515 1.903388 0.748009 2.363048 1.192003 1.474098 3.969726 5.883135 0.922422 2237.760000
3.027515 1.903388 0.748009 2.363048 1.192003 1.474098 3.969726 5.883135 0.922422 2237.760000
3.027515 1.903388 0.748009 2.363048 1.192003 1.474098 3.969726 5.883135 0.922422 2237.760000
3.027515 1.903388 0.748009 2.363048 1.192003 1.474098 3.969726 5.883135 0.922422 2237.760000
3.027515 1.903388 0.748009 2.363048 1.192003 1.474098 3.969726 5.883135 0.922422 2237.760000
3.027515 1.903388 0.748009 2.363048 1.192003 1.474098 3.969726 3.095772 0.922422 2237.760000
3.027515 1.903388 0.748009 2.363048 1.192003 1.474098 3.969726 5.883135 0.922422 2237.760000
3.027515 1.903388 0.748009 2.363048 1.192003 1.474098 3.969726 5.883135 0.922422 2237.760000
3.027515 1.903388 0.748009 2.363048 1.192003 1.474098 3.969726 5.883135 0.922422 2237.760000
3.027515 1.903388 0.748009 2.363048 1.192003 1.474098 3.969726 5.883135 0.922422 2237.760000
3.027515 1.903388 0.748009 2.363048 1.192003 1.474098 3.969726 5.883135 0.922422 2237.760000
3.027515 1.903388 0.748009 2.363048 1.192003 1.474098 3.969726 5.883135 0.922422 2237.760000
3.027515 1.903388 0.748009 2.363048 1.192003 1.474098 3.969726 5.883135 0.922422 2237.760000
3.027515 1.903388 0.748009 2.363048 1.192003 1.474098 3.969726 5.883135 1.312687 -100000000000.000000
2.486927 1.760481 1.073779 4.319224 2.119873 1.489033 3.828891 3.095772 1.312687 2232.960000
3.027515 1.903388 0.748009 2.363048 1.192003 1.474098 3.969726 5.883135 0.922422 2237.760000
FILLING
3.027515 1.903388 0.748009 2.363048 1.192003 1.474098 3.969726 5.883135 0.922422 1220.240000
3.027515 1.903388 0.748009 2.363048 1.192003 1.474098 3.969726 5.883135 0.922422 2223.360000
3.027515 1.903388 0.748009 2.363048 1.192003 1.474098 3.969726 5.883135 0.922422 2185.800000
3.027515 1.903388 0.748009 2.363048 1.192003 1.474098 3.969726 5.883135 0.922422 1220.240000
2.308543 2.058530 0.425967 2.090709 0.539730 2.167167 3.640190 2.168390 1.427624 1063.880000
3.027515 1.903388 0.748009 2.363048 1.192003 1.474098 3.969726 5.883135 0.922422 1220.240000
0.978907 0.465930 1.420354 2.363048 0.213104 1.605195 5.825787 3.134563 1.008816 907.080000
3.027515 1.903388 0.748009 2.363048 1.192003 1.474098 3.969726 5.883135 0.922422 1220.240000
3.027515 1.903388 0.748009 2.363048 1.192003 1.474098 3.969726 5.883135 0.922422 808.000000
3.027515 1.903388 0.748009 2.363048 1.192003 1.474098 3.969726 5.883135 0.922422 2237.760000
3.027515 1.903388 0.748009 2.363048 1.192003 1.474098 3.969726 5.883135 0.922422 2236.800000
3.027515 1.903388 0.748009 2.363048 1.192003 1.474098 3.969726 5.883135 0.922422 1221.200000
3.027515 1.903388 0.748009 2.363048 1.192003 1.474098 3.969726 5.452471 0.922422 1180.640000
3.027515 1.903388 0.748009 2.363048 1.192003 1.474098 3.969726 3.526436 0.922422 2225.280000
3.027515 1.903388 0.748009 2.363048 1.192003 1.474098 3.969726 3.095772 0.922422 808.960000
3.776393 1.355207 1.114120 1.759388 0.478069 1.233664 4.606527 5.434981 1.133072 1220.760000
3.027515 1.903388 0.748009 2.363048 1.192003 1.474098 3.969726 5.883135 0.922422 2236.800000
3.027515 1.903388 0.748009 2.363048 1.192003 1.474098 3.969726 5.883135 0.922422 1220.240000
3.027515 1.903388 0.748009 2.363048 1.192003 1.474098 3.969726 5.883135 0.922422 1181.600000
3.027515 1.903388 0.748009 2.363048 1.192003 1.474098 3.969726 5.883135 0.922422 2225.280000
3.027515 1.903388 0.748009 2.363048 1.192003 1.474098 3.969726 5.883135 0.922422 809.920000
3.027515 1.903388 0.748009 2.363048 1.192003 1.474098 3.969726 5.883135 0.922422 2217.600000
3.027515 1.903388 0.748009 2.363048 1.192003 1.474098 3.969726 5.883135 0.922422 1066.760000
3.027515 1.903388 0.748009 2.363048 1.192003 1.474098 3.969726 5.883135 0.922422 1220.240000
3.027515 1.903388 0.748009 2.363048 1.192003 1.474098 3.969726 5.883135 0.922422 809.920000
3.027515 1.903388 0.748009 2.363048 1.192003 1.474098 3.969726 5.883135 0.922422 2183.880000
1.701863 1.720564 0.578346 2.725820 0.486254 0.747724 4.610089 3.946980 1.497098 2222.400000
3.027515 1.903388 0.748009 2.363048 1.192003 1.474098 3.969726 5.883135 0.922422 1180.880000
3.027515 1.903388 0.748009 2.363048 1.192003 1.474098 3.969726 3.095772 0.922422 2181.000000
3.027515 1.903388 0.748009 2.363048 1.192003 1.474098 3.969726 5.883135 0.922422 2184.840000
3.027515 1.903388 0.748009 2.363048 1.192003 1.474098 3.969726 5.883135 0.922422 2219.520000
3.027515 1.903388 0.748009 2.363048 1.192003 1.474098 3.969726 5.883135 0.922422 2222.400000
3.027515 1.903388 0.748009 2.363048 1.192003 1.474098 3.969726 3.095772 0.922422 759.280000
3.027515 1.903388 0.748009 2.363048 1.192003 1.474098 3.969726 5.883135 0.922422 2224.320000
3.027515 1.903388 0.748009 2.363048 1.192003 1.474098 3.969726 5.883135 0.922422 2237.760000
3.027515 1.903388 0.748009 2.363048 1.192003 1.474098 3.969726 5.883135 0.922422 2237.760000
3.027515 1.903388 0.748009 2.363048 1.192003 1.474098 3.969726 5.883135 0.922422 2237.760000
3.027515 1.903388 0.748009 2.363048 1.192003 1.474098 3.969726 5.883135 0.922422 2237.760000
3.027515 1.903388 0.748009 2.363048 1.192003 1.474098 3.969726 5.883135 0.922422 2237.760000
3.027515 1.903388 0.748009 2.363048 1.192003 1.474098 3.969726 3.095772 0.922422 2237.760000
3.027515 1.903388 0.748009 2.363048 1.192003 1.474098 3.969726 5.883135 0.922422 2237.760000
3.027515 1.903388 0.748009 2.363048 1.192003 1.474098 3.969726 5.883135 0.922422 2237.760000
3.027515 1.903388 0.748009 2.363048 1.192003 1.474098 3.969726 5.883135 0.922422 2237.760000
3.027515 1.903388 0.748009 2.363048 1.192003 1.474098 3.969726 5.883135 0.922422 2237.760000
3.027515 1.903388 0.748009 2.363048 1.192003 1.474098 3.969726 5.883135 0.922422 2237.760000
3.027515 1.903388 0.748009 2.363048 1.192003 1.474098 3.969726 5.883135 0.922422 2237.760000
3.027515 1.903388 0.748009 2.363048 1.192003 1.474098 3.969726 5.883135 0.922422 2237.760000
3.027515 1.903388 0.748009 2.363048 1.192003 1.474098 3.969726 5.883135 1.312687 1180.640000
2.486927 1.760481 1.073779 4.319224 2.119873 1.489033 3.828891 3.095772 1.312687 2232.960000
3.027515 1.903388 0.748009 2.363048 1.192003 1.474098 3.969726 5.883135 0.922422 2237.760000
Gen 8 FITNESS 2237.760000 DIVERSITY 44.359306
 VILLAGER_LEADER F 2237.760000 3.027515 1.903388 0.748009 2.363048 1.192003 1.474098 3.969726 5.883135 0.922422 
GEN 9 NUM_GENOME 50 NUM_VILLAGE 1
3.027515 1.903388 0.748009 2.363048 1.192003 1.474098 3.969726 5.883135 0.922422 -100000000000.000000
3.027515 1.903388 0.748009 2.363048 1.192003 1.474098 3.969726 5.883135 0.922422 -100000000000.000000
3.027515 1.903388 0.748009 2.363048 1.192003 1.474098 3.969726 5.883135 0.922422 -100000000000.000000
3.027515 1.903388 0.748009 2.363048 1.192003 1.474098 3.969726 5.883135 0.922422 -100000000000.000000
3.027515 1.903388 0.748009 2.363048 1.192003 1.474098 3.969726 5.883135 0.922422 -100000000000.000000
3.027515 1.903388 0.748009 2.363048 1.192003 1.474098 3.969726 3.095772 0.922422 -100000000000.000000
3.027515 1.903388 0.748009 2.363048 1.192003 1.474098 3.969726 5.883135 0.922422 -100000000000.000000
3.027515 1.903388 0.748009 2.363048 1.192003 1.474098 3.969726 5.883135 0.922422 -100000000000.000000
3.027515 1.903388 0.748009 2.363048 1.192003 1.474098 3.969726 3.095772 0.922422 -100000000000.000000
3.027515 1.903388 0.748009 2.363048 1.192003 1.474098 3.969726 3.095772 0.922422 -100000000000.000000
3.027515 1.903388 0.748009 2.363048 1.192003 1.474098 3.969726 5.883135 0.922422 -100000000000.000000
3.027515 1.903388 0.748009 2.363048 1.192003 1.474098 3.969726 5.883135 0.922422 -100000000000.000000
3.027515 1.903388 0.748009 2.363048 1.192003 1.474098 3.969726 5.883135 0.922422 -100000000000.000000
3.027515 1.903388 0.748009 2.363048 1.192003 1.474098 3.969726 5.883135 0.922422 -100000000000.000000
3.027515 1.903388 0.748009 2.363048 1.192003 1.474098 3.969726 5.883135 0.922422 -100000000000.000000
3.027515 1.903388 0.748009 2.363048 1.192003 1.474098 3.969726 5.883135 0.922422 -100000000000.000000
3.027515 1.903388 0.748009 2.363048 1.192003 1.474098 3.969726 3.095772 0.922422 -100000000000.000000
3.027515 1.903388 0.748009 2.363048 1.192003 1.474098 3.969726 5.883135 0.922422 -100000000000.000000
3.027515 1.903388 0.748009 2.363048 1.192003 1.474098 3.969726 5.883135 0.922422 -100000000000.000000
3.027515 1.903388 0.748009 2.363048 1.192003 1.474098 3.969726 5.883135 0.922422 -100000000000.000000
3.027515 1.903388 0.748009 2.363048 1.192003 1.474098 3.969726 5.541365 0.922422 -100000000000.000000
3.027515 1.903388 0.748009 2.363048 1.192003 1.474098 3.969726 3.437542 0.922422 -100000000000.000000
3.027515 1.903388 0.748009 2.363048 1.192003 1.474098 3.969726 5.883135 0.922422 -100000000000.000000
3.027515 1.903388 0.748009 2.363048 1.192003 1.474098 3.969726 5.883135 0.922422 -100000000000.000000
3.027515 1.903388 0.748009 2.363048 1.192003 1.474098 3.969726 5.883135 0.922422 -100000000000.000000
3.027515 1.903388 0.748009 2.363048 1.192003 1.474098 3.969726 5.883135 0.922422 -100000000000.000000
3.027515 1.903388 0.748009 2.363048 1.192003 1.474098 3.969726 5.883135 0.922422 -100000000000.000000
3.027515 1.903388 0.748009 2.363048 1.192003 1.474098 3.969726 5.883135 0.922422 -100000000000.000000
3.027515 1.903388 0.748009 2.363048 1.192003 1.474098 3.969726 5.883135 0.922422 -100000000000.000000
3.027515 1.903388 0.748009 2.363048 1.192003 1.474098 3.969726 5.883135 0.922422 -100000000000.000000
3.027515 1.903388 0.748009 2.363048 1.192003 1.474098 3.969726 5.883135 0.922422 -100000000000.000000
3.027515 1.903388 0.748009 2.363048 1.192003 1.474098 3.969726 5.883135 0.922422 -100000000000.000000
3.027515 1.903388 0.748009 2.363048 1.192003 1.474098 3.969726 5.883135 0.922422 -100000000000.000000
3.027515 1.903388 0.748009 2.363048 1.192003 1.474098 3.969726 5.883135 0.922422 -100000000000.000000
3.027515 1.903388 0.748009 2.363048 1.192003 1.474098 3.969726 5.883135 0.922422 2237.760000
3.027515 1.903388 0.748009 2.363048 1.192003 1.474098 3.969726 5.883135 0.922422 2237.760000
1.293430 1.903388 0.805162 2.921224 1.192003 0.862352 3.697570 4.343717 1.497926 -100000000000.000000
3.027515 1.903388 0.748009 2.363048 1.192003 1.474098 3.969726 5.883135 0.922422 2237.760000
2.692839 1.701989 0.783810 2.003952 1.440309 0.789677 5.781400 0.654372 1.186454 -100000000000.000000
3.027515 1.903388 0.748009 2.363048 1.192003 1.474098 3.969726 5.883135 0.922422 2237.760000
3.027515 1.903388 0.748009 2.363048 1.192003 1.474098 3.969726 5.883135 0.922422 2237.760000
3.027515 1.903388 0.748009 2.363048 1.192003 1.474098 3.969726 5.883135 0.922422 2237.760000
3.027515 1.903388 0.748009 2.363048 1.192003 1.474098 3.969726 3.095772 0.922422 2237.760000
3.027515 1.903388 0.748009 2.363048 1.192003 1.474098 3.969726 5.883135 0.922422 2237.760000
3.027515 1.903388 0.748009 2.363048 1.192003 1.474098 3.969726 5.883135 0.922422 2237.760000
3.027515 1.903388 0.748009 2.363048 1.192003 1.474098 3.969726 5.883135 0.922422 2237.760000
3.027515 1.903388 0.748009 2.363048 1.192003 1.474098 3.969726 5.883135 0.922422 2237.760000
3.027515 1.903388 0.748009 2.363048 1.192003 1.474098 3.969726 5.883135 0.922422 2237.760000
3.027515 1.903388 0.748009 2.363048 1.192003 1.474098 3.969726 5.883135 0.922422 2237.760000
3.027515 1.903388 0.748009 2.363048 1.192003 1.474098 3.969726 5.883135 0.922422 2237.760000
FILLING
3.027515 1.903388 0.748009 2.363048 1.192003 1.474098 3.969726 5.883135 0.922422 1220.240000
3.027515 1.903388 0.748009 2.363048 1.192003 1.474098 3.969726 5.883135 0.922422 2186.760000
3.027515 1.903388 0.748009 2.363048 1.192003 1.474098 3.969726 5.883135 0.922422 2161.800000
3.027515 1.903388 0.748009 2.363048 1.192003 1.474098 3.969726 5.883135 0.922422 2223.360000
3.027515 1.903388 0.748009 2.363048 1.192003 1.474098 3.969726 5.883135 0.922422 2133.000000
3.027515 1.903388 0.748009 2.363048 1.192003 1.474098 3.969726 3.095772 0.922422 2188.680000
3.027515 1.903388 0.748009 2.363048 1.192003 1.474098 3.969726 5.883135 0.922422 2177.160000
3.027515 1.903388 0.748009 2.363048 1.192003 1.474098 3.969726 5.883135 0.922422 822.400000
3.027515 1.903388 0.748009 2.363048 1.192003 1.474098 3.969726 3.095772 0.922422 1296.200000
3.027515 1.903388 0.748009 2.363048 1.192003 1.474098 3.969726 3.095772 0.922422 2232.960000
3.027515 1.903388 0.748009 2.363048 1.192003 1.474098 3.969726 5.883135 0.922422 1217.360000
3.027515 1.903388 0.748009 2.363048 1.192003 1.474098 3.969726 5.883135 0.922422 2237.760000
3.027515 1.903388 0.748009 2.363048 1.192003 1.474098 3.969726 5.883135 0.922422 2176.200000
3.027515 1.903388 0.748009 2.363048 1.192003 1.474098 3.969726 5.883135 0.922422 2213.760000
3.027515 1.903388 0.748009 2.363048 1.192003 1.474098 3.969726 5.883135 0.922422 2181.960000
3.027515 1.903388 0.748009 2.363048 1.192003 1.474098 3.969726 5.883135 0.922422 2221.440000
3.027515 1.903388 0.748009 2.363048 1.192003 1.474098 3.969726 3.095772 0.922422 2227.200000
3.027515 1.903388 0.748009 2.363048 1.192003 1.474098 3.969726 5.883135 0.922422 2218.560000
3.027515 1.903388 0.748009 2.363048 1.192003 1.474098 3.969726 5.883135 0.922422 2183.880000
3.027515 1.903388 0.748009 2.363048 1.192003 1.474098 3.969726 5.883135 0.922422 2194.440000
3.027515 1.903388 0.748009 2.363048 1.192003 1.474098 3.969726 5.541365 0.922422 2176.200000
3.027515 1.903388 0.748009 2.363048 1.192003 1.474098 3.969726 3.437542 0.922422 2180.040000
3.027515 1.903388 0.748009 2.363048 1.192003 1.474098 3.969726 5.883135 0.922422 2165.640000
3.027515 1.903388 0.748009 2.363048 1.192003 1.474098 3.969726 5.883135 0.922422 2173.320000
3.027515 1.903388 0.748009 2.363048 1.192003 1.474098 3.969726 5.883135 0.922422 2145.480000
3.027515 1.903388 0.748009 2.363048 1.192003 1.474098 3.969726 5.883135 0.922422 1194.080000
3.027515 1.903388 0.748009 2.363048 1.192003 1.474098 3.969726 5.883135 0.922422 2237.760000
3.027515 1.903388 0.748009 2.363048 1.192003 1.474098 3.969726 5.883135 0.922422 2222.400000
3.027515 1.903388 0.748009 2.363048 1.192003 1.474098 3.969726 5.883135 0.922422 2221.440000
3.027515 1.903388 0.748009 2.363048 1.192003 1.474098 3.969726 5.883135 0.922422 2173.320000
3.027515 1.903388 0.748009 2.363048 1.192003 1.474098 3.969726 5.883135 0.922422 2154.120000
3.027515 1.903388 0.748009 2.363048 1.192003 1.474098 3.969726 5.883135 0.922422 1157.840000
3.027515 1.903388 0.748009 2.363048 1.192003 1.474098 3.969726 5.883135 0.922422 2226.240000
3.027515 1.903388 0.748009 2.363048 1.192003 1.474098 3.969726 5.883135 0.922422 1222.160000
3.027515 1.903388 0.748009 2.363048 1.192003 1.474098 3.969726 5.883135 0.922422 2237.760000
3.027515 1.903388 0.748009 2.363048 1.192003 1.474098 3.969726 5.883135 0.922422 2237.760000
1.293430 1.903388 0.805162 2.921224 1.192003 0.862352 3.697570 4.343717 1.497926 1068.320000
3.027515 1.903388 0.748009 2.363048 1.192003 1.474098 3.969726 5.883135 0.922422 2237.760000
2.692839 1.701989 0.783810 2.003952 1.440309 0.789677 5.781400 0.654372 1.186454 904.200000
3.027515 1.903388 0.748009 2.363048 1.192003 1.474098 3.969726 5.883135 0.922422 2237.760000
3.027515 1.903388 0.748009 2.363048 1.192003 1.474098 3.969726 5.883135 0.922422 2237.760000
3.027515 1.903388 0.748009 2.363048 1.192003 1.474098 3.969726 5.883135 0.922422 2237.760000
3.027515 1.903388 0.748009 2.363048 1.192003 1.474098 3.969726 3.095772 0.922422 2237.760000
3.027515 1.903388 0.748009 2.363048 1.192003 1.474098 3.969726 5.883135 0.922422 2237.760000
3.027515 1.903388 0.748009 2.363048 1.192003 1.474098 3.969726 5.883135 0.922422 2237.760000
3.027515 1.903388 0.748009 2.363048 1.192003 1.474098 3.969726 5.883135 0.922422 2237.760000
3.027515 1.903388 0.748009 2.363048 1.192003 1.474098 3.969726 5.883135 0.922422 2237.760000
3.027515 1.903388 0.748009 2.363048 1.192003 1.474098 3.969726 5.883135 0.922422 2237.760000
3.027515 1.903388 0.748009 2.363048 1.192003 1.474098 3.969726 5.883135 0.922422 2237.760000
3.027515 1.903388 0.748009 2.363048 1.192003 1.474098 3.969726 5.883135 0.922422 2237.760000
Gen 9 FITNESS 2237.760000 DIVERSITY 27.766160
 VILLAGER_LEADER F 2237.760000 3.027515 1.903388 0.748009 2.363048 1.192003 1.474098 3.969726 5.883135 0.922422 
END_OF_AN_ERA
