CHECKSUM 2627762512
GEN 0 NUM_GENOME 51 NUM_VILLAGE 3
3.591266 4.665822 4.345073 3.915220 0.355510 1.839470 1.540849 3.311625 1.752712 25.285806 9.532762 32.816553 1.144444 -100000000000.000000
4.924924 0.846126 0.686056 9.009674 1.250374 1.439445 3.015671 0.637471 1.504770 10.933561 19.410688 29.464095 3.741569 -100000000000.000000
1.183660 3.541368 2.411420 9.436628 1.986114 1.051238 4.429243 4.311274 2.683090 12.417676 26.316721 44.959868 6.944182 -100000000000.000000
3.563189 1.167180 0.414747 0.090335 0.526261 0.820206 3.608814 4.827372 0.592190 21.272927 15.961791 22.186956 5.902890 -100000000000.000000
1.487930 0.861843 3.724174 4.072695 2.610157 2.199612 0.689657 3.274407 1.109333 9.533677 21.019318 41.047395 8.293100 -100000000000.000000
4.928892 0.334025 1.937162 3.938414 2.972442 0.934748 4.183004 2.266793 1.323325 5.724967 7.454451 33.880123 16.790063 -100000000000.000000
3.700674 0.887631 0.261849 5.516831 0.381329 1.061779 4.351512 1.920988 0.301401 4.819483 9.417402 31.136509 17.642750 -100000000000.000000
2.857601 2.628712 4.099399 2.947783 2.446089 2.206125 0.628544 3.356395 2.791281 2.598346 29.099094 15.956603 8.007447 -100000000000.000000
4.454176 1.776177 1.201514 9.939573 0.826197 2.492547 0.759697 4.713111 1.400534 8.857082 10.782495 29.430525 6.535234 -100000000000.000000
1.311686 1.118046 4.405347 2.493057 2.189276 0.766225 2.558077 3.911771 2.746867 9.768059 27.942747 32.918790 18.712119 -100000000000.000000
4.778893 0.807520 3.900113 6.132694 1.077792 2.385726 2.793054 4.627140 2.165371 1.843013 9.928282 25.453963 2.471999 -100000000000.000000
0.032960 0.789056 4.317911 0.881069 1.289010 1.923328 1.307108 1.230613 1.848790 27.325663 21.922056 32.158879 13.784600 -100000000000.000000
0.005646 4.071932 1.652120 8.070315 0.380047 2.386196 3.000015 3.996506 2.202863 14.357738 29.558702 49.107334 18.731651 -100000000000.000000
0.987135 1.997834 0.409184 1.272927 0.905795 1.358659 2.027313 2.129621 2.727680 3.276590 2.312824 7.780694 13.849744 -100000000000.000000
0.987135 1.997834 0.409184 1.272927 0.905795 1.358659 2.027313 2.129621 2.727680 3.276590 2.312824 7.780694 13.849744 -100000000000.000000
0.987135 1.997834 0.409184 1.272927 0.905795 1.358659 2.027313 2.129621 2.727680 3.276590 2.312824 7.780694 13.849744 -100000000000.000000
0.987135 1.997834 0.409184 1.272927 0.905795 1.358659 2.027313 2.129621 2.727680 3.276590 2.312824 7.780694 13.849744 -100000000000.000000
1.257515 1.161229 3.159429 5.514695 1.515336 2.067278 0.690069 3.165502 2.024631 12.508316 24.244819 26.149785 0.305185 -100000000000.000000
1.106601 1.373638 2.196570 4.530168 2.831172 0.770254 3.492904 3.034211 1.657869 3.341777 15.414289 29.464095 2.318796 -100000000000.000000
4.867550 2.488937 4.525285 4.298532 0.163884 1.984829 4.218711 3.696844 1.427067 1.515244 26.824854 30.925932 14.559771 -100000000000.000000
4.533677 1.420484 3.029725 1.940367 1.566698 1.399698 2.575655 0.733879 2.681194 0.157476 1.125217 25.434126 11.333354 -100000000000.000000
4.763024 3.464309 2.724845 9.684133 1.987854 1.345247 2.689642 1.410520 0.335102 17.457808 22.465896 24.878689 7.819452 -100000000000.000000
0.637532 3.307443 1.739250 3.668020 2.241737 2.015647 1.412442 3.849010 0.492651 17.657399 29.458907 7.203894 11.984619 -100000000000.000000
0.021363 0.959807 3.886837 0.050050 1.749077 2.343294 3.037782 2.328867 2.566494 16.362804 7.603687 31.371502 11.662954 -100000000000.000000
1.339152 3.520310 4.933317 6.792810 1.615040 2.446892 3.389080 1.124180 1.297617 11.850948 0.709555 47.257912 9.771416 -100000000000.000000
1.224708 1.928617 2.620930 5.547044 0.720542 0.318732 1.677770 1.531098 1.489196 2.482070 29.313334 19.025239 15.196997 -100000000000.000000
4.029511 3.788720 1.030152 7.282937 2.170507 0.434751 2.975158 3.474776 2.582644 14.748680 6.025269 44.637898 11.373028 -100000000000.000000
0.775018 2.238533 1.160009 9.383526 0.007324 1.792471 1.819910 1.749870 0.474441 8.979766 25.848872 35.935545 19.714957 -100000000000.000000
3.796350 4.734642 3.317515 7.624439 2.872097 1.804892 3.694510 0.923124 2.507825 22.044740 2.107608 12.512589 6.217841 -100000000000.000000
1.740776 0.079501 4.314554 7.041231 2.204108 1.132276 2.964034 1.944746 2.762935 19.137852 22.848598 29.639576 13.553880 -100000000000.000000
0.987135 1.997834 0.409184 1.272927 0.905795 1.358659 2.027313 2.129621 2.727680 3.276590 2.312824 7.780694 13.849744 -100000000000.000000
0.987135 1.997834 0.409184 1.272927 0.905795 1.358659 2.027313 2.129621 2.727680 3.276590 2.312824 7.780694 13.849744 -100000000000.000000
0.987135 1.997834 0.409184 1.272927 0.905795 1.358659 2.027313 2.129621 2.727680 3.276590 2.312824 7.780694 13.849744 -100000000000.000000
0.987135 1.997834 0.409184 1.272927 0.905795 1.358659 2.027313 2.129621 2.727680 3.276590 2.312824 7.780694 13.849744 -100000000000.000000
3.162633 4.024171 3.404798 8.631855 1.246620 1.111530 2.545030 2.886853 1.100186 16.253853 3.025910 13.078707 11.866207 -100000000000.000000
3.368938 0.770135 1.009705 1.308023 0.032228 0.780862 0.547929 0.554247 1.653832 5.200354 11.278726 34.911649 13.695486 -100000000000.000000
0.671407 1.255837 4.627216 0.636311 2.875759 1.328864 2.710517 4.419767 1.841292 26.424757 13.231605 31.754509 17.861873 -100000000000.000000
3.529160 3.433485 2.246162 6.590777 0.596301 1.591855 2.091693 4.527711 1.217853 15.736564 22.037416 17.380291 13.505051 -100000000000.000000
0.020142 0.732902 3.200323 9.720756 0.935514 1.325776 2.472930 4.306879 1.002213 23.427229 12.264779 0.700400 1.027863 -100000000000.000000
4.603870 1.233253 1.658986 7.936033 0.118381 1.531562 1.711966 3.632160 0.704996 26.580401 29.495529 23.949400 0.433363 -100000000000.000000
3.134404 3.201086 0.135502 3.447981 0.536058 0.629325 4.182180 3.061678 0.413300 28.794214 4.764550 16.147343 3.815424 -100000000000.000000
0.373394 3.786889 4.084750 4.828333 2.846736 1.767025 1.141896 2.265007 1.419321 3.828852 26.052126 42.272713 5.965148 -100000000000.000000
1.710868 4.203467 2.210608 8.835719 2.136631 1.613340 4.288751 4.439817 1.840056 8.875393 17.962279 1.159703 18.747520 -100000000000.000000
2.856838 1.115604 0.285501 3.351848 0.651143 1.960659 0.935347 1.350368 0.587658 18.784448 5.566576 42.373424 5.133824 -100000000000.000000
0.487991 0.544298 3.770104 4.394971 0.141362 0.632817 4.096622 1.620640 1.363948 28.500320 11.601917 1.495407 18.779260 -100000000000.000000
0.498520 1.212348 2.866298 9.010285 1.998291 1.400571 4.937788 4.701849 1.010947 2.791528 19.256874 45.019379 17.058016 -100000000000.000000
4.914701 3.079012 0.952788 9.186682 0.778863 1.431120 4.366207 1.290628 2.027351 3.048799 11.048006 23.416852 7.951292 -100000000000.000000
0.987135 1.997834 0.409184 1.272927 0.905795 1.358659 2.027313 2.129621 2.727680 3.276590 2.312824 7.780694 13.849744 -100000000000.000000
0.987135 1.997834 0.409184 1.272927 0.905795 1.358659 2.027313 2.129621 2.727680 3.276590 2.312824 7.780694 13.849744 -100000000000.000000
0.987135 1.997834 0.409184 1.272927 0.905795 1.358659 2.027313 2.129621 2.727680 3.276590 2.312824 7.780694 13.849744 -100000000000.000000
0.987135 1.997834 0.409184 1.272927 0.905795 1.358659 2.027313 2.129621 2.727680 3.276590 2.312824 7.780694 13.849744 -100000000000.000000
FILLING
3.591266 4.665822 4.345073 3.915220 0.355510 1.839470 1.540849 3.311625 1.752712 25.285806 9.532762 32.816553 1.144444 1141.133333
4.924924 0.846126 0.686056 9.009674 1.250374 1.439445 3.015671 0.637471 1.504770 10.933561 19.410688 29.464095 3.741569 1011.400000
1.183660 3.541368 2.411420 9.436628 1.986114 1.051238 4.429243 4.311274 2.683090 12.417676 26.316721 44.959868 6.944182 1173.466667
3.563189 1.167180 0.414747 0.090335 0.526261 0.820206 3.608814 4.827372 0.592190 21.272927 15.961791 22.186956 5.902890 911.066667
1.487930 0.861843 3.724174 4.072695 2.610157 2.199612 0.689657 3.274407 1.109333 9.533677 21.019318 41.047395 8.293100 1248.133333
4.928892 0.334025 1.937162 3.938414 2.972442 0.934748 4.183004 2.266793 1.323325 5.724967 7.454451 33.880123 16.790063 1033.533333
