CHECKSUM 3681646727
GEN 0 NUM_GENOME 51 NUM_VILLAGE 3
1.996063 2.187719 4.634236 8.663289 1.995544 1.176925 2.131108 4.171880 1.401276 -100000000000.000000
1.557360 2.264168 1.508988 9.471419 2.702445 1.338533 3.462142 1.892285 1.643696 -100000000000.000000
3.473159 3.787805 1.452376 9.771111 0.627064 1.827049 0.624836 1.245170 1.162151 -100000000000.000000
3.523820 4.318522 1.881008 5.655995 0.696554 2.019272 1.517914 4.528123 1.748921 -100000000000.000000
0.970794 1.974090 0.074770 7.630238 1.106174 1.347664 2.559038 4.411390 1.018033 -100000000000.000000
2.923063 1.951811 1.610004 0.776086 2.603198 1.842222 4.851268 1.590838 1.877630 -100000000000.000000
1.944639 4.889828 1.106449 9.028291 2.385205 0.946229 4.163091 0.845119 2.191491 -100000000000.000000
2.231666 1.490066 0.765099 8.259224 0.565996 0.675451 4.417982 3.928251 2.533946 -100000000000.000000
3.882107 4.519486 4.314249 6.665853 1.799249 0.538081 1.107700 2.613147 1.665203 -100000000000.000000
4.622028 3.247475 1.720634 7.084567 1.789727 1.426218 4.810617 3.877026 1.276357 -100000000000.000000
4.602344 2.451552 1.358074 2.650533 1.027802 0.799191 4.331462 3.921247 1.224610 -100000000000.000000
1.012452 3.521836 3.736381 0.896023 2.398022 1.422257 1.431806 0.864345 2.208795 -100000000000.000000
0.798669 0.440382 0.533464 1.491134 2.097537 1.621128 4.961821 4.032075 0.978399 -100000000000.000000
2.399765 2.612566 1.364618 8.304295 2.820971 1.169633 1.702902 2.910539 1.575819 -100000000000.000000
2.399765 2.612566 1.364618 8.304295 2.820971 1.169633 1.702902 2.910539 1.575819 -100000000000.000000
2.399765 2.612566 1.364618 8.304295 2.820971 1.169633 1.702902 2.910539 1.575819 -100000000000.000000
2.399765 2.612566 1.364618 8.304295 2.820971 1.169633 1.702902 2.910539 1.575819 -100000000000.000000
2.878048 0.713523 0.948820 1.975158 0.135502 1.259239 1.953673 2.303735 2.185476 -100000000000.000000
2.352824 4.438612 3.752861 3.713492 2.173070 2.476904 4.150044 1.521622 2.031141 -100000000000.000000
0.002289 4.276101 3.898129 1.806085 0.103458 0.439250 2.398495 4.380078 2.837919 -100000000000.000000
0.850856 3.051241 4.173559 2.162847 1.019745 1.101862 0.510025 3.923719 1.787814 -100000000000.000000
1.189611 3.692282 4.258705 2.722251 1.244606 0.782742 1.731605 3.697256 0.545799 -100000000000.000000
4.536729 4.961547 2.064882 7.935728 0.646565 0.923670 2.765038 4.084262 2.693884 -100000000000.000000
3.623157 1.671041 1.442763 1.147191 2.857997 2.141133 2.520173 4.743461 1.910508 -100000000000.000000
1.748253 0.437178 4.838862 2.893765 0.617359 0.312152 4.463576 1.253548 2.628953 -100000000000.000000
3.671377 4.402448 3.805506 8.525651 2.416150 1.363643 3.581484 2.022752 0.871856 -100000000000.000000
3.840144 0.162511 2.762230 2.140568 1.740196 2.244932 4.560396 1.167577 2.280895 -100000000000.000000
4.145329 0.118412 1.965850 7.365642 2.745201 1.536195 1.174856 0.826853 2.797873 -100000000000.000000
4.813990 0.974609 2.860958 3.925596 0.164892 0.866131 4.555315 1.657994 2.201791 -100000000000.000000
0.907620 3.505356 2.860500 3.219398 1.583636 1.202506 1.232261 2.779870 2.378539 -100000000000.000000
2.399765 2.612566 1.364618 8.304295 2.820971 1.169633 1.702902 2.910539 1.575819 -100000000000.000000
2.399765 2.612566 1.364618 8.304295 2.820971 1.169633 1.702902 2.910539 1.575819 -100000000000.000000
2.399765 2.612566 1.364618 8.304295 2.820971 1.169633 1.702902 2.910539 1.575819 -100000000000.000000
2.399765 2.612566 1.364618 8.304295 2.820971 1.169633 1.702902 2.910539 1.575819 -100000000000.000000
1.491592 3.253426 3.019044 7.427290 2.233863 1.933131 2.576342 2.753777 1.087826 -100000000000.000000
0.963317 0.822321 1.194494 5.066378 1.047029 0.364388 2.454253 1.301752 2.137519 -100000000000.000000
3.193457 4.330882 4.426557 2.011475 0.599139 1.769576 2.590762 1.357509 0.312195 -100000000000.000000
0.345622 2.049928 0.603809 2.763146 2.947905 1.917017 1.371792 1.315073 0.554698 -100000000000.000000
1.647237 1.983551 1.434675 6.110721 1.024140 1.359145 1.630940 1.949965 1.962337 -100000000000.000000
3.865627 0.093997 0.664998 7.204810 0.648762 0.980471 3.758370 3.168111 1.818879 -100000000000.000000
3.393658 2.472610 1.674856 1.078524 2.799768 1.277435 1.361080 4.479644 0.781051 -100000000000.000000
0.762352 1.199530 3.568224 2.829981 1.521653 2.117969 0.625523 0.695837 1.229225 -100000000000.000000
1.371197 4.322642 4.113742 6.491897 2.705924 2.370083 4.780404 2.668081 2.668093 -100000000000.000000
1.078829 3.343150 1.378216 9.401837 2.528214 2.253056 3.524491 2.881085 2.791775 -100000000000.000000
2.807245 2.715995 1.673330 9.625233 2.805261 1.093469 4.186438 2.489410 1.553551 -100000000000.000000
2.832423 3.648335 2.013459 6.806238 0.305246 0.598172 2.553957 4.033311 2.325886 -100000000000.000000
0.119480 0.635090 1.261940 4.525895 2.946532 2.338124 1.511048 1.610340 2.999176 -100000000000.000000
2.399765 2.612566 1.364618 8.304295 2.820971 1.169633 1.702902 2.910539 1.575819 -100000000000.000000
2.399765 2.612566 1.364618 8.304295 2.820971 1.169633 1.702902 2.910539 1.575819 -100000000000.000000
2.399765 2.612566 1.364618 8.304295 2.820971 1.169633 1.702902 2.910539 1.575819 -100000000000.000000
2.399765 2.612566 1.364618 8.304295 2.820971 1.169633 1.702902 2.910539 1.575819 -100000000000.000000
FILLING
1.996063 2.187719 4.634236 8.663289 1.995544 1.176925 2.131108 4.171880 1.401276 552.113333
1.557360 2.264168 1.508988 9.471419 2.702445 1.338533 3.462142 1.892285 1.643696 669.900000
3.473159 3.787805 1.452376 9.771111 0.627064 1.827049 0.624836 1.245170 1.162151 750.726667
3.523820 4.318522 1.881008 5.655995 0.696554 2.019272 1.517914 4.528123 1.748921 938.873333
0.970794 1.974090 0.074770 7.630238 1.106174 1.347664 2.559038 4.411390 1.018033 647.340000
2.923063 1.951811 1.610004 0.776086 2.603198 1.842222 4.851268 1.590838 1.877630 367.833333
1.944639 4.889828 1.106449 9.028291 2.385205 0.946229 4.163091 0.845119 2.191491 545.433333
2.231666 1.490066 0.765099 8.259224 0.565996 0.675451 4.417982 3.928251 2.533946 808.060000
3.882107 4.519486 4.314249 6.665853 1.799249 0.538081 1.107700 2.613147 1.665203 688.866667
4.622028 3.247475 1.720634 7.084567 1.789727 1.426218 4.810617 3.877026 1.276357 684.906667
4.602344 2.451552 1.358074 2.650533 1.027802 0.799191 4.331462 3.921247 1.224610 798.046667
1.012452 3.521836 3.736381 0.896023 2.398022 1.422257 1.431806 0.864345 2.208795 573.986667
0.798669 0.440382 0.533464 1.491134 2.097537 1.621128 4.961821 4.032075 0.978399 506.080000
2.399765 2.612566 1.364618 8.304295 2.820971 1.169633 1.702902 2.910539 1.575819 802.420000
2.399765 2.612566 1.364618 8.304295 2.820971 1.169633 1.702902 2.910539 1.575819 616.986667
2.399765 2.612566 1.364618 8.304295 2.820971 1.169633 1.702902 2.910539 1.575819 942.213333
2.399765 2.612566 1.364618 8.304295 2.820971 1.169633 1.702902 2.910539 1.575819 1078.000000
2.878048 0.713523 0.948820 1.975158 0.135502 1.259239 1.953673 2.303735 2.185476 660.546667
2.352824 4.438612 3.752861 3.713492 2.173070 2.476904 4.150044 1.521622 2.031141 786.126667
0.002289 4.276101 3.898129 1.806085 0.103458 0.439250 2.398495 4.380078 2.837919 643.073333
0.850856 3.051241 4.173559 2.162847 1.019745 1.101862 0.510025 3.923719 1.787814 534.153333
1.189611 3.692282 4.258705 2.722251 1.244606 0.782742 1.731605 3.697256 0.545799 498.826667
4.536729 4.961547 2.064882 7.935728 0.646565 0.923670 2.765038 4.084262 2.693884 1016.320000
3.623157 1.671041 1.442763 1.147191 2.857997 2.141133 2.520173 4.743461 1.910508 829.086667
1.748253 0.437178 4.838862 2.893765 0.617359 0.312152 4.463576 1.253548 2.628953 528.493333
3.671377 4.402448 3.805506 8.525651 2.416150 1.363643 3.581484 2.022752 0.871856 662.186667
3.840144 0.162511 2.762230 2.140568 1.740196 2.244932 4.560396 1.167577 2.280895 483.366667
4.145329 0.118412 1.965850 7.365642 2.745201 1.536195 1.174856 0.826853 2.797873 501.840000
4.813990 0.974609 2.860958 3.925596 0.164892 0.866131 4.555315 1.657994 2.201791 512.233333
0.907620 3.505356 2.860500 3.219398 1.583636 1.202506 1.232261 2.779870 2.378539 590.213333
2.399765 2.612566 1.364618 8.304295 2.820971 1.169633 1.702902 2.910539 1.575819 822.773333
2.399765 2.612566 1.364618 8.304295 2.820971 1.169633 1.702902 2.910539 1.575819 615.853333
2.399765 2.612566 1.364618 8.304295 2.820971 1.169633 1.702902 2.910539 1.575819 1000.333333
2.399765 2.612566 1.364618 8.304295 2.820971 1.169633 1.702902 2.910539 1.575819 905.613333
1.491592 3.253426 3.019044 7.427290 2.233863 1.933131 2.576342 2.753777 1.087826 586.846667
0.963317 0.822321 1.194494 5.066378 1.047029 0.364388 2.454253 1.301752 2.137519 476.140000
3.193457 4.330882 4.426557 2.011475 0.599139 1.769576 2.590762 1.357509 0.312195 604.020000
0.345622 2.049928 0.603809 2.763146 2.947905 1.917017 1.371792 1.315073 0.554698 471.766667
