CHECKSUM 3681646727
GEN 0 NUM_GENOME 51 NUM_VILLAGE 3
3.243812 2.712027 3.727836 4.286935 0.501083 0.502698 4.487747 1.970702 1.499744 -100000000000.000000
2.750328 0.137333 1.016572 3.763848 2.042695 0.344649 3.068682 3.786386 2.372195 -100000000000.000000
3.813898 4.974975 2.641987 0.853298 2.704184 1.657585 3.223045 4.352474 0.559148 -100000000000.000000
4.916074 1.222877 4.801935 0.060427 2.134159 0.969192 1.363277 3.439756 0.375149 -100000000000.000000
3.653371 1.667989 1.589709 7.036348 2.626362 2.143147 3.309839 2.403302 1.689428 -100000000000.000000
1.952116 4.861293 0.571154 9.803766 0.425184 2.433396 1.740394 1.895718 2.687539 -100000000000.000000
0.124973 4.127934 4.097568 9.590442 2.256752 1.422257 0.522248 1.272774 1.239525 -100000000000.000000
1.991485 0.916776 2.499924 5.947752 1.489334 2.002487 4.427046 3.415586 0.334855 -100000000000.000000
3.141575 4.014100 1.308481 3.045442 0.951903 0.641881 3.250511 0.662053 2.398233 -100000000000.000000
4.155400 1.831263 2.915586 2.244331 1.940886 0.681494 1.452956 3.852168 0.830161 -100000000000.000000
1.012299 0.316935 2.307962 9.679861 2.741173 1.352297 3.604831 2.777398 2.195611 -100000000000.000000
3.441267 4.926756 4.465926 5.745415 1.227577 1.376467 2.011902 2.825602 1.288141 -100000000000.000000
2.404859 0.681478 3.530229 2.797021 1.619160 2.121259 1.513245 2.071642 0.909183 -100000000000.000000
2.399765 2.612566 1.364618 8.304295 2.820971 1.169633 1.702902 4.076880 1.575819 -100000000000.000000
2.399765 2.612566 1.364618 8.304295 2.820971 1.169633 1.702902 4.076880 1.575819 -100000000000.000000
2.399765 2.612566 1.364618 8.304295 2.820971 1.169633 1.702902 4.076880 1.575819 -100000000000.000000
2.640406 3.849691 1.502159 8.013866 1.926604 1.490074 2.197689 3.987579 1.505790 -100000000000.000000
3.801691 2.178259 3.791620 6.834010 2.736503 1.762191 1.575320 0.845119 0.874163 -100000000000.000000
1.813105 1.115604 1.293527 1.557054 1.165685 1.649193 3.132954 4.933668 1.859337 -100000000000.000000
3.516343 1.380352 1.172063 2.483596 0.843776 0.813425 4.548860 4.130406 1.501886 -100000000000.000000
3.593249 0.153813 0.501877 1.621754 2.397839 0.338807 3.569674 0.968581 2.914139 -100000000000.000000
1.783044 3.190100 3.945280 8.437147 0.526627 0.597971 3.023499 2.100757 1.111887 -100000000000.000000
1.743980 2.188635 1.621601 1.451765 2.753716 1.096759 4.268700 1.406812 1.909848 -100000000000.000000
4.403821 1.667989 2.092959 2.446364 2.365520 2.050291 1.601550 4.221870 2.369146 -100000000000.000000
4.811090 3.091830 2.822352 5.444502 2.891324 1.809726 4.564379 3.299402 1.075466 -100000000000.000000
2.663503 2.270425 0.377056 4.782861 2.097262 1.528877 2.678793 2.684835 2.394195 -100000000000.000000
3.189337 2.545854 0.268258 8.468886 2.944884 0.632212 0.823557 0.824244 0.657204 -100000000000.000000
1.110416 1.417127 0.905484 5.217444 0.186865 0.877612 1.256844 2.819697 0.382482 -100000000000.000000
0.329295 4.819025 2.609180 8.027894 1.389538 1.105957 1.947630 0.534059 0.718427 -100000000000.000000
0.075686 1.375164 1.156804 8.823817 2.055971 1.534114 4.657491 4.261971 2.153175 -100000000000.000000
2.399765 2.612566 1.364618 8.304295 2.820971 1.169633 1.702902 4.076880 1.575819 -100000000000.000000
2.399765 2.612566 1.364618 8.304295 2.820971 1.169633 1.702902 4.076880 1.575819 -100000000000.000000
2.399765 2.612566 1.364618 8.304295 2.820971 1.169633 1.702902 4.076880 1.575819 -100000000000.000000
2.640406 3.849691 1.502159 8.013866 1.926604 1.490074 2.197689 3.987579 1.505790 -100000000000.000000
0.534074 1.174352 1.349071 6.455275 1.090426 0.991885 3.768807 2.556978 1.871615 -100000000000.000000
0.534837 3.898434 3.395489 7.493210 0.510697 1.843431 1.212073 4.266778 1.790616 -100000000000.000000
4.793847 0.825068 2.613605 2.539445 2.836848 2.102930 0.664113 1.914396 2.621702 -100000000000.000000
0.447096 1.459243 0.209967 1.270791 0.426283 2.402310 2.441343 1.760582 1.192721 -100000000000.000000
3.066347 1.452986 3.499710 5.964843 2.061098 0.549629 1.058535 3.061678 1.005509 -100000000000.000000
1.136814 1.645253 0.724204 4.730674 0.741508 2.263128 4.205939 3.302698 1.292425 -100000000000.000000
2.206183 2.944426 3.312479 5.242775 0.882687 1.640464 1.474654 4.800455 2.732365 -100000000000.000000
2.712333 3.963591 0.979492 9.868770 2.175817 1.043382 0.641728 4.148396 0.378774 -100000000000.000000
3.984039 2.256233 2.188787 6.631672 2.484268 0.568563 2.470321 3.672948 1.205493 -100000000000.000000
2.107456 4.567705 3.214209 9.689322 1.672811 0.881170 3.678991 1.642476 2.483682 -100000000000.000000
2.964721 1.362194 2.511826 4.130375 0.487167 0.568496 1.239814 1.129810 2.474371 -100000000000.000000
4.168065 3.875088 0.372784 6.967376 0.274026 0.636241 3.406384 2.271737 0.817142 -100000000000.000000
0.037385 2.154149 2.743614 5.267495 1.832392 1.982479 1.414914 1.986221 2.160839 -100000000000.000000
2.399765 2.612566 1.364618 8.304295 2.820971 1.169633 1.702902 4.076880 1.575819 -100000000000.000000
2.399765 2.612566 1.364618 8.304295 2.820971 1.169633 1.702902 4.076880 1.575819 -100000000000.000000
2.399765 2.612566 1.364618 8.304295 2.820971 1.169633 1.702902 4.076880 1.575819 -100000000000.000000
2.640406 3.849691 1.502159 8.013866 1.926604 1.490074 2.197689 3.987579 1.505790 -100000000000.000000
FILLING
3.243812 2.712027 3.727836 4.286935 0.501083 0.502698 4.487747 1.970702 1.499744 697.320000
2.750328 0.137333 1.016572 3.763848 2.042695 0.344649 3.068682 3.786386 2.372195 545.513333
3.813898 4.974975 2.641987 0.853298 2.704184 1.657585 3.223045 4.352474 0.559148 476.446667
4.916074 1.222877 4.801935 0.060427 2.134159 0.969192 1.363277 3.439756 0.375149 428.266667
3.653371 1.667989 1.589709 7.036348 2.626362 2.143147 3.309839 2.403302 1.689428 702.166667
1.952116 4.861293 0.571154 9.803766 0.425184 2.433396 1.740394 1.895718 2.687539 517.140000
0.124973 4.127934 4.097568 9.590442 2.256752 1.422257 0.522248 1.272774 1.239525 339.220000
1.991485 0.916776 2.499924 5.947752 1.489334 2.002487 4.427046 3.415586 0.334855 532.520000
3.141575 4.014100 1.308481 3.045442 0.951903 0.641881 3.250511 0.662053 2.398233 530.646667
4.155400 1.831263 2.915586 2.244331 1.940886 0.681494 1.452956 3.852168 0.830161 687.186667
1.012299 0.316935 2.307962 9.679861 2.741173 1.352297 3.604831 2.777398 2.195611 427.706667
3.441267 4.926756 4.465926 5.745415 1.227577 1.376467 2.011902 2.825602 1.288141 813.266667
2.404859 0.681478 3.530229 2.797021 1.619160 2.121259 1.513245 2.071642 0.909183 603.653333
2.399765 2.612566 1.364618 8.304295 2.820971 1.169633 1.702902 4.076880 1.575819 693.893333
2.399765 2.612566 1.364618 8.304295 2.820971 1.169633 1.702902 4.076880 1.575819 689.606667
2.399765 2.612566 1.364618 8.304295 2.820971 1.169633 1.702902 4.076880 1.575819 1088.680000
2.640406 3.849691 1.502159 8.013866 1.926604 1.490074 2.197689 3.987579 1.505790 531.860000
3.801691 2.178259 3.791620 6.834010 2.736503 1.762191 1.575320 0.845119 0.874163 511.700000
1.813105 1.115604 1.293527 1.557054 1.165685 1.649193 3.132954 4.933668 1.859337 585.866667
3.516343 1.380352 1.172063 2.483596 0.843776 0.813425 4.548860 4.130406 1.501886 918.833333
3.593249 0.153813 0.501877 1.621754 2.397839 0.338807 3.569674 0.968581 2.914139 472.753333
1.783044 3.190100 3.945280 8.437147 0.526627 0.597971 3.023499 2.100757 1.111887 604.793333
1.743980 2.188635 1.621601 1.451765 2.753716 1.096759 4.268700 1.406812 1.909848 801.726667
4.403821 1.667989 2.092959 2.446364 2.365520 2.050291 1.601550 4.221870 2.369146 481.760000
4.811090 3.091830 2.822352 5.444502 2.891324 1.809726 4.564379 3.299402 1.075466 600.213333
2.663503 2.270425 0.377056 4.782861 2.097262 1.528877 2.678793 2.684835 2.394195 603.973333
3.189337 2.545854 0.268258 8.468886 2.944884 0.632212 0.823557 0.824244 0.657204 479.880000
1.110416 1.417127 0.905484 5.217444 0.186865 0.877612 1.256844 2.819697 0.382482 678.080000
0.329295 4.819025 2.609180 8.027894 1.389538 1.105957 1.947630 0.534059 0.718427 427.580000
0.075686 1.375164 1.156804 8.823817 2.055971 1.534114 4.657491 4.261971 2.153175 342.820000
2.399765 2.612566 1.364618 8.304295 2.820971 1.169633 1.702902 4.076880 1.575819 924.426667
2.399765 2.612566 1.364618 8.304295 2.820971 1.169633 1.702902 4.076880 1.575819 860.546667
2.399765 2.612566 1.364618 8.304295 2.820971 1.169633 1.702902 4.076880 1.575819 811.080000
2.640406 3.849691 1.502159 8.013866 1.926604 1.490074 2.197689 3.987579 1.505790 596.033333
0.534074 1.174352 1.349071 6.455275 1.090426 0.991885 3.768807 2.556978 1.871615 686.600000
0.534837 3.898434 3.395489 7.493210 0.510697 1.843431 1.212073 4.266778 1.790616 756.506667
4.793847 0.825068 2.613605 2.539445 2.836848 2.102930 0.664113 1.914396 2.621702 659.693333
0.447096 1.459243 0.209967 1.270791 0.426283 2.402310 2.441343 1.760582 1.192721 428.706667
3.066347 1.452986 3.499710 5.964843 2.061098 0.549629 1.058535 3.061678 1.005509 632.473333
1.136814 1.645253 0.724204 4.730674 0.741508 2.263128 4.205939 3.302698 1.292425 674.473333
2.206183 2.944426 3.312479 5.242775 0.882687 1.640464 1.474654 4.800455 2.732365 727.253333
2.712333 3.963591 0.979492 9.868770 2.175817 1.043382 0.641728 4.148396 0.378774 440.866667
3.984039 2.256233 2.188787 6.631672 2.484268 0.568563 2.470321 3.672948 1.205493 635.393333
2.107456 4.567705 3.214209 9.689322 1.672811 0.881170 3.678991 1.642476 2.483682 701.213333
2.964721 1.362194 2.511826 4.130375 0.487167 0.568496 1.239814 1.129810 2.474371 534.086667
4.168065 3.875088 0.372784 6.967376 0.274026 0.636241 3.406384 2.271737 0.817142 612.933333
0.037385 2.154149 2.743614 5.267495 1.832392 1.982479 1.414914 1.986221 2.160839 642.780000
2.399765 2.612566 1.364618 8.304295 2.820971 1.169633 1.702902 4.076880 1.575819 753.260000
2.399765 2.612566 1.364618 8.304295 2.820971 1.169633 1.702902 4.076880 1.575819 877.180000
2.399765 2.612566 1.364618 8.304295 2.820971 1.169633 1.702902 4.076880 1.575819 567.926667
2.640406 3.849691 1.502159 8.013866 1.926604 1.490074 2.197689 3.987579 1.505790 754.513333
Gen 0 FITNESS 1088.680000 DIVERSITY 108.308142
 VILLAGER_LEADER F 1088.680000 2.399765 2.612566 1.364618 8.304295 2.820971 1.169633 1.702902 4.076880 1.575819 
GEN 1 NUM_GENOME 50 NUM_VILLAGE 2
3.653371 1.667989 1.589709 8.304295 2.626362 2.143147 3.309839 4.076880 1.689428 -100000000000.000000
2.399765 2.612566 1.364618 7.036348 2.820971 1.169633 1.702902 2.403302 1.575819 -100000000000.000000
3.243812 2.712027 3.727836 4.286935 0.501083 0.502698 4.487747 1.970702 1.499744 -100000000000.000000
3.243812 2.712027 3.727836 4.286935 0.501083 0.502698 4.487747 1.970702 1.499744 -100000000000.000000
1.388388 3.372079 4.128206 7.404025 0.912738 0.370729 5.526592 1.366811 2.520678 -100000000000.000000
3.243812 2.712027 3.727836 4.286935 0.501083 0.502698 4.487747 1.970702 1.499744 -100000000000.000000
3.441267 2.712027 4.465926 4.286935 0.501083 1.376467 2.011902 2.825602 1.288141 -100000000000.000000
3.243812 4.926756 3.727836 5.745415 1.227577 0.502698 4.487747 1.970702 1.499744 -100000000000.000000
4.155400 1.667989 2.915586 2.244331 2.626362 2.143147 3.309839 3.852168 0.830161 -100000000000.000000
3.653371 1.831263 1.589709 7.036348 1.940886 0.681494 1.452956 2.403302 1.689428 -100000000000.000000
3.441267 4.926756 4.465926 5.745415 1.227577 1.376467 2.011902 2.825602 1.288141 -100000000000.000000
3.441267 4.926756 4.465926 5.745415 1.227577 1.376467 2.011902 2.825602 1.288141 -100000000000.000000
2.399765 0.681478 3.530229 2.797021 1.619160 2.121259 1.702902 2.071642 0.909183 -100000000000.000000
2.404859 2.612566 1.364618 8.304295 2.820971 1.169633 1.513245 4.076880 1.575819 -100000000000.000000
3.243812 4.926756 3.727836 4.286935 1.227577 1.376467 4.487747 2.825602 1.288141 -100000000000.000000
3.441267 2.712027 4.465926 5.745415 0.501083 0.502698 2.011902 1.970702 1.499744 -100000000000.000000
2.399765 2.612566 1.364618 8.304295 2.820971 1.169633 1.702902 4.076880 1.575819 1088.680000
3.441267 4.926756 4.465926 5.745415 1.227577 1.376467 2.011902 2.825602 1.288141 813.266667
3.653371 1.667989 1.589709 7.036348 2.626362 2.143147 3.309839 2.403302 1.689428 702.166667
3.243812 2.712027 3.727836 4.286935 0.501083 0.502698 4.487747 1.970702 1.499744 697.320000
2.399765 2.612566 1.364618 8.304295 2.820971 1.169633 1.702902 4.076880 1.575819 693.893333
2.399765 2.612566 1.364618 8.304295 2.820971 1.169633 1.702902 4.076880 1.575819 689.606667
4.155400 1.831263 2.915586 2.244331 1.940886 0.681494 1.452956 3.852168 0.830161 687.186667
2.404859 0.681478 3.530229 2.797021 1.619160 2.121259 1.513245 2.071642 0.909183 603.653333
2.399765 2.612566 1.364618 8.304295 2.820971 1.169633 1.702902 4.076880 1.575819 1088.680000
3.516343 3.898434 3.395489 7.493210 0.843776 1.843431 4.548860 4.130406 1.790616 -100000000000.000000
0.534837 1.380352 1.172063 2.483596 0.510697 0.813425 1.212073 4.266778 1.501886 -100000000000.000000
2.155851 4.006005 1.955284 9.669244 2.820971 1.169633 1.260744 2.906386 1.745177 -100000000000.000000
2.399765 2.612566 1.364618 8.304295 2.820971 1.169633 1.702902 4.076880 1.575819 -100000000000.000000
2.202231 2.821587 2.429835 7.908042 2.054943 1.238023 1.665643 4.132276 1.673229 -100000000000.000000
0.732371 3.689413 2.330272 7.889463 1.276725 1.775041 1.249332 4.211382 1.693206 -100000000000.000000
2.670368 2.140141 1.329285 7.223681 2.401519 1.001615 3.340212 4.094149 1.548651 -100000000000.000000
3.516343 1.380352 1.172063 8.304295 2.820971 1.490074 1.702902 2.906386 1.548651 -100000000000.000000
3.516343 1.380352 1.172063 2.483596 1.926604 0.813425 2.197689 4.130406 1.505790 -100000000000.000000
2.640406 3.849691 1.502159 8.013866 0.843776 1.490074 4.548860 3.987579 1.501886 -100000000000.000000
2.640406 1.380352 1.172063 8.013866 0.843776 1.490074 4.548860 4.130406 1.501886 -100000000000.000000
3.516343 3.849691 1.502159 2.483596 1.926604 0.813425 2.197689 3.987579 1.505790 -100000000000.000000
2.555523 2.349673 1.341711 7.659892 2.498352 0.972291 2.187393 4.102609 1.533162 -100000000000.000000
3.360585 1.643245 1.194970 3.127999 1.166395 1.010767 4.064369 4.104677 1.544543 -100000000000.000000
2.399765 2.612566 1.364618 8.304295 2.820971 1.169633 1.702902 4.076880 1.575819 -100000000000.000000
2.399765 2.612566 1.364618 8.304295 2.820971 1.169633 1.702902 4.076880 1.575819 -100000000000.000000
2.399765 2.612566 1.364618 8.304295 2.820971 1.169633 1.702902 4.076880 1.575819 924.426667
3.516343 1.380352 1.172063 2.483596 0.843776 0.813425 4.548860 4.130406 1.501886 918.833333
2.399765 2.612566 1.364618 8.304295 2.820971 1.169633 1.702902 4.076880 1.575819 860.546667
2.399765 2.612566 1.364618 8.304295 2.820971 1.169633 1.702902 4.076880 1.575819 811.080000
1.743980 2.188635 1.621601 1.451765 2.753716 1.096759 4.268700 1.406812 1.909848 801.726667
0.534837 3.898434 3.395489 7.493210 0.510697 1.843431 1.212073 4.266778 1.790616 756.506667
2.640406 3.849691 1.502159 8.013866 1.926604 1.490074 2.197689 3.987579 1.505790 754.513333
2.399765 2.612566 1.364618 8.304295 2.820971 1.169633 1.702902 4.076880 1.575819 753.260000
2.399765 2.612566 1.364618 8.304295 2.820971 1.169633 1.702902 4.076880 1.575819 924.426667
FILLING
3.653371 1.667989 1.589709 8.304295 2.626362 2.143147 3.309839 4.076880 1.689428 611.880000
2.399765 2.612566 1.364618 7.036348 2.820971 1.169633 1.702902 2.403302 1.575819 1001.480000
3.243812 2.712027 3.727836 4.286935 0.501083 0.502698 4.487747 1.970702 1.499744 758.160000
3.243812 2.712027 3.727836 4.286935 0.501083 0.502698 4.487747 1.970702 1.499744 471.153333
1.388388 3.372079 4.128206 7.404025 0.912738 0.370729 5.526592 1.366811 2.520678 533.640000
3.243812 2.712027 3.727836 4.286935 0.501083 0.502698 4.487747 1.970702 1.499744 680.640000
3.441267 2.712027 4.465926 4.286935 0.501083 1.376467 2.011902 2.825602 1.288141 490.786667
3.243812 4.926756 3.727836 5.745415 1.227577 0.502698 4.487747 1.970702 1.499744 734.293333
4.155400 1.667989 2.915586 2.244331 2.626362 2.143147 3.309839 3.852168 0.830161 635.546667
3.653371 1.831263 1.589709 7.036348 1.940886 0.681494 1.452956 2.403302 1.689428 546.306667
3.441267 4.926756 4.465926 5.745415 1.227577 1.376467 2.011902 2.825602 1.288141 659.000000
3.441267 4.926756 4.465926 5.745415 1.227577 1.376467 2.011902 2.825602 1.288141 789.873333
2.399765 0.681478 3.530229 2.797021 1.619160 2.121259 1.702902 2.071642 0.909183 452.626667
2.404859 2.612566 1.364618 8.304295 2.820971 1.169633 1.513245 4.076880 1.575819 987.413333
3.243812 4.926756 3.727836 4.286935 1.227577 1.376467 4.487747 2.825602 1.288141 614.226667
3.441267 2.712027 4.465926 5.745415 0.501083 0.502698 2.011902 1.970702 1.499744 593.080000
2.399765 2.612566 1.364618 8.304295 2.820971 1.169633 1.702902 4.076880 1.575819 1088.680000
3.441267 4.926756 4.465926 5.745415 1.227577 1.376467 2.011902 2.825602 1.288141 813.266667
3.653371 1.667989 1.589709 7.036348 2.626362 2.143147 3.309839 2.403302 1.689428 702.166667
3.243812 2.712027 3.727836 4.286935 0.501083 0.502698 4.487747 1.970702 1.499744 697.320000
2.399765 2.612566 1.364618 8.304295 2.820971 1.169633 1.702902 4.076880 1.575819 693.893333
2.399765 2.612566 1.364618 8.304295 2.820971 1.169633 1.702902 4.076880 1.575819 689.606667
4.155400 1.831263 2.915586 2.244331 1.940886 0.681494 1.452956 3.852168 0.830161 687.186667
2.404859 0.681478 3.530229 2.797021 1.619160 2.121259 1.513245 2.071642 0.909183 603.653333
2.399765 2.612566 1.364618 8.304295 2.820971 1.169633 1.702902 4.076880 1.575819 1088.680000
3.516343 3.898434 3.395489 7.493210 0.843776 1.843431 4.548860 4.130406 1.790616 582.293333
0.534837 1.380352 1.172063 2.483596 0.510697 0.813425 1.212073 4.266778 1.501886 668.960000
2.155851 4.006005 1.955284 9.669244 2.820971 1.169633 1.260744 2.906386 1.745177 519.086667
2.399765 2.612566 1.364618 8.304295 2.820971 1.169633 1.702902 4.076880 1.575819 743.633333
2.202231 2.821587 2.429835 7.908042 2.054943 1.238023 1.665643 4.132276 1.673229 665.466667
0.732371 3.689413 2.330272 7.889463 1.276725 1.775041 1.249332 4.211382 1.693206 762.646667
2.670368 2.140141 1.329285 7.223681 2.401519 1.001615 3.340212 4.094149 1.548651 926.166667
3.516343 1.380352 1.172063 8.304295 2.820971 1.490074 1.702902 2.906386 1.548651 528.700000
3.516343 1.380352 1.172063 2.483596 1.926604 0.813425 2.197689 4.130406 1.505790 551.320000
2.640406 3.849691 1.502159 8.013866 0.843776 1.490074 4.548860 3.987579 1.501886 636.933333
2.640406 1.380352 1.172063 8.013866 0.843776 1.490074 4.548860 4.130406 1.501886 686.753333
3.516343 3.849691 1.502159 2.483596 1.926604 0.813425 2.197689 3.987579 1.505790 663.913333
2.555523 2.349673 1.341711 7.659892 2.498352 0.972291 2.187393 4.102609 1.533162 714.293333
3.360585 1.643245 1.194970 3.127999 1.166395 1.010767 4.064369 4.104677 1.544543 500.046667
2.399765 2.612566 1.364618 8.304295 2.820971 1.169633 1.702902 4.076880 1.575819 1001.353333
2.399765 2.612566 1.364618 8.304295 2.820971 1.169633 1.702902 4.076880 1.575819 618.520000
2.399765 2.612566 1.364618 8.304295 2.820971 1.169633 1.702902 4.076880 1.575819 924.426667
3.516343 1.380352 1.172063 2.483596 0.843776 0.813425 4.548860 4.130406 1.501886 918.833333
2.399765 2.612566 1.364618 8.304295 2.820971 1.169633 1.702902 4.076880 1.575819 860.546667
2.399765 2.612566 1.364618 8.304295 2.820971 1.169633 1.702902 4.076880 1.575819 811.080000
1.743980 2.188635 1.621601 1.451765 2.753716 1.096759 4.268700 1.406812 1.909848 801.726667
0.534837 3.898434 3.395489 7.493210 0.510697 1.843431 1.212073 4.266778 1.790616 756.506667
2.640406 3.849691 1.502159 8.013866 1.926604 1.490074 2.197689 3.987579 1.505790 754.513333
2.399765 2.612566 1.364618 8.304295 2.820971 1.169633 1.702902 4.076880 1.575819 753.260000
2.399765 2.612566 1.364618 8.304295 2.820971 1.169633 1.702902 4.076880 1.575819 924.426667
Gen 1 FITNESS 1088.680000 DIVERSITY 125.061347
 VILLAGER_LEADER F 1088.680000 2.399765 2.612566 1.364618 8.304295 2.820971 1.169633 1.702902 4.076880 1.575819 
GEN 2 NUM_GENOME 50 NUM_VILLAGE 1
2.399765 2.612566 1.329285 6.186735 2.820971 0.682272 1.702902 4.094149 1.548651 -100000000000.000000
1.999295 1.619356 0.459492 11.012248 4.246655 0.918392 2.993710 3.466041 2.477089 -100000000000.000000
2.670368 2.612566 1.329285 7.223681 2.820971 1.169633 1.702902 4.094149 1.548651 -100000000000.000000
2.399765 2.140141 1.364618 7.036348 2.401519 1.001615 3.340212 2.403302 1.575819 -100000000000.000000
2.399765 2.612566 1.364618 7.216104 2.820971 1.169633 1.702902 2.881383 1.575819 -100000000000.000000
2.399765 2.612566 4.465926 7.889463 2.401519 1.169633 3.340212 4.076880 1.575819 -100000000000.000000
3.026731 2.668039 3.036425 5.297325 1.075982 0.682272 3.937071 2.206333 1.503947 -100000000000.000000
2.616846 2.656554 2.056029 7.293905 2.246072 0.990059 2.253578 3.841249 1.571616 -100000000000.000000
2.399765 2.612566 3.727836 4.286935 0.501083 1.169633 4.487747 4.076880 1.499744 -100000000000.000000
2.610039 4.926756 1.364618 8.304295 1.075982 1.376467 1.702902 4.080741 1.575819 -100000000000.000000
3.441267 2.612566 1.364618 7.889463 2.820971 1.169633 1.702902 4.076880 1.575819 -100000000000.000000
2.610039 2.206950 1.337087 7.618229 2.606153 1.045871 2.976725 4.090288 1.552417 -100000000000.000000
3.516343 1.380352 1.364618 2.483596 0.843776 1.169633 4.548860 4.076880 1.575819 -100000000000.000000
2.399765 2.612566 1.172063 8.304295 2.820971 0.813425 1.702902 4.130406 1.501886 -100000000000.000000
2.399765 2.612566 1.364618 8.304295 2.820971 1.169633 1.702902 4.076880 1.575819 -100000000000.000000
2.399765 2.612566 1.364618 8.304295 2.820971 1.169633 1.702902 4.076880 1.575819 -100000000000.000000
2.399765 1.199872 1.023939 10.692334 1.603476 0.944147 1.241754 5.210132 1.575819 -100000000000.000000
1.828774 0.364732 0.539953 10.765496 2.057615 0.956216 1.211370 3.002468 1.995072 -100000000000.000000
2.399765 2.140141 1.329285 7.223681 2.401519 1.169633 3.340212 4.076880 1.575819 -100000000000.000000
2.670368 2.612566 1.364618 8.304295 2.820971 1.001615 1.702902 4.094149 1.548651 -100000000000.000000
3.244924 4.169670 3.826527 6.186735 2.104714 1.361432 1.936683 3.092328 1.365338 -100000000000.000000
2.596108 3.369652 2.004017 7.862975 1.943834 1.184668 1.778121 3.810154 1.498622 -100000000000.000000
2.399765 2.612566 1.364618 8.304295 2.820971 1.169633 1.702902 4.076880 1.575819 -100000000000.000000
2.399765 2.612566 1.364618 7.036348 2.820971 1.169633 1.702902 2.403302 1.575819 -100000000000.000000
2.399765 2.612566 1.364618 8.304295 2.820971 1.169633 1.702902 4.076880 1.575819 -100000000000.000000
2.399765 2.612566 1.364618 8.304295 2.820971 1.169633 1.702902 4.076880 1.575819 -100000000000.000000
2.399765 2.612566 1.364618 8.304295 2.820971 1.169633 1.702902 4.076880 1.575819 -100000000000.000000
2.399765 2.612566 1.364618 8.304295 2.820971 1.169633 1.702902 4.076880 1.575819 -100000000000.000000
2.399765 2.612566 1.364618 7.773999 2.820971 1.169633 1.702902 3.569643 1.575819 -100000000000.000000
2.399765 2.612566 1.364618 7.566644 2.820971 1.169633 1.702902 2.910539 1.575819 -100000000000.000000
2.009827 4.321857 1.650316 10.097746 2.693669 0.644760 0.888738 0.936315 1.839490 -100000000000.000000
2.400588 2.612566 1.364618 8.304295 2.820971 1.169633 1.654435 4.076880 1.575819 -100000000000.000000
3.516343 2.612566 1.329285 8.304295 1.276725 1.169633 0.888738 4.130406 1.575819 -100000000000.000000
2.399765 2.612566 1.364618 8.304295 2.820971 1.169633 1.702902 4.076880 1.575819 -100000000000.000000
2.399765 2.612566 1.364618 8.304295 2.820971 1.169633 1.702902 4.076880 1.575819 1088.680000
2.399765 2.612566 1.364618 8.304295 2.820971 1.169633 1.702902 4.076880 1.575819 1088.680000
2.399765 2.612566 1.364618 7.036348 2.820971 1.169633 1.702902 2.403302 1.575819 1001.480000
2.399765 2.612566 1.364618 8.304295 2.820971 1.169633 1.702902 4.076880 1.575819 1001.353333
2.404859 2.612566 1.364618 8.304295 2.820971 1.169633 1.513245 4.076880 1.575819 987.413333
2.670368 2.140141 1.329285 7.223681 2.401519 1.001615 3.340212 4.094149 1.548651 926.166667
2.399765 2.612566 1.364618 8.304295 2.820971 1.169633 1.702902 4.076880 1.575819 924.426667
2.399765 2.612566 1.364618 8.304295 2.820971 1.169633 1.702902 4.076880 1.575819 924.426667
3.516343 1.572481 1.478732 2.213908 0.978048 0.588457 3.094061 5.549109 1.755169 -100000000000.000000
2.399765 2.656554 1.364618 8.304295 2.401519 0.944147 1.702902 1.406812 1.365338 -100000000000.000000
6.062291 4.926756 5.356898 5.997104 1.291953 1.563803 1.505862 4.022351 1.477925 -100000000000.000000
2.399765 2.612566 1.364618 8.304295 2.820971 1.169633 1.702902 4.076880 1.575819 811.080000
1.743980 2.188635 1.621601 1.451765 2.753716 1.096759 4.268700 1.406812 1.909848 801.726667
3.441267 4.926756 4.465926 5.745415 1.227577 1.376467 2.011902 2.825602 1.288141 789.873333
0.732371 3.689413 2.330272 7.889463 1.276725 1.775041 1.249332 4.211382 1.693206 762.646667
2.399765 2.612566 1.364618 8.304295 2.820971 1.169633 1.702902 4.076880 1.575819 1088.680000
FILLING
2.399765 2.612566 1.329285 6.186735 2.820971 0.682272 1.702902 4.094149 1.548651 675.906667
1.999295 1.619356 0.459492 11.012248 4.246655 0.918392 2.993710 3.466041 2.477089 631.580000
2.670368 2.612566 1.329285 7.223681 2.820971 1.169633 1.702902 4.094149 1.548651 846.480000
2.399765 2.140141 1.364618 7.036348 2.401519 1.001615 3.340212 2.403302 1.575819 760.113333
2.399765 2.612566 1.364618 7.216104 2.820971 1.169633 1.702902 2.881383 1.575819 914.093333
2.399765 2.612566 4.465926 7.889463 2.401519 1.169633 3.340212 4.076880 1.575819 671.400000
3.026731 2.668039 3.036425 5.297325 1.075982 0.682272 3.937071 2.206333 1.503947 427.286667
2.616846 2.656554 2.056029 7.293905 2.246072 0.990059 2.253578 3.841249 1.571616 582.433333
2.399765 2.612566 3.727836 4.286935 0.501083 1.169633 4.487747 4.076880 1.499744 497.606667
2.610039 4.926756 1.364618 8.304295 1.075982 1.376467 1.702902 4.080741 1.575819 806.113333
3.441267 2.612566 1.364618 7.889463 2.820971 1.169633 1.702902 4.076880 1.575819 510.773333
2.610039 2.206950 1.337087 7.618229 2.606153 1.045871 2.976725 4.090288 1.552417 715.120000
3.516343 1.380352 1.364618 2.483596 0.843776 1.169633 4.548860 4.076880 1.575819 737.653333
2.399765 2.612566 1.172063 8.304295 2.820971 0.813425 1.702902 4.130406 1.501886 610.046667
2.399765 2.612566 1.364618 8.304295 2.820971 1.169633 1.702902 4.076880 1.575819 634.486667
2.399765 2.612566 1.364618 8.304295 2.820971 1.169633 1.702902 4.076880 1.575819 820.420000
2.399765 1.199872 1.023939 10.692334 1.603476 0.944147 1.241754 5.210132 1.575819 667.506667
1.828774 0.364732 0.539953 10.765496 2.057615 0.956216 1.211370 3.002468 1.995072 750.246667
2.399765 2.140141 1.329285 7.223681 2.401519 1.169633 3.340212 4.076880 1.575819 746.373333
2.670368 2.612566 1.364618 8.304295 2.820971 1.001615 1.702902 4.094149 1.548651 907.906667
3.244924 4.169670 3.826527 6.186735 2.104714 1.361432 1.936683 3.092328 1.365338 712.240000
2.596108 3.369652 2.004017 7.862975 1.943834 1.184668 1.778121 3.810154 1.498622 608.526667
2.399765 2.612566 1.364618 8.304295 2.820971 1.169633 1.702902 4.076880 1.575819 965.506667
2.399765 2.612566 1.364618 7.036348 2.820971 1.169633 1.702902 2.403302 1.575819 795.540000
2.399765 2.612566 1.364618 8.304295 2.820971 1.169633 1.702902 4.076880 1.575819 929.540000
2.399765 2.612566 1.364618 8.304295 2.820971 1.169633 1.702902 4.076880 1.575819 617.386667
2.399765 2.612566 1.364618 8.304295 2.820971 1.169633 1.702902 4.076880 1.575819 1023.033333
2.399765 2.612566 1.364618 8.304295 2.820971 1.169633 1.702902 4.076880 1.575819 707.226667
2.399765 2.612566 1.364618 7.773999 2.820971 1.169633 1.702902 3.569643 1.575819 695.433333
2.399765 2.612566 1.364618 7.566644 2.820971 1.169633 1.702902 2.910539 1.575819 1174.633333
2.009827 4.321857 1.650316 10.097746 2.693669 0.644760 0.888738 0.936315 1.839490 561.080000
2.400588 2.612566 1.364618 8.304295 2.820971 1.169633 1.654435 4.076880 1.575819 821.373333
3.516343 2.612566 1.329285 8.304295 1.276725 1.169633 0.888738 4.130406 1.575819 566.753333
2.399765 2.612566 1.364618 8.304295 2.820971 1.169633 1.702902 4.076880 1.575819 898.366667
2.399765 2.612566 1.364618 8.304295 2.820971 1.169633 1.702902 4.076880 1.575819 1088.680000
2.399765 2.612566 1.364618 8.304295 2.820971 1.169633 1.702902 4.076880 1.575819 1088.680000
2.399765 2.612566 1.364618 7.036348 2.820971 1.169633 1.702902 2.403302 1.575819 1001.480000
2.399765 2.612566 1.364618 8.304295 2.820971 1.169633 1.702902 4.076880 1.575819 1001.353333
2.404859 2.612566 1.364618 8.304295 2.820971 1.169633 1.513245 4.076880 1.575819 987.413333
2.670368 2.140141 1.329285 7.223681 2.401519 1.001615 3.340212 4.094149 1.548651 926.166667
2.399765 2.612566 1.364618 8.304295 2.820971 1.169633 1.702902 4.076880 1.575819 924.426667
2.399765 2.612566 1.364618 8.304295 2.820971 1.169633 1.702902 4.076880 1.575819 924.426667
3.516343 1.572481 1.478732 2.213908 0.978048 0.588457 3.094061 5.549109 1.755169 751.893333
2.399765 2.656554 1.364618 8.304295 2.401519 0.944147 1.702902 1.406812 1.365338 534.500000
6.062291 4.926756 5.356898 5.997104 1.291953 1.563803 1.505862 4.022351 1.477925 485.540000
2.399765 2.612566 1.364618 8.304295 2.820971 1.169633 1.702902 4.076880 1.575819 811.080000
1.743980 2.188635 1.621601 1.451765 2.753716 1.096759 4.268700 1.406812 1.909848 801.726667
3.441267 4.926756 4.465926 5.745415 1.227577 1.376467 2.011902 2.825602 1.288141 789.873333
0.732371 3.689413 2.330272 7.889463 1.276725 1.775041 1.249332 4.211382 1.693206 762.646667
2.399765 2.612566 1.364618 8.304295 2.820971 1.169633 1.702902 4.076880 1.575819 1088.680000
Gen 2 FITNESS 1174.633333 DIVERSITY 162.646580
 VILLAGER_LEADER F 1174.633333 2.399765 2.612566 1.364618 7.566644 2.820971 1.169633 1.702902 2.910539 1.575819 
GEN 3 NUM_GENOME 50 NUM_VILLAGE 1
2.399765 2.612566 1.364618 8.304295 2.820971 1.169633 1.702902 4.076880 1.575819 -100000000000.000000
2.399765 2.612566 1.364618 8.304295 2.820971 1.169633 1.702902 2.910539 1.575819 -100000000000.000000
2.399765 2.612566 1.364618 8.304295 2.820971 1.169633 1.702902 4.076880 1.575819 -100000000000.000000
2.399765 2.612566 1.364618 8.304295 2.820971 1.169633 1.702902 4.076880 1.575819 -100000000000.000000
2.399765 2.612566 1.364618 8.304295 2.820971 1.169633 1.702902 4.076880 1.575819 -100000000000.000000
1.875098 1.504293 1.364618 10.712949 0.850944 0.348951 1.631665 4.405155 1.814922 -100000000000.000000
2.399765 2.612566 1.364618 8.304295 2.820971 1.169633 1.702902 4.076880 1.575819 -100000000000.000000
2.399765 2.612566 1.364618 7.566644 2.820971 1.169633 1.702902 2.910539 1.575819 -100000000000.000000
2.399765 2.612566 1.364618 7.566644 2.820971 1.169633 1.702902 4.076880 1.575819 -100000000000.000000
2.399765 2.612566 1.364618 8.304295 2.820971 1.169633 1.702902 2.910539 1.575819 -100000000000.000000
2.399765 2.612566 1.364618 8.304295 2.820971 1.169633 1.702902 2.403302 1.575819 -100000000000.000000
2.399765 2.612566 1.364618 7.566644 2.820971 1.169633 1.702902 4.076880 1.575819 -100000000000.000000
2.399765 2.612566 1.364618 7.566644 2.820971 1.169633 1.702902 4.076880 1.575819 -100000000000.000000
2.399765 2.612566 1.364618 8.304295 2.820971 1.169633 1.702902 2.910539 1.575819 -100000000000.000000
2.399765 2.612566 1.364618 7.566644 2.820971 1.169633 1.702902 2.910539 1.575819 -100000000000.000000
2.399765 2.612566 1.364618 8.304295 2.820971 1.169633 1.702902 4.076880 1.575819 -100000000000.000000
2.399765 2.612566 1.364618 8.304295 2.820971 1.169633 1.702902 4.076880 1.575819 -100000000000.000000
2.399765 2.612566 1.364618 8.304295 2.820971 1.169633 1.702902 4.076880 1.575819 -100000000000.000000
2.399765 2.612566 1.364618 8.304295 2.820971 1.169633 1.702902 4.076880 1.575819 -100000000000.000000
2.399765 2.612566 1.364618 8.304295 2.820971 1.169633 1.702902 4.076880 1.575819 -100000000000.000000
2.404859 2.612566 1.364618 8.304295 2.820971 1.169633 1.702902 4.076880 1.575819 -100000000000.000000
2.399765 2.612566 1.364618 8.304295 2.820971 1.169633 1.702902 4.076880 1.575819 -100000000000.000000
2.399765 2.612566 1.364618 7.566644 2.820971 1.169633 1.702902 2.910539 1.575819 -100000000000.000000
2.399765 2.612566 1.364618 8.304295 2.820971 1.169633 1.702902 4.076880 1.575819 -100000000000.000000
2.399765 2.612566 1.364618 8.163429 2.820971 1.169633 1.702902 3.469638 1.575819 -100000000000.000000
2.399765 2.612566 1.364618 7.177214 2.820971 1.169633 1.702902 3.010544 1.575819 -100000000000.000000
2.399765 2.612566 1.364618 7.566644 2.820971 1.169633 1.702902 2.910539 1.575819 -100000000000.000000
2.399765 2.612566 1.364618 7.036348 2.820971 1.169633 1.702902 2.910539 1.575819 -100000000000.000000
2.399765 2.612566 1.364618 8.304295 2.820971 1.169633 1.702902 4.076880 1.575819 -100000000000.000000
2.399765 2.612566 1.364618 8.304295 2.820971 1.169633 1.702902 4.076880 1.575819 -100000000000.000000
2.399765 2.612566 1.364618 8.304295 2.820971 1.169633 1.702902 4.076880 1.575819 -100000000000.000000
2.399765 2.612566 1.364618 8.304295 2.820971 1.169633 1.702902 2.881383 1.575819 -100000000000.000000
2.399765 2.612566 1.364618 8.304295 2.820971 1.169633 1.702902 4.076880 1.575819 -100000000000.000000
2.399765 2.612566 1.364618 8.304295 2.820971 1.169633 1.702902 4.076880 1.575819 -100000000000.000000
2.399765 2.612566 1.364618 7.566644 2.820971 1.169633 1.702902 2.910539 1.575819 1174.633333
2.399765 2.612566 1.364618 8.304295 2.820971 1.169633 1.702902 4.076880 1.575819 1088.680000
2.399765 2.612566 1.364618 8.304295 2.820971 1.169633 1.702902 4.076880 1.575819 -100000000000.000000
2.399765 2.612566 1.364618 8.304295 2.820971 1.169633 1.702902 4.076880 1.575819 1088.680000
2.399765 2.612566 1.364618 8.304295 2.820971 1.169633 1.702902 4.076880 1.575819 1023.033333
2.399765 2.612566 1.364618 8.304295 2.820971 1.169633 1.702902 2.910539 1.575819 -100000000000.000000
2.399765 2.612566 1.364618 8.304295 2.820971 1.169633 1.702902 4.076880 1.575819 1001.353333
1.605198 1.459510 2.093110 9.065679 4.193237 1.169633 0.782840 3.416932 1.712381 -100000000000.000000
2.399765 2.612566 1.364618 8.304295 2.820971 1.169633 1.702902 4.076880 1.575819 965.506667
2.399765 2.612566 1.364618 8.304295 2.820971 1.169633 1.702902 4.076880 1.575819 929.540000
2.670368 2.140141 1.329285 7.223681 2.401519 1.001615 3.340212 4.094149 1.548651 926.166667
2.399765 2.612566 1.364618 8.304295 2.820971 1.169633 1.702902 4.076880 1.575819 924.426667
2.399765 2.612566 1.364618 8.304295 2.820971 1.169633 1.702902 4.076880 1.575819 924.426667
2.399765 2.612566 1.364618 7.216104 2.820971 1.169633 1.702902 2.881383 1.575819 914.093333
2.670368 2.612566 1.364618 8.304295 2.820971 1.001615 1.702902 4.094149 1.548651 907.906667
2.399765 2.612566 1.364618 7.566644 2.820971 1.169633 1.702902 2.910539 1.575819 1174.633333
FILLING
2.399765 2.612566 1.364618 8.304295 2.820971 1.169633 1.702902 4.076880 1.575819 881.900000
2.399765 2.612566 1.364618 8.304295 2.820971 1.169633 1.702902 2.910539 1.575819 844.833333
2.399765 2.612566 1.364618 8.304295 2.820971 1.169633 1.702902 4.076880 1.575819 591.326667
2.399765 2.612566 1.364618 8.304295 2.820971 1.169633 1.702902 4.076880 1.575819 1045.333333
2.399765 2.612566 1.364618 8.304295 2.820971 1.169633 1.702902 4.076880 1.575819 652.773333
1.875098 1.504293 1.364618 10.712949 0.850944 0.348951 1.631665 4.405155 1.814922 666.760000
2.399765 2.612566 1.364618 8.304295 2.820971 1.169633 1.702902 4.076880 1.575819 801.620000
2.399765 2.612566 1.364618 7.566644 2.820971 1.169633 1.702902 2.910539 1.575819 697.573333
2.399765 2.612566 1.364618 7.566644 2.820971 1.169633 1.702902 4.076880 1.575819 727.220000
2.399765 2.612566 1.364618 8.304295 2.820971 1.169633 1.702902 2.910539 1.575819 701.113333
2.399765 2.612566 1.364618 8.304295 2.820971 1.169633 1.702902 2.403302 1.575819 949.273333
2.399765 2.612566 1.364618 7.566644 2.820971 1.169633 1.702902 4.076880 1.575819 1031.193333
2.399765 2.612566 1.364618 7.566644 2.820971 1.169633 1.702902 4.076880 1.575819 811.213333
2.399765 2.612566 1.364618 8.304295 2.820971 1.169633 1.702902 2.910539 1.575819 869.973333
2.399765 2.612566 1.364618 7.566644 2.820971 1.169633 1.702902 2.910539 1.575819 605.126667
2.399765 2.612566 1.364618 8.304295 2.820971 1.169633 1.702902 4.076880 1.575819 724.813333
2.399765 2.612566 1.364618 8.304295 2.820971 1.169633 1.702902 4.076880 1.575819 631.346667
2.399765 2.612566 1.364618 8.304295 2.820971 1.169633 1.702902 4.076880 1.575819 833.386667
2.399765 2.612566 1.364618 8.304295 2.820971 1.169633 1.702902 4.076880 1.575819 737.306667
2.399765 2.612566 1.364618 8.304295 2.820971 1.169633 1.702902 4.076880 1.575819 703.053333
2.404859 2.612566 1.364618 8.304295 2.820971 1.169633 1.702902 4.076880 1.575819 1168.593333
2.399765 2.612566 1.364618 8.304295 2.820971 1.169633 1.702902 4.076880 1.575819 686.486667
2.399765 2.612566 1.364618 7.566644 2.820971 1.169633 1.702902 2.910539 1.575819 777.546667
2.399765 2.612566 1.364618 8.304295 2.820971 1.169633 1.702902 4.076880 1.575819 645.553333
2.399765 2.612566 1.364618 8.163429 2.820971 1.169633 1.702902 3.469638 1.575819 838.053333
2.399765 2.612566 1.364618 7.177214 2.820971 1.169633 1.702902 3.010544 1.575819 817.180000
2.399765 2.612566 1.364618 7.566644 2.820971 1.169633 1.702902 2.910539 1.575819 652.126667
2.399765 2.612566 1.364618 7.036348 2.820971 1.169633 1.702902 2.910539 1.575819 530.353333
2.399765 2.612566 1.364618 8.304295 2.820971 1.169633 1.702902 4.076880 1.575819 566.440000
2.399765 2.612566 1.364618 8.304295 2.820971 1.169633 1.702902 4.076880 1.575819 833.693333
2.399765 2.612566 1.364618 8.304295 2.820971 1.169633 1.702902 4.076880 1.575819 681.906667
2.399765 2.612566 1.364618 8.304295 2.820971 1.169633 1.702902 2.881383 1.575819 682.653333
2.399765 2.612566 1.364618 8.304295 2.820971 1.169633 1.702902 4.076880 1.575819 808.340000
2.399765 2.612566 1.364618 8.304295 2.820971 1.169633 1.702902 4.076880 1.575819 698.253333
2.399765 2.612566 1.364618 7.566644 2.820971 1.169633 1.702902 2.910539 1.575819 1174.633333
2.399765 2.612566 1.364618 8.304295 2.820971 1.169633 1.702902 4.076880 1.575819 1088.680000
2.399765 2.612566 1.364618 8.304295 2.820971 1.169633 1.702902 4.076880 1.575819 711.253333
2.399765 2.612566 1.364618 8.304295 2.820971 1.169633 1.702902 4.076880 1.575819 1088.680000
2.399765 2.612566 1.364618 8.304295 2.820971 1.169633 1.702902 4.076880 1.575819 1023.033333
2.399765 2.612566 1.364618 8.304295 2.820971 1.169633 1.702902 2.910539 1.575819 1128.033333
2.399765 2.612566 1.364618 8.304295 2.820971 1.169633 1.702902 4.076880 1.575819 1001.353333
1.605198 1.459510 2.093110 9.065679 4.193237 1.169633 0.782840 3.416932 1.712381 910.286667
2.399765 2.612566 1.364618 8.304295 2.820971 1.169633 1.702902 4.076880 1.575819 965.506667
2.399765 2.612566 1.364618 8.304295 2.820971 1.169633 1.702902 4.076880 1.575819 929.540000
2.670368 2.140141 1.329285 7.223681 2.401519 1.001615 3.340212 4.094149 1.548651 926.166667
2.399765 2.612566 1.364618 8.304295 2.820971 1.169633 1.702902 4.076880 1.575819 924.426667
2.399765 2.612566 1.364618 8.304295 2.820971 1.169633 1.702902 4.076880 1.575819 924.426667
2.399765 2.612566 1.364618 7.216104 2.820971 1.169633 1.702902 2.881383 1.575819 914.093333
2.670368 2.612566 1.364618 8.304295 2.820971 1.001615 1.702902 4.094149 1.548651 907.906667
2.399765 2.612566 1.364618 7.566644 2.820971 1.169633 1.702902 2.910539 1.575819 1174.633333
Gen 3 FITNESS 1174.633333 DIVERSITY 38.212116
 VILLAGER_LEADER F 1174.633333 2.399765 2.612566 1.364618 7.566644 2.820971 1.169633 1.702902 2.910539 1.575819 
GEN 4 NUM_GENOME 50 NUM_VILLAGE 1
2.399765 2.612566 1.364618 8.304295 2.820971 1.169633 1.702902 3.348764 1.575819 -100000000000.000000
2.399765 2.612566 1.364618 8.304295 2.820971 1.169633 1.702902 3.131418 1.575819 -100000000000.000000
2.399765 2.612566 1.364618 7.566644 2.820971 1.169633 1.702902 2.910539 1.575819 -100000000000.000000
2.286990 1.778967 1.364618 5.482673 2.820971 1.836616 2.722722 1.320058 1.051729 -100000000000.000000
2.576428 2.612566 1.414976 8.157355 2.820971 1.227233 2.638228 4.198107 1.740403 -100000000000.000000
2.399765 2.612566 1.364618 7.713584 2.820971 1.169633 1.702902 3.325210 1.575819 -100000000000.000000
2.399765 2.612566 1.364618 7.566644 2.820971 1.169633 1.702902 2.910539 1.575819 -100000000000.000000
3.114917 2.071177 1.364618 6.066021 2.648543 1.351052 1.323680 2.522811 2.161111 -100000000000.000000
2.399765 2.612566 1.364618 8.304295 2.820971 1.169633 1.702902 4.076880 1.575819 -100000000000.000000
2.399765 2.612566 1.686471 11.314810 3.054688 1.058582 1.546188 5.435811 2.008538 -100000000000.000000
2.399765 2.612566 1.364618 7.566644 2.820971 1.169633 1.702902 4.076880 1.575819 -100000000000.000000
2.399765 2.612566 1.364618 8.304295 2.820971 1.169633 1.702902 2.910539 1.575819 -100000000000.000000
2.399765 2.612566 1.364618 7.566644 2.820971 1.169633 1.702902 4.076880 1.575819 -100000000000.000000
2.399765 2.612566 1.364618 8.304295 2.820971 1.169633 1.702902 2.910539 1.575819 -100000000000.000000
2.399765 2.612566 1.364618 8.304295 2.820971 1.169633 1.702902 3.844486 1.575819 -100000000000.000000
2.399765 2.612566 1.364618 8.304295 2.820971 1.169633 1.702902 3.142933 1.575819 -100000000000.000000
2.399765 2.612566 1.364618 7.784337 2.820971 1.169633 1.702902 2.910539 1.575819 -100000000000.000000
2.399765 2.612566 1.364618 8.086602 2.820971 1.169633 1.702902 2.910539 1.575819 -100000000000.000000
2.399765 2.612566 1.364618 7.566644 2.820971 1.169633 1.702902 2.910539 1.575819 -100000000000.000000
2.399765 2.612566 1.364618 7.566644 2.820971 1.169633 1.702902 2.910539 1.575819 -100000000000.000000
2.400721 2.612566 1.364618 7.649851 2.820971 1.169633 1.702902 3.237678 1.575819 -100000000000.000000
2.403903 2.612566 1.364618 8.221088 2.820971 1.169633 1.702902 3.749741 1.575819 -100000000000.000000
1.471347 1.741729 1.123809 4.328381 0.881968 1.139844 1.702902 2.910539 1.485040 -100000000000.000000
2.399765 2.612566 1.364618 8.304295 2.820971 1.169633 1.702902 2.910539 1.575819 -100000000000.000000
2.399765 2.612566 1.364618 8.304295 2.820971 1.169633 1.702902 2.910539 1.575819 -100000000000.000000
2.399765 2.612566 1.364618 7.566644 2.820971 1.169633 1.702902 4.076880 1.575819 -100000000000.000000
2.399765 2.612566 1.364618 7.613612 2.820971 1.169633 1.702902 3.364916 1.575819 -100000000000.000000
2.831723 4.748686 1.869944 5.957377 3.438861 1.169633 2.719288 2.266165 2.423388 -100000000000.000000
2.399765 2.612566 1.364618 7.566644 2.820971 1.169633 1.702902 2.910539 1.575819 -100000000000.000000
2.399765 2.612566 1.364618 7.566644 2.820971 1.169633 1.702902 2.910539 1.575819 -100000000000.000000
2.670368 2.612566 1.364618 7.223681 2.401519 1.001615 3.340212 4.076880 1.548651 -100000000000.000000
2.399765 2.140141 1.329285 8.304295 2.820971 1.169633 1.702902 4.094149 1.575819 -100000000000.000000
2.399765 2.612566 1.364618 8.167575 2.820971 1.169633 1.702902 2.910539 1.575819 -100000000000.000000
2.399765 2.612566 1.364618 7.703364 2.820971 1.169633 1.702902 2.910539 1.575819 -100000000000.000000
2.399765 2.612566 1.364618 7.566644 2.820971 1.169633 1.702902 2.910539 1.575819 1174.633333
2.399765 2.612566 1.364618 7.566644 2.820971 1.169633 1.702902 2.910539 1.575819 1174.633333
2.404859 2.612566 1.364618 8.304295 2.820971 1.169633 1.702902 4.076880 1.575819 1168.593333
2.399765 2.612566 1.364618 8.304295 2.820971 1.169633 1.702902 2.910539 1.575819 1128.033333
2.399765 2.612566 1.364618 8.304295 2.820971 1.169633 1.702902 4.076880 1.575819 1088.680000
2.339671 1.818683 1.267407 8.747983 0.282531 1.862318 2.079105 5.491882 2.315636 -100000000000.000000
2.399765 2.612566 1.364618 8.304295 2.820971 1.169633 1.702902 4.076880 1.575819 1045.333333
2.399765 2.612566 1.364618 7.566644 2.820971 1.169633 1.702902 4.076880 1.575819 1031.193333
2.399765 2.612566 1.364618 8.304295 2.820971 1.169633 1.702902 4.076880 1.575819 1023.033333
2.399765 2.612566 1.364618 8.304295 2.820971 1.169633 1.702902 4.076880 1.575819 1001.353333
2.399765 2.612566 1.364618 8.304295 2.820971 1.169633 1.702902 4.076880 1.575819 965.506667
2.399765 2.612566 1.364618 8.304295 2.820971 1.169633 1.702902 2.403302 1.575819 949.273333
2.399765 2.612566 1.364618 8.304295 2.820971 1.169633 1.702902 4.076880 1.575819 929.540000
2.670368 2.140141 1.329285 7.223681 2.401519 1.001615 3.340212 4.094149 1.548651 926.166667
2.399765 2.612566 1.364618 8.304295 2.820971 1.169633 1.702902 4.076880 1.575819 924.426667
2.399765 2.612566 1.364618 7.566644 2.820971 1.169633 1.702902 2.910539 1.575819 1174.633333
FILLING
2.399765 2.612566 1.364618 8.304295 2.820971 1.169633 1.702902 3.348764 1.575819 894.393333
2.399765 2.612566 1.364618 8.304295 2.820971 1.169633 1.702902 3.131418 1.575819 670.273333
2.399765 2.612566 1.364618 7.566644 2.820971 1.169633 1.702902 2.910539 1.575819 780.280000
2.286990 1.778967 1.364618 5.482673 2.820971 1.836616 2.722722 1.320058 1.051729 587.873333
2.576428 2.612566 1.414976 8.157355 2.820971 1.227233 2.638228 4.198107 1.740403 656.760000
2.399765 2.612566 1.364618 7.713584 2.820971 1.169633 1.702902 3.325210 1.575819 742.913333
2.399765 2.612566 1.364618 7.566644 2.820971 1.169633 1.702902 2.910539 1.575819 659.053333
3.114917 2.071177 1.364618 6.066021 2.648543 1.351052 1.323680 2.522811 2.161111 677.153333
2.399765 2.612566 1.364618 8.304295 2.820971 1.169633 1.702902 4.076880 1.575819 812.126667
2.399765 2.612566 1.686471 11.314810 3.054688 1.058582 1.546188 5.435811 2.008538 740.366667
2.399765 2.612566 1.364618 7.566644 2.820971 1.169633 1.702902 4.076880 1.575819 717.173333
2.399765 2.612566 1.364618 8.304295 2.820971 1.169633 1.702902 2.910539 1.575819 652.900000
2.399765 2.612566 1.364618 7.566644 2.820971 1.169633 1.702902 4.076880 1.575819 587.606667
2.399765 2.612566 1.364618 8.304295 2.820971 1.169633 1.702902 2.910539 1.575819 709.680000
2.399765 2.612566 1.364618 8.304295 2.820971 1.169633 1.702902 3.844486 1.575819 971.480000
2.399765 2.612566 1.364618 8.304295 2.820971 1.169633 1.702902 3.142933 1.575819 913.100000
2.399765 2.612566 1.364618 7.784337 2.820971 1.169633 1.702902 2.910539 1.575819 846.060000
2.399765 2.612566 1.364618 8.086602 2.820971 1.169633 1.702902 2.910539 1.575819 789.893333
2.399765 2.612566 1.364618 7.566644 2.820971 1.169633 1.702902 2.910539 1.575819 577.206667
2.399765 2.612566 1.364618 7.566644 2.820971 1.169633 1.702902 2.910539 1.575819 769.233333
2.400721 2.612566 1.364618 7.649851 2.820971 1.169633 1.702902 3.237678 1.575819 874.566667
2.403903 2.612566 1.364618 8.221088 2.820971 1.169633 1.702902 3.749741 1.575819 746.033333
1.471347 1.741729 1.123809 4.328381 0.881968 1.139844 1.702902 2.910539 1.485040 677.186667
2.399765 2.612566 1.364618 8.304295 2.820971 1.169633 1.702902 2.910539 1.575819 618.393333
2.399765 2.612566 1.364618 8.304295 2.820971 1.169633 1.702902 2.910539 1.575819 736.646667
2.399765 2.612566 1.364618 7.566644 2.820971 1.169633 1.702902 4.076880 1.575819 544.940000
2.399765 2.612566 1.364618 7.613612 2.820971 1.169633 1.702902 3.364916 1.575819 725.160000
2.831723 4.748686 1.869944 5.957377 3.438861 1.169633 2.719288 2.266165 2.423388 561.140000
2.399765 2.612566 1.364618 7.566644 2.820971 1.169633 1.702902 2.910539 1.575819 857.933333
2.399765 2.612566 1.364618 7.566644 2.820971 1.169633 1.702902 2.910539 1.575819 695.146667
2.670368 2.612566 1.364618 7.223681 2.401519 1.001615 3.340212 4.076880 1.548651 703.460000
2.399765 2.140141 1.329285 8.304295 2.820971 1.169633 1.702902 4.094149 1.575819 891.066667
2.399765 2.612566 1.364618 8.167575 2.820971 1.169633 1.702902 2.910539 1.575819 993.900000
2.399765 2.612566 1.364618 7.703364 2.820971 1.169633 1.702902 2.910539 1.575819 743.040000
2.399765 2.612566 1.364618 7.566644 2.820971 1.169633 1.702902 2.910539 1.575819 1174.633333
2.399765 2.612566 1.364618 7.566644 2.820971 1.169633 1.702902 2.910539 1.575819 1174.633333
2.404859 2.612566 1.364618 8.304295 2.820971 1.169633 1.702902 4.076880 1.575819 1168.593333
2.399765 2.612566 1.364618 8.304295 2.820971 1.169633 1.702902 2.910539 1.575819 1128.033333
2.399765 2.612566 1.364618 8.304295 2.820971 1.169633 1.702902 4.076880 1.575819 1088.680000
2.339671 1.818683 1.267407 8.747983 0.282531 1.862318 2.079105 5.491882 2.315636 601.926667
2.399765 2.612566 1.364618 8.304295 2.820971 1.169633 1.702902 4.076880 1.575819 1045.333333
2.399765 2.612566 1.364618 7.566644 2.820971 1.169633 1.702902 4.076880 1.575819 1031.193333
2.399765 2.612566 1.364618 8.304295 2.820971 1.169633 1.702902 4.076880 1.575819 1023.033333
2.399765 2.612566 1.364618 8.304295 2.820971 1.169633 1.702902 4.076880 1.575819 1001.353333
2.399765 2.612566 1.364618 8.304295 2.820971 1.169633 1.702902 4.076880 1.575819 965.506667
2.399765 2.612566 1.364618 8.304295 2.820971 1.169633 1.702902 2.403302 1.575819 949.273333
2.399765 2.612566 1.364618 8.304295 2.820971 1.169633 1.702902 4.076880 1.575819 929.540000
2.670368 2.140141 1.329285 7.223681 2.401519 1.001615 3.340212 4.094149 1.548651 926.166667
2.399765 2.612566 1.364618 8.304295 2.820971 1.169633 1.702902 4.076880 1.575819 924.426667
2.399765 2.612566 1.364618 7.566644 2.820971 1.169633 1.702902 2.910539 1.575819 1174.633333
Gen 4 FITNESS 1174.633333 DIVERSITY 68.287731
 VILLAGER_LEADER F 1174.633333 2.399765 2.612566 1.364618 7.566644 2.820971 1.169633 1.702902 2.910539 1.575819 
GEN 5 NUM_GENOME 50 NUM_VILLAGE 1
2.403876 2.612566 1.364618 8.304295 2.820971 1.169633 1.702902 3.977193 1.575819 -100000000000.000000
2.400748 2.612566 1.364618 8.304295 2.820971 1.169633 1.702902 3.010226 1.575819 -100000000000.000000
2.399765 2.612566 1.364618 7.566644 2.820971 1.169633 1.702902 4.076880 1.575819 -100000000000.000000
2.399765 2.612566 1.364618 8.157998 2.820971 1.169633 1.702902 3.751494 1.575819 -100000000000.000000
2.399765 2.612566 1.364618 7.566644 2.820971 1.169633 1.702902 2.910539 1.575819 -100000000000.000000
2.399765 2.612566 1.364618 7.566644 2.820971 1.169633 1.702902 2.910539 1.575819 -100000000000.000000
2.399765 2.612566 1.364618 8.264181 2.820971 1.169633 1.702902 3.327071 1.575819 -100000000000.000000
2.399765 2.612566 1.364618 8.207689 2.820971 1.169633 1.702902 3.427954 1.575819 -100000000000.000000
2.864051 3.971379 0.551538 8.228810 2.820971 0.709046 2.344381 3.243575 2.717216 -100000000000.000000
2.220795 3.163979 1.364618 4.327196 3.271398 1.642319 2.439053 1.278262 1.758588 -100000000000.000000
2.399765 2.612566 1.364618 7.566644 2.820971 1.169633 1.702902 2.910539 1.575819 -100000000000.000000
2.399765 2.612566 1.493675 7.936607 4.835329 1.425063 1.319503 6.150245 2.526865 -100000000000.000000
2.399765 2.612566 1.364618 8.304295 2.820971 1.169633 1.702902 2.910539 1.575819 -100000000000.000000
2.399765 2.612566 1.364618 8.304295 2.820971 1.169633 1.702902 4.076880 1.575819 -100000000000.000000
2.399765 2.612566 1.364618 7.566644 2.820971 1.169633 1.702902 2.910539 1.575819 -100000000000.000000
3.043288 3.305072 1.239817 4.818211 2.975597 1.169633 2.339193 2.910539 1.796124 -100000000000.000000
2.399765 2.612566 1.364618 7.566644 2.820971 1.169633 1.702902 2.910539 1.575819 -100000000000.000000
2.399765 2.612566 1.364618 7.566644 2.820971 1.169633 1.702902 2.910539 1.575819 -100000000000.000000
2.402276 2.612566 1.364618 8.142564 2.820971 1.169633 1.702902 3.942395 1.575819 -100000000000.000000
2.402348 2.612566 1.364618 7.728375 2.820971 1.169633 1.702902 3.045024 1.575819 -100000000000.000000
2.403548 2.612566 1.364618 8.304295 2.820971 1.169633 1.702902 3.883685 1.575819 -100000000000.000000
2.399765 3.971379 1.364618 8.142564 2.820971 1.169633 1.702902 4.076880 1.575819 -100000000000.000000
2.399765 2.612566 1.364618 7.566644 2.820971 1.169633 1.702902 4.076880 1.575819 -100000000000.000000
2.399765 2.612566 1.364618 7.566644 2.820971 1.169633 1.702902 2.910539 1.575819 -100000000000.000000
2.399765 2.612566 1.364618 7.724075 2.820971 1.169633 1.702902 3.597423 1.575819 -100000000000.000000
2.399765 2.612566 1.364618 8.146864 2.820971 1.169633 1.702902 3.389996 1.575819 -100000000000.000000
2.402581 2.767121 2.079438 9.796333 4.296928 1.307095 1.702902 1.339303 1.575819 -100000000000.000000
2.402043 2.612566 1.364618 8.098865 2.820971 1.169633 1.702902 3.559749 1.575819 -100000000000.000000
2.402348 2.612566 1.364618 8.304295 2.820971 1.169633 1.319503 2.910539 1.575819 -100000000000.000000
2.399765 2.612566 1.364618 8.202570 2.820971 1.169633 1.702902 3.576532 1.575819 -100000000000.000000
2.958760 2.289715 2.539321 8.841480 2.820971 1.169633 2.129606 2.639705 1.575819 -100000000000.000000
2.399765 2.612566 1.364618 7.566644 2.820971 1.169633 1.702902 2.910539 1.575819 -100000000000.000000
2.399765 2.612566 1.364618 8.304295 2.820971 1.169633 1.702902 2.910539 1.575819 -100000000000.000000
2.399765 2.612566 1.364618 7.566644 2.820971 1.169633 1.702902 2.910539 1.575819 -100000000000.000000
2.399765 2.612566 1.364618 7.566644 2.820971 1.169633 1.702902 2.910539 1.575819 1174.633333
2.399765 2.612566 1.364618 7.566644 2.820971 1.169633 1.702902 2.910539 1.575819 1174.633333
2.399765 2.612566 1.364618 7.566644 2.820971 1.169633 1.702902 2.910539 1.575819 1174.633333
2.404859 2.612566 1.364618 8.304295 2.820971 1.169633 1.702902 4.076880 1.575819 1168.593333
2.399765 2.612566 1.364618 8.304295 2.820971 1.169633 1.702902 2.910539 1.575819 1128.033333
2.399765 2.612566 1.364618 8.304295 2.820971 1.169633 1.702902 4.076880 1.575819 1088.680000
2.399765 2.612566 1.364618 8.304295 2.820971 1.169633 1.702902 4.076880 1.575819 1045.333333
2.562391 2.787749 1.562568 10.653628 3.006898 0.338007 1.528930 7.509141 1.782429 -100000000000.000000
2.399765 2.612566 1.364618 8.304295 2.820971 1.169633 1.702902 4.076880 1.575819 1023.033333
2.399765 2.612566 1.364618 7.566644 2.820971 1.169633 1.702902 2.910539 1.575819 -100000000000.000000
2.399765 2.612566 1.364618 8.167575 2.820971 1.169633 1.702902 2.910539 1.575819 993.900000
2.399765 2.612566 1.364618 7.566644 2.820971 1.169633 1.702902 2.910539 1.575819 -100000000000.000000
2.399765 2.612566 1.364618 8.304295 2.820971 1.169633 1.702902 4.076880 1.575819 965.506667
2.399765 2.612566 1.364618 8.304295 2.820971 1.169633 1.702902 2.403302 1.575819 949.273333
2.399765 2.612566 1.364618 8.304295 2.820971 1.169633 1.702902 4.076880 1.575819 929.540000
2.399765 2.612566 1.364618 7.566644 2.820971 1.169633 1.702902 2.910539 1.575819 1174.633333
FILLING
2.403876 2.612566 1.364618 8.304295 2.820971 1.169633 1.702902 3.977193 1.575819 691.526667
2.400748 2.612566 1.364618 8.304295 2.820971 1.169633 1.702902 3.010226 1.575819 972.700000
2.399765 2.612566 1.364618 7.566644 2.820971 1.169633 1.702902 4.076880 1.575819 834.906667
2.399765 2.612566 1.364618 8.157998 2.820971 1.169633 1.702902 3.751494 1.575819 637.160000
2.399765 2.612566 1.364618 7.566644 2.820971 1.169633 1.702902 2.910539 1.575819 786.286667
2.399765 2.612566 1.364618 7.566644 2.820971 1.169633 1.702902 2.910539 1.575819 852.273333
2.399765 2.612566 1.364618 8.264181 2.820971 1.169633 1.702902 3.327071 1.575819 855.233333
2.399765 2.612566 1.364618 8.207689 2.820971 1.169633 1.702902 3.427954 1.575819 590.193333
2.864051 3.971379 0.551538 8.228810 2.820971 0.709046 2.344381 3.243575 2.717216 617.766667
2.220795 3.163979 1.364618 4.327196 3.271398 1.642319 2.439053 1.278262 1.758588 539.866667
2.399765 2.612566 1.364618 7.566644 2.820971 1.169633 1.702902 2.910539 1.575819 873.493333
2.399765 2.612566 1.493675 7.936607 4.835329 1.425063 1.319503 6.150245 2.526865 886.613333
2.399765 2.612566 1.364618 8.304295 2.820971 1.169633 1.702902 2.910539 1.575819 866.853333
2.399765 2.612566 1.364618 8.304295 2.820971 1.169633 1.702902 4.076880 1.575819 605.160000
2.399765 2.612566 1.364618 7.566644 2.820971 1.169633 1.702902 2.910539 1.575819 809.640000
3.043288 3.305072 1.239817 4.818211 2.975597 1.169633 2.339193 2.910539 1.796124 813.320000
2.399765 2.612566 1.364618 7.566644 2.820971 1.169633 1.702902 2.910539 1.575819 844.320000
2.399765 2.612566 1.364618 7.566644 2.820971 1.169633 1.702902 2.910539 1.575819 863.820000
2.402276 2.612566 1.364618 8.142564 2.820971 1.169633 1.702902 3.942395 1.575819 735.486667
2.402348 2.612566 1.364618 7.728375 2.820971 1.169633 1.702902 3.045024 1.575819 789.133333
2.403548 2.612566 1.364618 8.304295 2.820971 1.169633 1.702902 3.883685 1.575819 849.720000
2.399765 3.971379 1.364618 8.142564 2.820971 1.169633 1.702902 4.076880 1.575819 649.220000
2.399765 2.612566 1.364618 7.566644 2.820971 1.169633 1.702902 4.076880 1.575819 1112.666667
2.399765 2.612566 1.364618 7.566644 2.820971 1.169633 1.702902 2.910539 1.575819 839.133333
2.399765 2.612566 1.364618 7.724075 2.820971 1.169633 1.702902 3.597423 1.575819 712.100000
2.399765 2.612566 1.364618 8.146864 2.820971 1.169633 1.702902 3.389996 1.575819 1009.386667
2.402581 2.767121 2.079438 9.796333 4.296928 1.307095 1.702902 1.339303 1.575819 732.253333
2.402043 2.612566 1.364618 8.098865 2.820971 1.169633 1.702902 3.559749 1.575819 1002.060000
2.402348 2.612566 1.364618 8.304295 2.820971 1.169633 1.319503 2.910539 1.575819 778.186667
2.399765 2.612566 1.364618 8.202570 2.820971 1.169633 1.702902 3.576532 1.575819 747.086667
2.958760 2.289715 2.539321 8.841480 2.820971 1.169633 2.129606 2.639705 1.575819 717.906667
2.399765 2.612566 1.364618 7.566644 2.820971 1.169633 1.702902 2.910539 1.575819 1046.120000
2.399765 2.612566 1.364618 8.304295 2.820971 1.169633 1.702902 2.910539 1.575819 855.846667
2.399765 2.612566 1.364618 7.566644 2.820971 1.169633 1.702902 2.910539 1.575819 661.826667
2.399765 2.612566 1.364618 7.566644 2.820971 1.169633 1.702902 2.910539 1.575819 1174.633333
2.399765 2.612566 1.364618 7.566644 2.820971 1.169633 1.702902 2.910539 1.575819 1174.633333
2.399765 2.612566 1.364618 7.566644 2.820971 1.169633 1.702902 2.910539 1.575819 1174.633333
2.404859 2.612566 1.364618 8.304295 2.820971 1.169633 1.702902 4.076880 1.575819 1168.593333
2.399765 2.612566 1.364618 8.304295 2.820971 1.169633 1.702902 2.910539 1.575819 1128.033333
2.399765 2.612566 1.364618 8.304295 2.820971 1.169633 1.702902 4.076880 1.575819 1088.680000
2.399765 2.612566 1.364618 8.304295 2.820971 1.169633 1.702902 4.076880 1.575819 1045.333333
2.562391 2.787749 1.562568 10.653628 3.006898 0.338007 1.528930 7.509141 1.782429 855.680000
2.399765 2.612566 1.364618 8.304295 2.820971 1.169633 1.702902 4.076880 1.575819 1023.033333
2.399765 2.612566 1.364618 7.566644 2.820971 1.169633 1.702902 2.910539 1.575819 546.580000
2.399765 2.612566 1.364618 8.167575 2.820971 1.169633 1.702902 2.910539 1.575819 993.900000
2.399765 2.612566 1.364618 7.566644 2.820971 1.169633 1.702902 2.910539 1.575819 891.600000
2.399765 2.612566 1.364618 8.304295 2.820971 1.169633 1.702902 4.076880 1.575819 965.506667
2.399765 2.612566 1.364618 8.304295 2.820971 1.169633 1.702902 2.403302 1.575819 949.273333
2.399765 2.612566 1.364618 8.304295 2.820971 1.169633 1.702902 4.076880 1.575819 929.540000
2.399765 2.612566 1.364618 7.566644 2.820971 1.169633 1.702902 2.910539 1.575819 1174.633333
Gen 5 FITNESS 1174.633333 DIVERSITY 62.268823
 VILLAGER_LEADER F 1174.633333 2.399765 2.612566 1.364618 7.566644 2.820971 1.169633 1.702902 2.910539 1.575819 
GEN 6 NUM_GENOME 50 NUM_VILLAGE 1
2.399765 2.612566 1.364618 8.252594 2.820971 1.169633 1.702902 2.910539 1.575819 -100000000000.000000
2.399765 2.612566 1.364618 7.618345 2.820971 1.169633 1.702902 2.910539 1.575819 -100000000000.000000
2.399765 2.612566 1.364618 7.566644 2.820971 1.169633 1.702902 2.910539 1.575819 -100000000000.000000
2.399765 2.612566 1.364618 7.566644 2.820971 1.169633 1.702902 2.910539 1.575819 -100000000000.000000
2.399765 2.612566 1.364618 7.566644 2.820971 1.169633 1.702902 2.910539 1.575819 -100000000000.000000
2.399765 2.612566 1.364618 7.566644 2.820971 1.169633 1.702902 2.910539 1.575819 -100000000000.000000
2.402551 2.612566 1.364618 8.096775 2.820971 1.169633 1.702902 3.962207 1.575819 -100000000000.000000
2.402073 2.612566 1.364618 7.774164 2.820971 1.169633 1.702902 3.025212 1.575819 -100000000000.000000
2.399765 2.612566 1.364618 7.794031 2.820971 1.169633 1.702902 2.910539 1.575819 -100000000000.000000
2.399765 2.612566 1.364618 8.076908 2.820971 1.169633 1.702902 2.910539 1.575819 -100000000000.000000
2.399765 2.612566 1.364618 7.749592 2.820971 1.169633 1.702902 2.910539 1.575819 -100000000000.000000
2.399765 2.612566 1.364618 8.121347 2.820971 1.169633 1.702902 2.910539 1.575819 -100000000000.000000
2.404859 2.612566 1.364618 8.304295 2.820971 1.169633 1.702902 4.076880 1.575819 -100000000000.000000
2.857284 2.913081 1.364618 9.377130 4.187644 0.946021 1.168676 2.223829 1.543575 -100000000000.000000
0.246867 2.612566 2.030608 3.700268 1.536076 1.087241 2.030510 3.212536 1.575819 -100000000000.000000
2.399765 2.612566 1.364618 7.566644 2.820971 1.169633 1.702902 2.910539 1.575819 -100000000000.000000
2.400346 2.612566 1.364618 8.247029 2.820971 1.169633 1.702902 3.075989 1.575819 -100000000000.000000
2.649786 2.769119 2.453928 7.477888 2.575165 0.903878 2.308205 3.801920 0.362597 -100000000000.000000
2.399765 2.612566 1.364618 8.304295 2.820971 1.169633 1.702902 2.910539 0.362597 -100000000000.000000
2.399765 2.612566 1.364618 7.566644 2.820971 1.169633 1.702902 4.076880 1.575819 -100000000000.000000
2.399765 2.612566 1.364618 8.098865 2.820971 1.169633 1.702902 3.559749 1.575819 -100000000000.000000
2.402043 2.612566 1.364618 7.566644 2.820971 1.169633 1.702902 2.910539 1.575819 -100000000000.000000
2.399765 2.612566 1.364618 7.645652 2.820971 1.169633 1.702902 3.965304 1.575819 -100000000000.000000
2.399765 2.612566 1.364618 8.225287 2.820971 1.169633 1.702902 3.022115 1.575819 -100000000000.000000
2.399765 2.612566 1.364618 8.304295 2.820971 1.169633 1.702902 4.076880 1.575819 -100000000000.000000
2.399765 2.612566 1.364618 7.566644 2.820971 1.087241 1.702902 4.076880 1.575819 -100000000000.000000
2.399765 2.612566 1.364618 8.147834 2.820971 1.169633 1.702902 4.076880 1.575819 -100000000000.000000
2.399765 2.612566 1.364618 7.723105 2.820971 1.169633 1.702902 4.076880 1.575819 -100000000000.000000
2.399765 2.612566 1.364618 7.566644 2.820971 1.169633 1.702902 2.910539 1.575819 -100000000000.000000
2.399765 2.612566 1.364618 7.566644 2.820971 1.169633 1.702902 2.910539 1.575819 -100000000000.000000
1.057076 3.753612 0.982507 7.566644 2.820971 0.506938 2.533057 3.725776 1.481337 -100000000000.000000
2.399765 2.612566 1.364618 7.566644 2.820971 1.169633 1.702902 2.910539 1.575819 -100000000000.000000
2.399765 2.612566 1.364618 7.566644 2.820971 1.169633 1.702902 4.076880 1.575819 -100000000000.000000
2.639629 0.846949 2.490485 9.436099 2.633850 0.517087 1.391054 2.416525 1.575819 -100000000000.000000
2.399765 2.612566 1.364618 7.566644 2.820971 1.169633 1.702902 2.910539 1.575819 1174.633333
1.835582 4.783111 1.003555 6.355399 2.930423 1.341277 1.482438 2.723521 1.487498 -100000000000.000000
2.399765 2.612566 1.364618 7.566644 2.820971 1.169633 1.702902 2.910539 1.575819 1174.633333
2.399765 2.612566 1.364618 8.167575 2.820971 0.903878 1.702902 2.416525 1.481337 -100000000000.000000
2.404859 2.612566 1.364618 8.304295 2.820971 1.169633 1.702902 4.076880 1.575819 1168.593333
2.399765 2.612566 1.364618 8.304295 2.820971 1.169633 1.702902 2.910539 1.575819 1128.033333
2.399765 2.612566 1.364618 7.566644 2.820971 1.169633 1.702902 4.076880 1.575819 1112.666667
2.399765 2.612566 1.364618 8.304295 2.820971 1.169633 1.702902 4.076880 1.575819 1088.680000
2.399765 2.612566 1.364618 7.566644 2.820971 1.169633 1.702902 2.910539 1.481337 -100000000000.000000
2.399765 2.612566 1.364618 8.304295 2.820971 1.169633 1.702902 4.076880 1.575819 1045.333333
2.399765 2.612566 1.364618 8.304295 2.820971 1.169633 1.702902 4.076880 1.575819 1023.033333
2.857284 2.612566 1.364618 7.566644 1.536076 0.946021 1.482438 4.076880 1.575819 -100000000000.000000
2.402043 2.612566 1.364618 8.098865 2.820971 1.169633 1.702902 3.559749 1.575819 1002.060000
2.399765 2.612566 1.364618 8.167575 2.820971 1.169633 1.702902 2.910539 1.575819 993.900000
2.400748 2.612566 1.364618 8.304295 2.820971 1.169633 1.702902 3.010226 1.575819 972.700000
2.399765 2.612566 1.364618 7.566644 2.820971 1.169633 1.702902 2.910539 1.575819 1174.633333
FILLING
2.399765 2.612566 1.364618 8.252594 2.820971 1.169633 1.702902 2.910539 1.575819 749.433333
2.399765 2.612566 1.364618 7.618345 2.820971 1.169633 1.702902 2.910539 1.575819 543.220000
2.399765 2.612566 1.364618 7.566644 2.820971 1.169633 1.702902 2.910539 1.575819 765.006667
2.399765 2.612566 1.364618 7.566644 2.820971 1.169633 1.702902 2.910539 1.575819 683.393333
2.399765 2.612566 1.364618 7.566644 2.820971 1.169633 1.702902 2.910539 1.575819 571.000000
2.399765 2.612566 1.364618 7.566644 2.820971 1.169633 1.702902 2.910539 1.575819 742.193333
2.402551 2.612566 1.364618 8.096775 2.820971 1.169633 1.702902 3.962207 1.575819 787.353333
2.402073 2.612566 1.364618 7.774164 2.820971 1.169633 1.702902 3.025212 1.575819 662.113333
2.399765 2.612566 1.364618 7.794031 2.820971 1.169633 1.702902 2.910539 1.575819 983.326667
2.399765 2.612566 1.364618 8.076908 2.820971 1.169633 1.702902 2.910539 1.575819 851.233333
2.399765 2.612566 1.364618 7.749592 2.820971 1.169633 1.702902 2.910539 1.575819 658.073333
2.399765 2.612566 1.364618 8.121347 2.820971 1.169633 1.702902 2.910539 1.575819 951.860000
2.404859 2.612566 1.364618 8.304295 2.820971 1.169633 1.702902 4.076880 1.575819 845.553333
2.857284 2.913081 1.364618 9.377130 4.187644 0.946021 1.168676 2.223829 1.543575 531.773333
0.246867 2.612566 2.030608 3.700268 1.536076 1.087241 2.030510 3.212536 1.575819 608.900000
2.399765 2.612566 1.364618 7.566644 2.820971 1.169633 1.702902 2.910539 1.575819 783.813333
2.400346 2.612566 1.364618 8.247029 2.820971 1.169633 1.702902 3.075989 1.575819 831.326667
2.649786 2.769119 2.453928 7.477888 2.575165 0.903878 2.308205 3.801920 0.362597 737.173333
2.399765 2.612566 1.364618 8.304295 2.820971 1.169633 1.702902 2.910539 0.362597 533.860000
2.399765 2.612566 1.364618 7.566644 2.820971 1.169633 1.702902 4.076880 1.575819 816.673333
2.399765 2.612566 1.364618 8.098865 2.820971 1.169633 1.702902 3.559749 1.575819 877.526667
2.402043 2.612566 1.364618 7.566644 2.820971 1.169633 1.702902 2.910539 1.575819 651.480000
2.399765 2.612566 1.364618 7.645652 2.820971 1.169633 1.702902 3.965304 1.575819 857.140000
2.399765 2.612566 1.364618 8.225287 2.820971 1.169633 1.702902 3.022115 1.575819 910.726667
2.399765 2.612566 1.364618 8.304295 2.820971 1.169633 1.702902 4.076880 1.575819 602.813333
2.399765 2.612566 1.364618 7.566644 2.820971 1.087241 1.702902 4.076880 1.575819 810.193333
2.399765 2.612566 1.364618 8.147834 2.820971 1.169633 1.702902 4.076880 1.575819 717.040000
2.399765 2.612566 1.364618 7.723105 2.820971 1.169633 1.702902 4.076880 1.575819 993.000000
2.399765 2.612566 1.364618 7.566644 2.820971 1.169633 1.702902 2.910539 1.575819 663.346667
2.399765 2.612566 1.364618 7.566644 2.820971 1.169633 1.702902 2.910539 1.575819 812.326667
1.057076 3.753612 0.982507 7.566644 2.820971 0.506938 2.533057 3.725776 1.481337 588.660000
2.399765 2.612566 1.364618 7.566644 2.820971 1.169633 1.702902 2.910539 1.575819 710.420000
2.399765 2.612566 1.364618 7.566644 2.820971 1.169633 1.702902 4.076880 1.575819 933.966667
2.639629 0.846949 2.490485 9.436099 2.633850 0.517087 1.391054 2.416525 1.575819 482.480000
2.399765 2.612566 1.364618 7.566644 2.820971 1.169633 1.702902 2.910539 1.575819 1174.633333
1.835582 4.783111 1.003555 6.355399 2.930423 1.341277 1.482438 2.723521 1.487498 559.486667
2.399765 2.612566 1.364618 7.566644 2.820971 1.169633 1.702902 2.910539 1.575819 1174.633333
2.399765 2.612566 1.364618 8.167575 2.820971 0.903878 1.702902 2.416525 1.481337 791.493333
2.404859 2.612566 1.364618 8.304295 2.820971 1.169633 1.702902 4.076880 1.575819 1168.593333
2.399765 2.612566 1.364618 8.304295 2.820971 1.169633 1.702902 2.910539 1.575819 1128.033333
2.399765 2.612566 1.364618 7.566644 2.820971 1.169633 1.702902 4.076880 1.575819 1112.666667
2.399765 2.612566 1.364618 8.304295 2.820971 1.169633 1.702902 4.076880 1.575819 1088.680000
2.399765 2.612566 1.364618 7.566644 2.820971 1.169633 1.702902 2.910539 1.481337 669.640000
2.399765 2.612566 1.364618 8.304295 2.820971 1.169633 1.702902 4.076880 1.575819 1045.333333
2.399765 2.612566 1.364618 8.304295 2.820971 1.169633 1.702902 4.076880 1.575819 1023.033333
2.857284 2.612566 1.364618 7.566644 1.536076 0.946021 1.482438 4.076880 1.575819 511.160000
2.402043 2.612566 1.364618 8.098865 2.820971 1.169633 1.702902 3.559749 1.575819 1002.060000
2.399765 2.612566 1.364618 8.167575 2.820971 1.169633 1.702902 2.910539 1.575819 993.900000
2.400748 2.612566 1.364618 8.304295 2.820971 1.169633 1.702902 3.010226 1.575819 972.700000
2.399765 2.612566 1.364618 7.566644 2.820971 1.169633 1.702902 2.910539 1.575819 1174.633333
Gen 6 FITNESS 1174.633333 DIVERSITY 56.954751
 VILLAGER_LEADER F 1174.633333 2.399765 2.612566 1.364618 7.566644 2.820971 1.169633 1.702902 2.910539 1.575819 
GEN 7 NUM_GENOME 50 NUM_VILLAGE 1
2.402949 2.612566 1.364618 7.981153 2.820971 1.169633 1.702902 3.907071 1.575819 -100000000000.000000
2.401675 2.612566 1.364618 7.889786 2.820971 1.169633 1.702902 3.080348 1.575819 -100000000000.000000
2.399765 2.612566 1.364618 8.304295 2.820971 1.169633 1.702902 2.910539 1.575819 -100000000000.000000
2.399765 2.612566 1.364618 7.566644 2.820971 1.169633 1.702902 4.076880 1.575819 -100000000000.000000
2.399765 2.612566 1.364618 8.167575 2.820971 1.169633 1.702902 2.910539 1.575819 -100000000000.000000
2.404859 2.612566 1.364618 8.304295 2.820971 1.169633 1.702902 2.910539 1.575819 -100000000000.000000
2.399765 2.612566 1.364618 8.304295 2.820971 1.169633 1.702902 2.910539 1.575819 -100000000000.000000
2.786034 2.952194 1.364618 8.821760 2.691126 0.414526 2.689741 4.076880 0.431756 -100000000000.000000
2.399765 2.612566 1.364618 7.566644 2.820971 1.169633 1.702902 2.910539 1.575819 -100000000000.000000
2.399765 1.636311 0.823773 7.566644 3.042032 1.025819 0.495912 5.446252 1.575819 -100000000000.000000
2.399765 2.612566 1.364618 7.645652 2.820971 1.169633 1.702902 2.910539 1.575819 -100000000000.000000
2.399765 2.612566 1.364618 8.304295 2.820971 1.169633 1.702902 2.910539 1.575819 -100000000000.000000
2.399765 2.612566 1.364618 7.783056 2.820971 1.169633 1.702902 3.213652 1.575819 -100000000000.000000
2.399765 2.612566 1.364618 8.087883 2.820971 1.169633 1.702902 3.773767 1.575819 -100000000000.000000
2.399765 2.612566 1.364618 7.566644 2.820971 1.169633 1.702902 2.910539 1.575819 -100000000000.000000
2.399765 2.612566 1.364618 7.566644 2.820971 1.169633 1.702902 2.910539 1.575819 -100000000000.000000
2.404859 2.612566 1.364618 7.645652 2.820971 1.169633 1.702902 4.076880 1.575819 -100000000000.000000
2.399765 2.612566 1.364618 8.304295 2.820971 1.169633 1.702902 3.965304 1.575819 -100000000000.000000
2.399765 2.612566 1.364618 7.673601 2.820971 1.169633 1.702902 2.910539 1.575819 -100000000000.000000
2.399765 2.612566 1.364618 8.197338 2.820971 1.169633 1.702902 2.910539 1.575819 -100000000000.000000
2.399765 2.612566 1.364618 7.566644 2.820971 1.169633 1.702902 4.076880 1.575819 -100000000000.000000
2.404859 2.612566 1.364618 7.566644 2.820971 1.169633 1.702902 2.910539 1.575819 -100000000000.000000
2.399765 2.612566 1.364618 8.162861 2.820971 1.169633 1.702902 3.865540 1.575819 -100000000000.000000
2.399765 2.612566 1.364618 7.708078 2.820971 1.169633 1.702902 3.121879 1.575819 -100000000000.000000
2.399765 2.612566 1.364618 7.805129 2.820971 1.169633 1.702902 2.910539 1.575819 -100000000000.000000
2.399765 2.612566 1.364618 8.065810 2.820971 1.169633 1.702902 2.910539 1.575819 -100000000000.000000
2.399765 2.612566 1.364618 7.566644 2.820971 1.169633 1.702902 2.910539 1.575819 -100000000000.000000
2.399765 2.612566 1.364618 7.566644 2.820971 1.169633 1.702902 2.910539 1.575819 -100000000000.000000
2.399765 2.612566 1.364618 7.566644 2.820971 1.169633 1.702902 3.486833 1.575819 -100000000000.000000
2.399765 2.612566 1.364618 7.566644 2.820971 1.169633 1.702902 3.500586 1.575819 -100000000000.000000
2.404859 2.612566 1.364618 7.566644 2.820971 1.169633 1.702902 4.076880 1.575819 -100000000000.000000
2.399765 2.612566 1.364618 8.304295 2.820971 1.169633 1.702902 4.076880 1.575819 -100000000000.000000
2.399765 2.612566 1.364618 7.566644 2.820971 1.169633 1.702902 2.910539 1.575819 -100000000000.000000
2.399765 2.612566 1.364618 8.304295 2.820971 1.169633 1.702902 2.910539 1.575819 -100000000000.000000
2.399765 2.612566 1.364618 7.566644 2.820971 1.169633 1.702902 2.910539 1.575819 1174.633333
2.399765 2.612566 1.364618 7.566644 2.820971 1.169633 1.702902 2.910539 1.575819 1174.633333
2.399765 2.612566 1.364618 7.566644 2.820971 1.169633 1.702902 2.910539 1.575819 1174.633333
2.404859 2.612566 1.364618 8.304295 2.820971 1.169633 1.702902 4.076880 1.575819 1168.593333
2.399765 2.612566 1.364618 8.304295 2.820971 1.169633 1.702902 2.910539 1.575819 1128.033333
2.399765 2.612566 1.364618 7.566644 2.820971 1.169633 1.702902 4.076880 1.575819 1112.666667
2.399765 2.612566 1.364618 8.304295 2.820971 1.169633 1.702902 4.076880 1.575819 -100000000000.000000
2.399765 2.612566 1.364618 8.304295 2.820971 1.169633 1.702902 4.076880 1.575819 1045.333333
2.399765 2.612566 1.364618 8.304295 2.820971 1.169633 1.702902 4.076880 1.575819 1023.033333
4.447438 3.178378 1.660700 8.098865 4.343608 0.701265 0.950657 3.444051 2.915767 -100000000000.000000
2.399765 2.612566 1.364618 8.167575 2.820971 1.169633 1.702902 2.910539 1.575819 993.900000
2.298904 1.286179 1.045873 3.296236 3.330747 0.918820 1.857185 3.897971 1.575819 -100000000000.000000
2.399765 2.612566 1.364618 7.566644 2.820971 1.169633 1.702902 2.910539 1.575819 -100000000000.000000
2.399765 2.612566 1.364618 7.673601 2.820971 1.169633 1.702902 2.910539 1.575819 -100000000000.000000
2.399765 2.612566 1.364618 8.121347 2.820971 1.169633 1.702902 2.910539 1.575819 951.860000
2.399765 2.612566 1.364618 7.566644 2.820971 1.169633 1.702902 2.910539 1.575819 1174.633333
FILLING
2.402949 2.612566 1.364618 7.981153 2.820971 1.169633 1.702902 3.907071 1.575819 700.673333
2.401675 2.612566 1.364618 7.889786 2.820971 1.169633 1.702902 3.080348 1.575819 871.460000
2.399765 2.612566 1.364618 8.304295 2.820971 1.169633 1.702902 2.910539 1.575819 885.233333
2.399765 2.612566 1.364618 7.566644 2.820971 1.169633 1.702902 4.076880 1.575819 734.573333
2.399765 2.612566 1.364618 8.167575 2.820971 1.169633 1.702902 2.910539 1.575819 768.240000
2.404859 2.612566 1.364618 8.304295 2.820971 1.169633 1.702902 2.910539 1.575819 680.300000
2.399765 2.612566 1.364618 8.304295 2.820971 1.169633 1.702902 2.910539 1.575819 1194.700000
2.786034 2.952194 1.364618 8.821760 2.691126 0.414526 2.689741 4.076880 0.431756 567.653333
2.399765 2.612566 1.364618 7.566644 2.820971 1.169633 1.702902 2.910539 1.575819 612.173333
2.399765 1.636311 0.823773 7.566644 3.042032 1.025819 0.495912 5.446252 1.575819 681.693333
2.399765 2.612566 1.364618 7.645652 2.820971 1.169633 1.702902 2.910539 1.575819 768.600000
2.399765 2.612566 1.364618 8.304295 2.820971 1.169633 1.702902 2.910539 1.575819 767.513333
2.399765 2.612566 1.364618 7.783056 2.820971 1.169633 1.702902 3.213652 1.575819 1167.706667
2.399765 2.612566 1.364618 8.087883 2.820971 1.169633 1.702902 3.773767 1.575819 881.473333
2.399765 2.612566 1.364618 7.566644 2.820971 1.169633 1.702902 2.910539 1.575819 673.646667
2.399765 2.612566 1.364618 7.566644 2.820971 1.169633 1.702902 2.910539 1.575819 744.073333
2.404859 2.612566 1.364618 7.645652 2.820971 1.169633 1.702902 4.076880 1.575819 719.526667
2.399765 2.612566 1.364618 8.304295 2.820971 1.169633 1.702902 3.965304 1.575819 848.793333
2.399765 2.612566 1.364618 7.673601 2.820971 1.169633 1.702902 2.910539 1.575819 827.953333
2.399765 2.612566 1.364618 8.197338 2.820971 1.169633 1.702902 2.910539 1.575819 1151.393333
2.399765 2.612566 1.364618 7.566644 2.820971 1.169633 1.702902 4.076880 1.575819 800.186667
2.404859 2.612566 1.364618 7.566644 2.820971 1.169633 1.702902 2.910539 1.575819 643.446667
2.399765 2.612566 1.364618 8.162861 2.820971 1.169633 1.702902 3.865540 1.575819 933.386667
2.399765 2.612566 1.364618 7.708078 2.820971 1.169633 1.702902 3.121879 1.575819 903.440000
2.399765 2.612566 1.364618 7.805129 2.820971 1.169633 1.702902 2.910539 1.575819 771.300000
2.399765 2.612566 1.364618 8.065810 2.820971 1.169633 1.702902 2.910539 1.575819 582.926667
2.399765 2.612566 1.364618 7.566644 2.820971 1.169633 1.702902 2.910539 1.575819 852.653333
2.399765 2.612566 1.364618 7.566644 2.820971 1.169633 1.702902 2.910539 1.575819 795.873333
2.399765 2.612566 1.364618 7.566644 2.820971 1.169633 1.702902 3.486833 1.575819 748.093333
2.399765 2.612566 1.364618 7.566644 2.820971 1.169633 1.702902 3.500586 1.575819 661.840000
2.404859 2.612566 1.364618 7.566644 2.820971 1.169633 1.702902 4.076880 1.575819 804.426667
2.399765 2.612566 1.364618 8.304295 2.820971 1.169633 1.702902 4.076880 1.575819 977.306667
2.399765 2.612566 1.364618 7.566644 2.820971 1.169633 1.702902 2.910539 1.575819 900.626667
2.399765 2.612566 1.364618 8.304295 2.820971 1.169633 1.702902 2.910539 1.575819 936.873333
2.399765 2.612566 1.364618 7.566644 2.820971 1.169633 1.702902 2.910539 1.575819 1174.633333
2.399765 2.612566 1.364618 7.566644 2.820971 1.169633 1.702902 2.910539 1.575819 1174.633333
2.399765 2.612566 1.364618 7.566644 2.820971 1.169633 1.702902 2.910539 1.575819 1174.633333
2.404859 2.612566 1.364618 8.304295 2.820971 1.169633 1.702902 4.076880 1.575819 1168.593333
2.399765 2.612566 1.364618 8.304295 2.820971 1.169633 1.702902 2.910539 1.575819 1128.033333
2.399765 2.612566 1.364618 7.566644 2.820971 1.169633 1.702902 4.076880 1.575819 1112.666667
2.399765 2.612566 1.364618 8.304295 2.820971 1.169633 1.702902 4.076880 1.575819 846.286667
2.399765 2.612566 1.364618 8.304295 2.820971 1.169633 1.702902 4.076880 1.575819 1045.333333
2.399765 2.612566 1.364618 8.304295 2.820971 1.169633 1.702902 4.076880 1.575819 1023.033333
4.447438 3.178378 1.660700 8.098865 4.343608 0.701265 0.950657 3.444051 2.915767 662.306667
2.399765 2.612566 1.364618 8.167575 2.820971 1.169633 1.702902 2.910539 1.575819 993.900000
2.298904 1.286179 1.045873 3.296236 3.330747 0.918820 1.857185 3.897971 1.575819 549.946667
2.399765 2.612566 1.364618 7.566644 2.820971 1.169633 1.702902 2.910539 1.575819 520.386667
2.399765 2.612566 1.364618 7.673601 2.820971 1.169633 1.702902 2.910539 1.575819 542.880000
2.399765 2.612566 1.364618 8.121347 2.820971 1.169633 1.702902 2.910539 1.575819 951.860000
2.399765 2.612566 1.364618 7.566644 2.820971 1.169633 1.702902 2.910539 1.575819 1174.633333
Gen 7 FITNESS 1194.700000 DIVERSITY 43.884042
 VILLAGER_LEADER F 1194.700000 2.399765 2.612566 1.364618 8.304295 2.820971 1.169633 1.702902 2.910539 1.575819 
GEN 8 NUM_GENOME 50 NUM_VILLAGE 1
2.399765 2.612566 1.364618 8.304295 2.820971 1.169633 1.702902 2.910539 1.575819 -100000000000.000000
2.399765 2.612566 1.364618 7.783056 2.820971 1.169633 1.702902 3.213652 1.575819 -100000000000.000000
2.399765 2.612566 1.364618 7.709361 2.820971 1.169633 1.702902 2.910539 1.575819 -100000000000.000000
2.399765 2.612566 1.364618 8.161578 2.820971 1.169633 1.702902 2.910539 1.575819 -100000000000.000000
2.399765 2.612566 1.364618 7.566644 2.820971 1.169633 1.702902 2.910539 1.575819 -100000000000.000000
2.399765 2.612566 1.364618 7.566644 2.820971 1.169633 1.702902 2.910539 1.575819 -100000000000.000000
2.399765 2.612566 1.364618 7.566644 2.820971 1.169633 1.702902 2.910539 1.575819 -100000000000.000000
2.399765 2.612566 1.364618 7.566644 2.820971 1.169633 1.702902 2.910539 1.575819 -100000000000.000000
2.399765 2.612566 1.364618 7.879922 2.820971 1.169633 1.702902 3.155916 1.575819 -100000000000.000000
2.399765 2.612566 0.883833 3.574028 3.194790 0.574042 1.702902 2.445602 0.386350 -100000000000.000000
2.399765 2.612566 1.364618 7.566644 2.820971 1.169633 1.702902 2.910539 1.575819 -100000000000.000000
2.399765 2.612566 1.364618 8.304295 2.820971 1.169633 1.702902 4.076880 1.575819 -100000000000.000000
2.399765 2.612566 1.364618 7.650273 2.820971 1.169633 1.702902 2.910539 1.575819 -100000000000.000000
2.399765 2.612566 1.364618 8.121347 2.820971 1.169633 1.702902 4.076880 1.575819 -100000000000.000000
0.531824 1.589887 0.566580 13.579423 4.207218 0.972042 1.946685 4.574639 1.846977 -100000000000.000000
2.399765 2.612566 1.364618 8.102534 2.820971 1.169633 1.702902 2.910539 1.575819 -100000000000.000000
2.399765 2.612566 1.364618 7.566644 2.820971 1.169633 1.702902 2.910539 1.575819 -100000000000.000000
2.399765 0.838309 1.445597 8.897216 4.115773 1.031441 1.457402 1.625624 1.735475 -100000000000.000000
2.399765 2.612566 1.364618 8.304295 2.820971 1.169633 1.702902 2.910539 1.575819 -100000000000.000000
2.404859 2.612566 1.364618 7.566644 2.820971 1.169633 1.702902 4.076880 1.575819 -100000000000.000000
2.399765 2.612566 1.364618 7.783056 2.820971 1.169633 1.702902 2.910539 1.575819 -100000000000.000000
2.399765 2.612566 1.232576 7.591915 3.067102 1.411276 2.313786 4.175056 0.650472 -100000000000.000000
2.399765 2.612566 1.364618 7.566644 2.820971 1.169633 1.702902 2.910539 1.575819 -100000000000.000000
2.399765 2.612566 1.364618 7.566644 2.820971 1.169633 1.702902 2.910539 1.575819 -100000000000.000000
1.993912 0.500155 1.699350 6.867655 4.756069 1.169633 1.326401 0.632186 1.913033 -100000000000.000000
2.724618 0.809309 0.266703 11.732743 1.256679 1.169633 2.140018 3.305952 1.434355 -100000000000.000000
2.399765 2.612566 1.364618 8.063265 2.820971 1.169633 1.702902 2.969328 1.575819 -100000000000.000000
2.399765 2.612566 1.364618 7.887366 2.820971 1.169633 1.702902 3.154863 1.575819 -100000000000.000000
2.403988 2.612566 1.364618 7.876540 2.820971 1.169633 1.702902 3.902742 1.575819 -100000000000.000000
2.400636 2.612566 1.364618 7.994399 2.820971 1.169633 1.702902 3.084677 1.575819 -100000000000.000000
2.399765 2.612566 1.364618 7.714229 2.820971 1.169633 1.702902 2.910539 1.575819 -100000000000.000000
2.399765 2.612566 1.364618 8.156710 2.820971 1.169633 1.702902 2.910539 1.575819 -100000000000.000000
2.399765 2.612566 1.364618 8.304295 2.820971 1.169633 1.702902 2.910539 1.575819 -100000000000.000000
2.404859 2.612566 1.364618 7.566644 2.820971 1.169633 1.702902 4.076880 1.575819 -100000000000.000000
2.399765 2.612566 1.364618 8.304295 2.820971 1.169633 1.702902 2.910539 1.575819 1194.700000
2.399765 2.612566 1.364618 7.566644 2.820971 1.169633 1.702902 2.910539 1.575819 1174.633333
4.048636 0.736575 1.041605 7.566644 4.484157 0.685913 1.702902 2.910539 1.450629 -100000000000.000000
2.399765 2.612566 1.364618 7.566644 2.820971 1.169633 1.702902 2.910539 1.575819 1174.633333
2.399765 2.612566 1.364618 7.566644 2.820971 1.169633 1.702902 2.910539 1.575819 1174.633333
2.404859 2.612566 1.364618 8.121347 2.820971 1.169633 1.702902 2.910539 1.575819 -100000000000.000000
2.399765 2.612566 1.364618 7.783056 2.820971 1.169633 1.702902 3.213652 1.575819 1167.706667
2.399765 2.612566 1.364618 8.197338 2.820971 1.169633 1.702902 2.910539 1.575819 1151.393333
2.399765 2.612566 1.364618 8.304295 2.820971 1.169633 1.702902 2.910539 1.575819 1128.033333
2.399765 2.612566 1.364618 7.566644 2.820971 1.169633 1.702902 4.076880 1.575819 1112.666667
2.399765 2.612566 1.364618 13.579423 2.820971 1.169633 1.702902 2.910539 1.575819 -100000000000.000000
2.399765 2.612566 1.364618 8.304295 2.820971 1.169633 1.702902 4.076880 1.575819 1023.033333
2.399765 2.612566 1.364618 8.167575 2.820971 1.169633 1.702902 2.910539 1.575819 993.900000
2.399765 2.612566 1.364618 8.304295 2.820971 1.169633 1.702902 4.076880 1.575819 977.306667
2.399765 2.612566 1.364618 8.121347 2.820971 1.169633 1.702902 2.910539 1.575819 951.860000
2.399765 2.612566 1.364618 8.304295 2.820971 1.169633 1.702902 2.910539 1.575819 1194.700000
FILLING
2.399765 2.612566 1.364618 8.304295 2.820971 1.169633 1.702902 2.910539 1.575819 844.240000
2.399765 2.612566 1.364618 7.783056 2.820971 1.169633 1.702902 3.213652 1.575819 747.786667
2.399765 2.612566 1.364618 7.709361 2.820971 1.169633 1.702902 2.910539 1.575819 708.666667
2.399765 2.612566 1.364618 8.161578 2.820971 1.169633 1.702902 2.910539 1.575819 935.060000
2.399765 2.612566 1.364618 7.566644 2.820971 1.169633 1.702902 2.910539 1.575819 534.586667
2.399765 2.612566 1.364618 7.566644 2.820971 1.169633 1.702902 2.910539 1.575819 704.600000
2.399765 2.612566 1.364618 7.566644 2.820971 1.169633 1.702902 2.910539 1.575819 842.973333
2.399765 2.612566 1.364618 7.566644 2.820971 1.169633 1.702902 2.910539 1.575819 721.573333
2.399765 2.612566 1.364618 7.879922 2.820971 1.169633 1.702902 3.155916 1.575819 623.946667
2.399765 2.612566 0.883833 3.574028 3.194790 0.574042 1.702902 2.445602 0.386350 612.400000
2.399765 2.612566 1.364618 7.566644 2.820971 1.169633 1.702902 2.910539 1.575819 764.800000
2.399765 2.612566 1.364618 8.304295 2.820971 1.169633 1.702902 4.076880 1.575819 743.986667
2.399765 2.612566 1.364618 7.650273 2.820971 1.169633 1.702902 2.910539 1.575819 691.706667
2.399765 2.612566 1.364618 8.121347 2.820971 1.169633 1.702902 4.076880 1.575819 564.040000
0.531824 1.589887 0.566580 13.579423 4.207218 0.972042 1.946685 4.574639 1.846977 437.946667
2.399765 2.612566 1.364618 8.102534 2.820971 1.169633 1.702902 2.910539 1.575819 1064.793333
2.399765 2.612566 1.364618 7.566644 2.820971 1.169633 1.702902 2.910539 1.575819 688.473333
2.399765 0.838309 1.445597 8.897216 4.115773 1.031441 1.457402 1.625624 1.735475 640.820000
2.399765 2.612566 1.364618 8.304295 2.820971 1.169633 1.702902 2.910539 1.575819 730.373333
2.404859 2.612566 1.364618 7.566644 2.820971 1.169633 1.702902 4.076880 1.575819 623.520000
2.399765 2.612566 1.364618 7.783056 2.820971 1.169633 1.702902 2.910539 1.575819 552.633333
2.399765 2.612566 1.232576 7.591915 3.067102 1.411276 2.313786 4.175056 0.650472 547.080000
2.399765 2.612566 1.364618 7.566644 2.820971 1.169633 1.702902 2.910539 1.575819 1187.286667
2.399765 2.612566 1.364618 7.566644 2.820971 1.169633 1.702902 2.910539 1.575819 532.100000
1.993912 0.500155 1.699350 6.867655 4.756069 1.169633 1.326401 0.632186 1.913033 490.913333
2.724618 0.809309 0.266703 11.732743 1.256679 1.169633 2.140018 3.305952 1.434355 573.646667
2.399765 2.612566 1.364618 8.063265 2.820971 1.169633 1.702902 2.969328 1.575819 658.866667
2.399765 2.612566 1.364618 7.887366 2.820971 1.169633 1.702902 3.154863 1.575819 978.626667
2.403988 2.612566 1.364618 7.876540 2.820971 1.169633 1.702902 3.902742 1.575819 714.133333
2.400636 2.612566 1.364618 7.994399 2.820971 1.169633 1.702902 3.084677 1.575819 680.693333
2.399765 2.612566 1.364618 7.714229 2.820971 1.169633 1.702902 2.910539 1.575819 852.580000
2.399765 2.612566 1.364618 8.156710 2.820971 1.169633 1.702902 2.910539 1.575819 870.980000
2.399765 2.612566 1.364618 8.304295 2.820971 1.169633 1.702902 2.910539 1.575819 1035.640000
2.404859 2.612566 1.364618 7.566644 2.820971 1.169633 1.702902 4.076880 1.575819 916.226667
2.399765 2.612566 1.364618 8.304295 2.820971 1.169633 1.702902 2.910539 1.575819 1194.700000
2.399765 2.612566 1.364618 7.566644 2.820971 1.169633 1.702902 2.910539 1.575819 1174.633333
4.048636 0.736575 1.041605 7.566644 4.484157 0.685913 1.702902 2.910539 1.450629 642.920000
2.399765 2.612566 1.364618 7.566644 2.820971 1.169633 1.702902 2.910539 1.575819 1174.633333
2.399765 2.612566 1.364618 7.566644 2.820971 1.169633 1.702902 2.910539 1.575819 1174.633333
2.404859 2.612566 1.364618 8.121347 2.820971 1.169633 1.702902 2.910539 1.575819 845.413333
2.399765 2.612566 1.364618 7.783056 2.820971 1.169633 1.702902 3.213652 1.575819 1167.706667
2.399765 2.612566 1.364618 8.197338 2.820971 1.169633 1.702902 2.910539 1.575819 1151.393333
2.399765 2.612566 1.364618 8.304295 2.820971 1.169633 1.702902 2.910539 1.575819 1128.033333
2.399765 2.612566 1.364618 7.566644 2.820971 1.169633 1.702902 4.076880 1.575819 1112.666667
2.399765 2.612566 1.364618 13.579423 2.820971 1.169633 1.702902 2.910539 1.575819 581.586667
2.399765 2.612566 1.364618 8.304295 2.820971 1.169633 1.702902 4.076880 1.575819 1023.033333
2.399765 2.612566 1.364618 8.167575 2.820971 1.169633 1.702902 2.910539 1.575819 993.900000
2.399765 2.612566 1.364618 8.304295 2.820971 1.169633 1.702902 4.076880 1.575819 977.306667
2.399765 2.612566 1.364618 8.121347 2.820971 1.169633 1.702902 2.910539 1.575819 951.860000
2.399765 2.612566 1.364618 8.304295 2.820971 1.169633 1.702902 2.910539 1.575819 1194.700000
Gen 8 FITNESS 1194.700000 DIVERSITY 70.648652
 VILLAGER_LEADER F 1194.700000 2.399765 2.612566 1.364618 8.304295 2.820971 1.169633 1.702902 2.910539 1.575819 
GEN 9 NUM_GENOME 50 NUM_VILLAGE 1
2.399765 2.612566 1.364618 7.726909 2.820971 1.169633 1.702902 2.910539 1.575819 -100000000000.000000
2.399765 2.612566 1.364618 8.144030 2.820971 1.169633 1.702902 2.910539 1.575819 -100000000000.000000
2.399765 2.612566 1.364618 7.566644 2.820971 1.169633 1.702902 2.910539 1.575819 -100000000000.000000
2.399765 2.612566 1.364618 8.279408 2.820971 1.169633 1.702902 2.910539 1.575819 -100000000000.000000
2.399765 2.612566 1.364618 7.566644 2.820971 1.169633 1.702902 2.910539 1.575819 -100000000000.000000
2.399765 2.612566 1.364618 7.566644 2.820971 1.169633 1.702902 2.910539 1.575819 -100000000000.000000
2.399765 2.612566 1.364618 7.566644 2.820971 1.169633 1.702902 2.910539 1.575819 -100000000000.000000
2.399765 2.612566 1.364618 7.685616 2.820971 1.169633 1.702902 2.910539 1.575819 -100000000000.000000
2.399765 2.612566 1.364618 7.566644 2.820971 1.169633 1.702902 2.910539 1.575819 -100000000000.000000
2.399765 2.612566 1.364618 7.595257 2.820971 1.169633 1.702902 2.910539 1.575819 -100000000000.000000
2.399765 2.612566 1.364618 8.304295 2.820971 1.169633 1.702902 2.910539 1.575819 -100000000000.000000
2.399765 2.612566 1.364618 7.566644 2.820971 1.169633 1.702902 4.076880 1.575819 -100000000000.000000
2.399765 2.612566 1.364618 7.970100 2.820971 1.169633 1.702902 2.910539 1.575819 -100000000000.000000
2.399765 2.612566 1.364618 7.699078 2.820971 1.169633 1.702902 2.910539 1.575819 -100000000000.000000
3.802015 3.616414 1.610937 7.566644 2.945079 1.435603 1.702902 2.098784 1.780403 -100000000000.000000
2.399765 2.612566 1.364618 8.304295 2.820971 1.169633 1.702902 2.910539 1.575819 -100000000000.000000
2.399765 2.612566 1.364618 7.860468 2.820971 1.169633 1.702902 2.910539 1.575819 -100000000000.000000
2.399765 2.612566 1.364618 7.903514 2.820971 1.169633 1.702902 2.910539 1.575819 -100000000000.000000
2.399765 2.612566 1.364618 7.566644 2.820971 1.169633 1.702902 4.076880 1.575819 -100000000000.000000
2.399765 2.612566 1.364618 8.304295 2.820971 1.169633 1.702902 2.910539 1.575819 -100000000000.000000
2.399765 2.612566 1.364618 7.566644 2.820971 1.169633 1.702902 2.910539 1.575819 -100000000000.000000
2.399765 2.612566 1.364618 7.566644 2.820971 1.169633 1.702902 2.910539 1.575819 -100000000000.000000
2.399765 2.612566 1.364618 7.566644 2.820971 1.169633 1.702902 2.910539 1.575819 -100000000000.000000
2.399765 2.612566 1.364618 7.566644 2.820971 1.169633 1.702902 2.910539 1.575819 -100000000000.000000
2.399765 2.612566 1.364618 7.747566 2.820971 1.169633 1.702902 2.910539 1.575819 -100000000000.000000
2.399765 2.612566 1.364618 8.016416 2.820971 1.169633 1.702902 2.910539 1.575819 -100000000000.000000
2.399765 2.612566 1.364618 8.216123 2.820971 1.169633 1.702902 2.910539 1.575819 -100000000000.000000
2.399765 2.612566 1.364618 8.285510 2.820971 1.169633 1.702902 2.910539 1.575819 -100000000000.000000
2.399765 2.612566 1.364618 7.783056 2.820971 1.169633 1.702902 3.213652 1.575819 -100000000000.000000
2.399765 2.612566 1.364618 7.566644 2.820971 1.169633 1.702902 2.910539 1.575819 -100000000000.000000
2.399765 2.612566 1.364618 7.783056 2.820971 1.169633 1.702902 2.910539 1.575819 -100000000000.000000
2.399765 2.612566 1.364618 8.304295 2.820971 1.169633 1.702902 3.213652 1.575819 -100000000000.000000
2.399765 2.612566 1.364618 8.304295 2.820971 1.169633 1.702902 2.910539 1.575819 -100000000000.000000
2.399765 2.612566 1.364618 7.566644 2.820971 1.169633 1.702902 2.910539 1.575819 -100000000000.000000
2.399765 2.612566 1.364618 8.304295 2.820971 1.169633 1.702902 2.910539 1.575819 1194.700000
2.399765 2.612566 1.364618 8.304295 2.820971 1.169633 1.702902 2.910539 1.575819 1194.700000
2.399765 2.612566 1.364618 8.304295 2.820971 1.169633 1.702902 2.910539 1.575819 -100000000000.000000
2.399765 2.612566 1.364618 7.566644 2.820971 1.169633 1.702902 2.910539 1.575819 1174.633333
2.796790 1.815770 1.200578 7.566644 5.312983 1.169633 2.432825 1.526836 1.056819 -100000000000.000000
2.399765 2.612566 1.364618 7.566644 2.820971 1.169633 1.702902 2.910539 1.575819 1174.633333
2.399765 2.612566 1.364618 7.783056 2.820971 1.169633 1.702902 3.213652 1.575819 1167.706667
2.399765 2.612566 1.364618 8.197338 2.820971 1.169633 1.702902 2.910539 1.575819 1151.393333
3.016937 3.787456 1.840978 8.304295 0.856946 2.142155 2.974807 4.643917 0.645739 -100000000000.000000
2.399765 2.612566 1.364618 7.566644 2.820971 1.169633 1.702902 4.076880 1.575819 1112.666667
2.399765 2.612566 1.364618 8.102534 2.820971 1.169633 1.702902 2.910539 1.575819 1064.793333
2.399765 2.612566 1.364618 8.304295 2.820971 1.169633 1.702902 2.910539 1.575819 1035.640000
2.399765 2.612566 1.364618 8.304295 2.820971 1.169633 1.702902 4.076880 1.575819 1023.033333
2.399765 2.612566 1.364618 8.167575 2.820971 1.169633 1.702902 2.910539 1.575819 993.900000
2.399765 2.612566 1.364618 7.887366 2.820971 1.169633 1.702902 3.154863 1.575819 978.626667
2.399765 2.612566 1.364618 8.304295 2.820971 1.169633 1.702902 2.910539 1.575819 1194.700000
FILLING
2.399765 2.612566 1.364618 7.726909 2.820971 1.169633 1.702902 2.910539 1.575819 801.560000
2.399765 2.612566 1.364618 8.144030 2.820971 1.169633 1.702902 2.910539 1.575819 951.120000
2.399765 2.612566 1.364618 7.566644 2.820971 1.169633 1.702902 2.910539 1.575819 691.926667
2.399765 2.612566 1.364618 8.279408 2.820971 1.169633 1.702902 2.910539 1.575819 936.133333
2.399765 2.612566 1.364618 7.566644 2.820971 1.169633 1.702902 2.910539 1.575819 725.006667
2.399765 2.612566 1.364618 7.566644 2.820971 1.169633 1.702902 2.910539 1.575819 979.113333
2.399765 2.612566 1.364618 7.566644 2.820971 1.169633 1.702902 2.910539 1.575819 734.426667
2.399765 2.612566 1.364618 7.685616 2.820971 1.169633 1.702902 2.910539 1.575819 592.546667
2.399765 2.612566 1.364618 7.566644 2.820971 1.169633 1.702902 2.910539 1.575819 852.260000
2.399765 2.612566 1.364618 7.595257 2.820971 1.169633 1.702902 2.910539 1.575819 956.933333
2.399765 2.612566 1.364618 8.304295 2.820971 1.169633 1.702902 2.910539 1.575819 813.546667
2.399765 2.612566 1.364618 7.566644 2.820971 1.169633 1.702902 4.076880 1.575819 676.773333
2.399765 2.612566 1.364618 7.970100 2.820971 1.169633 1.702902 2.910539 1.575819 590.940000
2.399765 2.612566 1.364618 7.699078 2.820971 1.169633 1.702902 2.910539 1.575819 633.580000
3.802015 3.616414 1.610937 7.566644 2.945079 1.435603 1.702902 2.098784 1.780403 692.606667
2.399765 2.612566 1.364618 8.304295 2.820971 1.169633 1.702902 2.910539 1.575819 672.546667
2.399765 2.612566 1.364618 7.860468 2.820971 1.169633 1.702902 2.910539 1.575819 896.300000
2.399765 2.612566 1.364618 7.903514 2.820971 1.169633 1.702902 2.910539 1.575819 883.580000
2.399765 2.612566 1.364618 7.566644 2.820971 1.169633 1.702902 4.076880 1.575819 839.760000
2.399765 2.612566 1.364618 8.304295 2.820971 1.169633 1.702902 2.910539 1.575819 629.613333
2.399765 2.612566 1.364618 7.566644 2.820971 1.169633 1.702902 2.910539 1.575819 665.406667
2.399765 2.612566 1.364618 7.566644 2.820971 1.169633 1.702902 2.910539 1.575819 1052.213333
2.399765 2.612566 1.364618 7.566644 2.820971 1.169633 1.702902 2.910539 1.575819 710.713333
2.399765 2.612566 1.364618 7.566644 2.820971 1.169633 1.702902 2.910539 1.575819 783.813333
2.399765 2.612566 1.364618 7.747566 2.820971 1.169633 1.702902 2.910539 1.575819 782.026667
2.399765 2.612566 1.364618 8.016416 2.820971 1.169633 1.702902 2.910539 1.575819 676.080000
2.399765 2.612566 1.364618 8.216123 2.820971 1.169633 1.702902 2.910539 1.575819 833.533333
2.399765 2.612566 1.364618 8.285510 2.820971 1.169633 1.702902 2.910539 1.575819 872.240000
2.399765 2.612566 1.364618 7.783056 2.820971 1.169633 1.702902 3.213652 1.575819 670.060000
2.399765 2.612566 1.364618 7.566644 2.820971 1.169633 1.702902 2.910539 1.575819 642.453333
2.399765 2.612566 1.364618 7.783056 2.820971 1.169633 1.702902 2.910539 1.575819 788.926667
2.399765 2.612566 1.364618 8.304295 2.820971 1.169633 1.702902 3.213652 1.575819 909.793333
2.399765 2.612566 1.364618 8.304295 2.820971 1.169633 1.702902 2.910539 1.575819 793.160000
2.399765 2.612566 1.364618 7.566644 2.820971 1.169633 1.702902 2.910539 1.575819 716.220000
2.399765 2.612566 1.364618 8.304295 2.820971 1.169633 1.702902 2.910539 1.575819 1194.700000
2.399765 2.612566 1.364618 8.304295 2.820971 1.169633 1.702902 2.910539 1.575819 1194.700000
2.399765 2.612566 1.364618 8.304295 2.820971 1.169633 1.702902 2.910539 1.575819 979.486667
2.399765 2.612566 1.364618 7.566644 2.820971 1.169633 1.702902 2.910539 1.575819 1174.633333
2.796790 1.815770 1.200578 7.566644 5.312983 1.169633 2.432825 1.526836 1.056819 772.260000
2.399765 2.612566 1.364618 7.566644 2.820971 1.169633 1.702902 2.910539 1.575819 1174.633333
2.399765 2.612566 1.364618 7.783056 2.820971 1.169633 1.702902 3.213652 1.575819 1167.706667
2.399765 2.612566 1.364618 8.197338 2.820971 1.169633 1.702902 2.910539 1.575819 1151.393333
3.016937 3.787456 1.840978 8.304295 0.856946 2.142155 2.974807 4.643917 0.645739 651.813333
2.399765 2.612566 1.364618 7.566644 2.820971 1.169633 1.702902 4.076880 1.575819 1112.666667
2.399765 2.612566 1.364618 8.102534 2.820971 1.169633 1.702902 2.910539 1.575819 1064.793333
2.399765 2.612566 1.364618 8.304295 2.820971 1.169633 1.702902 2.910539 1.575819 1035.640000
2.399765 2.612566 1.364618 8.304295 2.820971 1.169633 1.702902 4.076880 1.575819 1023.033333
2.399765 2.612566 1.364618 8.167575 2.820971 1.169633 1.702902 2.910539 1.575819 993.900000
2.399765 2.612566 1.364618 7.887366 2.820971 1.169633 1.702902 3.154863 1.575819 978.626667
2.399765 2.612566 1.364618 8.304295 2.820971 1.169633 1.702902 2.910539 1.575819 1194.700000
Gen 9 FITNESS 1194.700000 DIVERSITY 32.624691
 VILLAGER_LEADER F 1194.700000 2.399765 2.612566 1.364618 8.304295 2.820971 1.169633 1.702902 2.910539 1.575819 
END_OF_AN_ERA
