CHECKSUM 3681646727
GEN 0 NUM_GENOME 51 NUM_VILLAGE 3
2.663808 1.508988 2.721335 3.686636 0.414472 2.297101 2.507813 2.951262 2.572179 -100000000000.000000
2.360912 3.109073 3.666341 1.627247 2.245582 1.118378 4.319514 2.334361 0.761934 -100000000000.000000
4.187750 3.185522 1.666768 9.846492 0.707633 0.500348 2.868450 1.558428 1.686132 -100000000000.000000
3.090915 2.621693 2.642598 6.951506 0.348918 0.771395 4.830393 3.709204 1.957970 -100000000000.000000
2.681509 0.692312 4.972533 6.316721 0.077548 1.756282 3.155477 4.634968 0.907782 -100000000000.000000
0.158849 0.631733 3.630940 4.945219 0.994018 1.091186 1.693838 1.651952 1.982855 -100000000000.000000
3.080233 2.577288 0.996277 4.561296 2.690817 0.369692 2.669591 2.247566 2.815836 -100000000000.000000
4.555803 2.280496 4.680624 9.596240 1.722251 2.387405 4.331187 2.840022 1.691571 -100000000000.000000
3.171331 0.680105 0.177007 6.831568 1.566607 1.837657 2.594607 3.381802 0.564092 -100000000000.000000
0.307016 4.074374 0.831477 1.433149 0.054476 2.007859 2.538850 3.974120 2.080169 -100000000000.000000
1.444288 2.773827 3.534654 6.599933 0.882870 0.837663 2.005585 1.598117 1.572668 -100000000000.000000
4.677419 2.827082 3.636891 2.300790 2.472274 0.370901 0.716163 3.861919 2.752141 -100000000000.000000
3.288522 0.943327 1.615650 0.399487 0.366405 2.274944 4.298639 3.504028 1.010617 -100000000000.000000
3.079318 3.135166 2.113559 9.382000 0.041566 1.249571 1.445402 2.212821 0.429038 -100000000000.000000
4.598224 4.775994 2.912076 9.380779 1.027161 1.765749 3.794351 4.904004 2.293091 -100000000000.000000
4.835810 1.207617 2.914060 4.206366 2.271950 1.161617 2.619327 0.677435 0.717356 -100000000000.000000
0.641041 2.038789 4.972686 3.776666 0.119022 1.166988 2.682226 3.759743 0.428462 -100000000000.000000
3.601642 4.869533 1.508225 8.414258 2.362133 1.072253 3.487548 3.148335 0.573815 -100000000000.000000
2.864925 0.078280 4.754936 3.485824 0.192267 0.597568 4.730552 4.803613 2.076296 -100000000000.000000
3.375500 3.201544 0.235145 3.607288 2.985717 1.032908 1.357372 3.737358 0.803629 -100000000000.000000
0.265358 4.309519 0.364391 4.394360 0.319071 0.322626 2.617817 2.365947 1.875652 -100000000000.000000
3.227790 2.689444 3.860439 3.980224 2.545885 0.453014 2.814203 4.462477 0.601996 -100000000000.000000
3.169347 1.501816 2.311014 4.159978 2.900662 1.152217 2.642811 4.772164 1.486972 -100000000000.000000
1.770837 3.050783 4.380627 3.783990 0.795892 0.388021 0.768075 2.840159 1.462087 -100000000000.000000
3.884396 0.733665 1.914884 4.155095 0.773461 2.325031 4.261971 2.581835 2.223545 -100000000000.000000
1.627094 3.224891 4.869076 3.355205 0.223029 0.915412 1.470397 4.092227 0.948817 -100000000000.000000
3.809778 4.506363 0.640126 7.416608 2.504776 2.070769 2.699667 1.066500 0.940989 -100000000000.000000
0.331736 4.466384 2.793512 3.617664 1.023225 1.130934 2.407422 0.852672 1.520261 -100000000000.000000
3.355205 2.206946 0.036317 6.996979 2.667928 1.859478 0.581439 2.692801 1.074395 -100000000000.000000
2.866298 1.201361 2.077395 5.950499 2.217383 1.099982 2.772591 4.913892 1.700964 -100000000000.000000
2.558672 3.510544 0.774407 6.325266 1.405560 1.011356 3.478622 2.578951 1.757408 -100000000000.000000
2.982574 4.418622 0.835597 8.305612 2.858913 2.029881 3.060442 1.489624 0.917093 -100000000000.000000
4.713126 1.035493 4.071474 4.289987 2.584979 1.349342 1.221000 1.470122 0.719910 -100000000000.000000
1.267281 4.993744 3.841517 5.759148 2.721854 2.151070 1.318094 2.527177 0.623502 -100000000000.000000
0.750603 0.255745 2.756432 4.035157 1.205786 1.186593 4.666967 3.799295 2.512357 -100000000000.000000
3.143406 3.615223 0.975219 0.484329 1.727744 1.493561 0.768761 3.042314 1.527018 -100000000000.000000
1.717277 0.925626 0.453047 7.128513 1.316843 0.642485 4.101566 2.938353 1.948988 -100000000000.000000
0.321360 3.007294 0.806146 8.738365 1.028809 0.886944 2.956893 4.653371 1.781057 -100000000000.000000
3.512070 3.740501 3.959471 5.099643 0.393231 1.335377 3.906003 3.842143 1.578600 -100000000000.000000
0.247658 0.077212 2.687307 7.078768 1.501236 0.678204 3.329066 2.699393 2.420811 -100000000000.000000
0.303812 4.246803 4.038667 9.578539 2.817255 1.793075 4.891095 2.024949 1.864611 -100000000000.000000
0.441298 3.547472 1.925565 2.947172 1.780847 1.623478 2.302637 2.412641 2.775048 -100000000000.000000
3.790246 3.757286 1.598560 1.662954 2.646504 1.925007 2.048158 4.740440 1.885046 -100000000000.000000
3.924680 4.715262 1.348613 2.181158 0.278512 0.943947 3.961623 4.849071 1.459697 -100000000000.000000
2.854701 4.851985 2.772454 1.944639 1.134739 0.681561 1.738472 2.422666 1.219913 -100000000000.000000
3.832667 3.330485 4.552751 4.252754 1.211280 1.617771 0.613163 4.998489 2.868902 -100000000000.000000
0.337535 2.567522 0.836207 6.075320 1.358135 2.075872 2.340266 0.957732 1.780975 -100000000000.000000
0.378430 0.313730 1.907102 1.283303 1.954619 1.779647 3.607852 2.002426 2.970418 -100000000000.000000
3.685873 2.236549 3.337199 8.123417 2.673605 2.117835 4.409879 3.241722 0.431510 -100000000000.000000
2.264473 2.294076 0.634632 5.411237 0.344707 0.803958 0.615772 4.010926 2.723548 -100000000000.000000
2.306742 1.739097 2.390667 6.493118 0.467849 2.403049 4.798395 1.324686 0.438844 -100000000000.000000
FILLING
2.663808 1.508988 2.721335 3.686636 0.414472 2.297101 2.507813 2.951262 2.572179 775.906667
2.360912 3.109073 3.666341 1.627247 2.245582 1.118378 4.319514 2.334361 0.761934 487.320000
4.187750 3.185522 1.666768 9.846492 0.707633 0.500348 2.868450 1.558428 1.686132 669.973333
3.090915 2.621693 2.642598 6.951506 0.348918 0.771395 4.830393 3.709204 1.957970 563.173333
2.681509 0.692312 4.972533 6.316721 0.077548 1.756282 3.155477 4.634968 0.907782 663.526667
0.158849 0.631733 3.630940 4.945219 0.994018 1.091186 1.693838 1.651952 1.982855 545.620000
3.080233 2.577288 0.996277 4.561296 2.690817 0.369692 2.669591 2.247566 2.815836 636.406667
4.555803 2.280496 4.680624 9.596240 1.722251 2.387405 4.331187 2.840022 1.691571 865.126667
3.171331 0.680105 0.177007 6.831568 1.566607 1.837657 2.594607 3.381802 0.564092 529.653333
0.307016 4.074374 0.831477 1.433149 0.054476 2.007859 2.538850 3.974120 2.080169 482.653333
1.444288 2.773827 3.534654 6.599933 0.882870 0.837663 2.005585 1.598117 1.572668 753.940000
4.677419 2.827082 3.636891 2.300790 2.472274 0.370901 0.716163 3.861919 2.752141 847.793333
3.288522 0.943327 1.615650 0.399487 0.366405 2.274944 4.298639 3.504028 1.010617 569.513333
3.079318 3.135166 2.113559 9.382000 0.041566 1.249571 1.445402 2.212821 0.429038 605.360000
4.598224 4.775994 2.912076 9.380779 1.027161 1.765749 3.794351 4.904004 2.293091 887.273333
4.835810 1.207617 2.914060 4.206366 2.271950 1.161617 2.619327 0.677435 0.717356 389.346667
0.641041 2.038789 4.972686 3.776666 0.119022 1.166988 2.682226 3.759743 0.428462 454.986667
3.601642 4.869533 1.508225 8.414258 2.362133 1.072253 3.487548 3.148335 0.573815 635.686667
2.864925 0.078280 4.754936 3.485824 0.192267 0.597568 4.730552 4.803613 2.076296 514.360000
3.375500 3.201544 0.235145 3.607288 2.985717 1.032908 1.357372 3.737358 0.803629 546.146667
0.265358 4.309519 0.364391 4.394360 0.319071 0.322626 2.617817 2.365947 1.875652 556.733333
3.227790 2.689444 3.860439 3.980224 2.545885 0.453014 2.814203 4.462477 0.601996 656.353333
3.169347 1.501816 2.311014 4.159978 2.900662 1.152217 2.642811 4.772164 1.486972 599.146667
1.770837 3.050783 4.380627 3.783990 0.795892 0.388021 0.768075 2.840159 1.462087 534.213333
3.884396 0.733665 1.914884 4.155095 0.773461 2.325031 4.261971 2.581835 2.223545 741.426667
1.627094 3.224891 4.869076 3.355205 0.223029 0.915412 1.470397 4.092227 0.948817 405.520000
3.809778 4.506363 0.640126 7.416608 2.504776 2.070769 2.699667 1.066500 0.940989 632.260000
0.331736 4.466384 2.793512 3.617664 1.023225 1.130934 2.407422 0.852672 1.520261 437.173333
3.355205 2.206946 0.036317 6.996979 2.667928 1.859478 0.581439 2.692801 1.074395 544.193333
2.866298 1.201361 2.077395 5.950499 2.217383 1.099982 2.772591 4.913892 1.700964 570.406667
2.558672 3.510544 0.774407 6.325266 1.405560 1.011356 3.478622 2.578951 1.757408 715.346667
2.982574 4.418622 0.835597 8.305612 2.858913 2.029881 3.060442 1.489624 0.917093 929.193333
4.713126 1.035493 4.071474 4.289987 2.584979 1.349342 1.221000 1.470122 0.719910 622.753333
1.267281 4.993744 3.841517 5.759148 2.721854 2.151070 1.318094 2.527177 0.623502 659.013333
0.750603 0.255745 2.756432 4.035157 1.205786 1.186593 4.666967 3.799295 2.512357 651.786667
3.143406 3.615223 0.975219 0.484329 1.727744 1.493561 0.768761 3.042314 1.527018 601.246667
1.717277 0.925626 0.453047 7.128513 1.316843 0.642485 4.101566 2.938353 1.948988 615.593333
0.321360 3.007294 0.806146 8.738365 1.028809 0.886944 2.956893 4.653371 1.781057 557.553333
3.512070 3.740501 3.959471 5.099643 0.393231 1.335377 3.906003 3.842143 1.578600 666.900000
0.247658 0.077212 2.687307 7.078768 1.501236 0.678204 3.329066 2.699393 2.420811 488.920000
0.303812 4.246803 4.038667 9.578539 2.817255 1.793075 4.891095 2.024949 1.864611 609.993333
0.441298 3.547472 1.925565 2.947172 1.780847 1.623478 2.302637 2.412641 2.775048 534.253333
3.790246 3.757286 1.598560 1.662954 2.646504 1.925007 2.048158 4.740440 1.885046 562.893333
3.924680 4.715262 1.348613 2.181158 0.278512 0.943947 3.961623 4.849071 1.459697 696.560000
2.854701 4.851985 2.772454 1.944639 1.134739 0.681561 1.738472 2.422666 1.219913 524.713333
3.832667 3.330485 4.552751 4.252754 1.211280 1.617771 0.613163 4.998489 2.868902 549.580000
0.337535 2.567522 0.836207 6.075320 1.358135 2.075872 2.340266 0.957732 1.780975 376.946667
0.378430 0.313730 1.907102 1.283303 1.954619 1.779647 3.607852 2.002426 2.970418 538.093333
3.685873 2.236549 3.337199 8.123417 2.673605 2.117835 4.409879 3.241722 0.431510 590.933333
2.264473 2.294076 0.634632 5.411237 0.344707 0.803958 0.615772 4.010926 2.723548 723.973333
2.306742 1.739097 2.390667 6.493118 0.467849 2.403049 4.798395 1.324686 0.438844 571.486667
Gen 0 FITNESS 929.193333 DIVERSITY 112.028382
 VILLAGER_LEADER F 929.193333 2.982574 4.418622 0.835597 8.305612 2.858913 2.029881 3.060442 1.489624 0.917093 
GEN 1 NUM_GENOME 50 NUM_VILLAGE 2
3.604761 4.831980 0.515779 9.679330 2.891431 0.949100 2.308117 0.669033 1.030561 -100000000000.000000
3.169347 3.411962 1.914884 8.305612 2.900662 1.011356 4.261971 2.578951 0.940989 -100000000000.000000
3.809778 1.501816 0.276191 11.202263 2.700010 2.070769 2.699667 3.288399 1.013040 -100000000000.000000
3.169347 4.506363 2.311014 4.159978 2.900662 1.152217 2.642811 1.066500 1.486972 -100000000000.000000
2.982574 4.418622 0.835597 8.305612 2.858913 2.029881 3.060442 1.489624 0.917093 -100000000000.000000
2.982574 4.418622 0.835597 8.305612 2.858913 2.029881 3.060442 1.489624 0.917093 -100000000000.000000
1.267281 4.418622 0.835597 8.305612 2.721854 2.151070 1.318094 2.527177 0.917093 -100000000000.000000
3.169347 3.411962 3.860439 11.202263 0.994018 2.325031 1.693838 1.651952 0.917093 -100000000000.000000
2.671211 3.701359 0.807687 6.552818 1.777119 1.563816 3.256940 2.390783 1.535318 -100000000000.000000
2.870035 4.227807 0.802317 8.078060 2.487354 1.477421 3.282124 1.677792 1.139183 -100000000000.000000
3.884396 0.733665 1.914884 4.155095 0.773461 2.325031 4.261971 2.581835 2.223545 -100000000000.000000
3.884396 0.733665 1.914884 4.155095 0.773461 2.325031 4.261971 2.581835 2.223545 -100000000000.000000
0.158849 0.631733 0.774407 6.325266 0.994018 1.011356 1.693838 1.651952 1.757408 -100000000000.000000
2.558672 3.510544 3.630940 4.945219 1.405560 1.091186 3.478622 2.578951 1.982855 -100000000000.000000
3.866276 1.828066 1.784086 4.482356 0.885560 2.270617 3.508654 2.186140 1.514231 -100000000000.000000
3.827898 3.411962 0.770924 7.089347 2.392677 2.125183 3.452984 1.462195 1.650303 -100000000000.000000
2.982574 4.418622 0.835597 8.305612 2.858913 2.029881 3.060442 1.489624 0.917093 929.193333
3.884396 0.733665 1.914884 4.155095 0.773461 2.325031 4.261971 2.581835 2.223545 741.426667
2.558672 3.510544 0.774407 6.325266 1.405560 1.011356 3.478622 2.578951 1.757408 715.346667
1.267281 4.993744 3.841517 5.759148 2.721854 2.151070 1.318094 2.527177 0.623502 659.013333
3.227790 2.689444 3.860439 3.980224 2.545885 0.453014 2.814203 4.462477 0.601996 656.353333
3.601642 4.065545 2.246421 6.599431 2.577798 1.238714 3.606859 5.401698 0.824835 -100000000000.000000
3.809778 4.506363 0.640126 7.416608 2.504776 2.070769 2.699667 1.066500 0.940989 632.260000
2.982574 3.411962 0.774407 8.305612 0.773461 2.325031 3.478622 2.581835 1.757408 -100000000000.000000
2.982574 4.418622 0.835597 8.305612 2.858913 2.029881 3.060442 1.489624 0.917093 929.193333
3.340169 2.367166 4.014953 9.280227 1.599327 2.229716 3.883895 2.394392 1.643660 -100000000000.000000
2.659922 2.687157 4.200325 6.915946 1.005794 0.995352 2.452877 2.043747 1.620579 -100000000000.000000
4.677419 2.827082 3.636891 2.300790 1.027161 1.765749 0.716163 4.904004 2.752141 -100000000000.000000
4.598224 4.775994 2.912076 9.380779 2.472274 0.370901 3.794351 3.861919 2.293091 -100000000000.000000
7.065281 0.147059 2.383533 6.441821 2.214776 2.387405 3.113757 2.470728 4.004228 -100000000000.000000
0.750603 2.280496 4.680624 9.596240 1.205786 1.186593 4.331187 3.799295 1.691571 -100000000000.000000
0.750603 0.255745 3.636891 4.035157 2.472274 1.186593 0.716163 3.799295 2.512357 -100000000000.000000
4.677419 2.827082 2.756432 2.300790 1.205786 0.370901 4.666967 3.861919 2.752141 -100000000000.000000
4.555803 2.280496 4.680624 9.596240 0.882870 2.387405 2.005585 2.840022 1.572668 -100000000000.000000
1.444288 2.773827 3.534654 6.599933 1.722251 0.837663 4.331187 1.598117 1.691571 -100000000000.000000
3.195805 3.929878 1.651406 2.818401 0.316542 1.156548 3.621892 4.507926 1.764620 -100000000000.000000
3.392683 2.294372 2.418542 3.049393 0.376442 2.084500 2.847544 3.292407 2.267256 -100000000000.000000
4.598224 4.775994 1.348613 9.380779 1.027161 0.943947 3.794351 4.904004 2.293091 -100000000000.000000
3.195805 1.508988 3.959471 3.686636 1.027161 0.943947 0.716163 4.849071 2.293091 -100000000000.000000
2.663808 1.508988 2.721335 2.181158 0.278512 2.297101 2.507813 2.951262 2.572179 -100000000000.000000
3.924680 4.715262 1.348613 3.686636 0.414472 0.943947 3.961623 4.849071 1.459697 -100000000000.000000
4.598224 4.775994 2.912076 9.380779 1.027161 1.765749 3.794351 4.904004 2.293091 887.273333
4.598224 3.740501 2.912076 3.049393 0.882870 0.370901 2.507813 3.799295 1.764620 -100000000000.000000
4.677419 2.827082 3.636891 2.300790 2.472274 0.370901 0.716163 3.861919 2.752141 847.793333
2.663808 1.508988 2.721335 3.686636 0.414472 2.297101 2.507813 2.951262 2.572179 775.906667
1.444288 2.773827 3.534654 6.599933 0.882870 0.837663 2.005585 1.598117 1.572668 753.940000
3.924680 4.715262 1.348613 2.181158 0.278512 0.943947 3.961623 4.849071 1.459697 696.560000
4.187750 3.185522 1.666768 9.846492 0.707633 0.500348 2.868450 1.558428 1.686132 669.973333
3.512070 3.740501 3.959471 5.099643 0.393231 1.335377 3.906003 3.842143 1.578600 666.900000
4.598224 4.775994 2.912076 9.380779 1.027161 1.765749 3.794351 4.904004 2.293091 887.273333
FILLING
3.604761 4.831980 0.515779 9.679330 2.891431 0.949100 2.308117 0.669033 1.030561 721.973333
3.169347 3.411962 1.914884 8.305612 2.900662 1.011356 4.261971 2.578951 0.940989 586.593333
3.809778 1.501816 0.276191 11.202263 2.700010 2.070769 2.699667 3.288399 1.013040 699.373333
3.169347 4.506363 2.311014 4.159978 2.900662 1.152217 2.642811 1.066500 1.486972 487.833333
2.982574 4.418622 0.835597 8.305612 2.858913 2.029881 3.060442 1.489624 0.917093 911.600000
2.982574 4.418622 0.835597 8.305612 2.858913 2.029881 3.060442 1.489624 0.917093 504.633333
1.267281 4.418622 0.835597 8.305612 2.721854 2.151070 1.318094 2.527177 0.917093 620.333333
3.169347 3.411962 3.860439 11.202263 0.994018 2.325031 1.693838 1.651952 0.917093 734.993333
2.671211 3.701359 0.807687 6.552818 1.777119 1.563816 3.256940 2.390783 1.535318 827.293333
2.870035 4.227807 0.802317 8.078060 2.487354 1.477421 3.282124 1.677792 1.139183 468.226667
3.884396 0.733665 1.914884 4.155095 0.773461 2.325031 4.261971 2.581835 2.223545 742.973333
3.884396 0.733665 1.914884 4.155095 0.773461 2.325031 4.261971 2.581835 2.223545 752.526667
0.158849 0.631733 0.774407 6.325266 0.994018 1.011356 1.693838 1.651952 1.757408 562.266667
2.558672 3.510544 3.630940 4.945219 1.405560 1.091186 3.478622 2.578951 1.982855 500.946667
3.866276 1.828066 1.784086 4.482356 0.885560 2.270617 3.508654 2.186140 1.514231 606.773333
3.827898 3.411962 0.770924 7.089347 2.392677 2.125183 3.452984 1.462195 1.650303 711.733333
2.982574 4.418622 0.835597 8.305612 2.858913 2.029881 3.060442 1.489624 0.917093 929.193333
3.884396 0.733665 1.914884 4.155095 0.773461 2.325031 4.261971 2.581835 2.223545 741.426667
2.558672 3.510544 0.774407 6.325266 1.405560 1.011356 3.478622 2.578951 1.757408 715.346667
1.267281 4.993744 3.841517 5.759148 2.721854 2.151070 1.318094 2.527177 0.623502 659.013333
3.227790 2.689444 3.860439 3.980224 2.545885 0.453014 2.814203 4.462477 0.601996 656.353333
3.601642 4.065545 2.246421 6.599431 2.577798 1.238714 3.606859 5.401698 0.824835 678.440000
3.809778 4.506363 0.640126 7.416608 2.504776 2.070769 2.699667 1.066500 0.940989 632.260000
2.982574 3.411962 0.774407 8.305612 0.773461 2.325031 3.478622 2.581835 1.757408 645.693333
2.982574 4.418622 0.835597 8.305612 2.858913 2.029881 3.060442 1.489624 0.917093 929.193333
3.340169 2.367166 4.014953 9.280227 1.599327 2.229716 3.883895 2.394392 1.643660 831.820000
2.659922 2.687157 4.200325 6.915946 1.005794 0.995352 2.452877 2.043747 1.620579 765.700000
4.677419 2.827082 3.636891 2.300790 1.027161 1.765749 0.716163 4.904004 2.752141 617.526667
4.598224 4.775994 2.912076 9.380779 2.472274 0.370901 3.794351 3.861919 2.293091 714.993333
7.065281 0.147059 2.383533 6.441821 2.214776 2.387405 3.113757 2.470728 4.004228 475.700000
0.750603 2.280496 4.680624 9.596240 1.205786 1.186593 4.331187 3.799295 1.691571 803.900000
0.750603 0.255745 3.636891 4.035157 2.472274 1.186593 0.716163 3.799295 2.512357 534.993333
4.677419 2.827082 2.756432 2.300790 1.205786 0.370901 4.666967 3.861919 2.752141 694.786667
4.555803 2.280496 4.680624 9.596240 0.882870 2.387405 2.005585 2.840022 1.572668 567.286667
1.444288 2.773827 3.534654 6.599933 1.722251 0.837663 4.331187 1.598117 1.691571 559.326667
3.195805 3.929878 1.651406 2.818401 0.316542 1.156548 3.621892 4.507926 1.764620 649.760000
3.392683 2.294372 2.418542 3.049393 0.376442 2.084500 2.847544 3.292407 2.267256 519.353333
4.598224 4.775994 1.348613 9.380779 1.027161 0.943947 3.794351 4.904004 2.293091 777.946667
3.195805 1.508988 3.959471 3.686636 1.027161 0.943947 0.716163 4.849071 2.293091 530.440000
2.663808 1.508988 2.721335 2.181158 0.278512 2.297101 2.507813 2.951262 2.572179 671.413333
3.924680 4.715262 1.348613 3.686636 0.414472 0.943947 3.961623 4.849071 1.459697 678.526667
4.598224 4.775994 2.912076 9.380779 1.027161 1.765749 3.794351 4.904004 2.293091 887.273333
4.598224 3.740501 2.912076 3.049393 0.882870 0.370901 2.507813 3.799295 1.764620 921.306667
4.677419 2.827082 3.636891 2.300790 2.472274 0.370901 0.716163 3.861919 2.752141 847.793333
2.663808 1.508988 2.721335 3.686636 0.414472 2.297101 2.507813 2.951262 2.572179 775.906667
1.444288 2.773827 3.534654 6.599933 0.882870 0.837663 2.005585 1.598117 1.572668 753.940000
3.924680 4.715262 1.348613 2.181158 0.278512 0.943947 3.961623 4.849071 1.459697 696.560000
4.187750 3.185522 1.666768 9.846492 0.707633 0.500348 2.868450 1.558428 1.686132 669.973333
3.512070 3.740501 3.959471 5.099643 0.393231 1.335377 3.906003 3.842143 1.578600 666.900000
4.598224 4.775994 2.912076 9.380779 1.027161 1.765749 3.794351 4.904004 2.293091 887.273333
Gen 1 FITNESS 929.193333 DIVERSITY 151.818076
 VILLAGER_LEADER F 929.193333 2.982574 4.418622 0.835597 8.305612 2.858913 2.029881 3.060442 1.489624 0.917093 
GEN 2 NUM_GENOME 50 NUM_VILLAGE 1
4.598224 4.775994 2.912076 9.380779 1.027161 1.765749 3.794351 4.904004 2.293091 -100000000000.000000
4.598224 4.775994 1.348613 9.380779 1.027161 0.943947 3.794351 4.904004 2.293091 -100000000000.000000
4.598224 4.775994 2.912076 9.380779 1.027161 1.765749 3.794351 4.904004 2.293091 -100000000000.000000
4.598224 4.775994 2.912076 9.380779 1.027161 1.765749 3.794351 4.904004 2.293091 -100000000000.000000
2.982574 4.418622 0.835597 8.305612 2.858913 2.029881 3.060442 1.489624 0.917093 -100000000000.000000
2.982574 4.418622 0.835597 8.305612 2.858913 2.029881 3.060442 1.489624 0.917093 -100000000000.000000
2.982574 4.418622 0.835597 8.305612 2.858913 2.029881 3.060442 1.489624 0.917093 -100000000000.000000
2.982574 4.418622 0.835597 8.305612 2.858913 2.029881 3.060442 1.489624 0.917093 -100000000000.000000
1.755954 3.701909 1.542081 8.558235 2.109630 1.960038 3.219026 1.642484 0.956550 -100000000000.000000
1.977223 2.997209 3.974140 9.343617 1.955069 1.256436 4.172603 3.646435 1.652114 -100000000000.000000
3.317252 4.478857 1.294955 8.498556 2.066654 1.913053 3.160294 2.407089 1.037261 -100000000000.000000
4.263546 4.715759 2.452718 9.187835 1.819420 1.882577 3.694499 3.986539 2.172923 -100000000000.000000
2.663808 1.508988 2.721335 9.380779 1.027161 2.297101 3.794351 2.951262 2.293091 -100000000000.000000
4.598224 4.775994 2.912076 3.686636 0.414472 1.765749 2.507813 4.904004 2.572179 -100000000000.000000
3.510448 3.593644 0.985068 2.828324 1.236211 0.613522 3.099500 3.600963 3.078975 -100000000000.000000
4.621915 4.243973 2.377504 8.563470 1.857491 0.780435 2.252749 4.753347 2.366534 -100000000000.000000
2.982574 4.418622 3.636891 8.305612 2.472274 0.370901 3.060442 1.489624 0.917093 -100000000000.000000
4.677419 2.827082 0.835597 2.300790 2.858913 2.029881 0.716163 3.861919 2.752141 -100000000000.000000
3.748522 4.263907 1.068017 7.348297 2.678803 1.863684 2.988762 2.196277 1.080344 -100000000000.000000
3.832276 3.895216 2.679656 4.006708 1.062980 0.537098 2.579493 3.092642 1.601369 -100000000000.000000
3.549734 1.318887 1.448439 4.635697 1.046472 2.151238 3.903745 2.345745 1.473943 -100000000000.000000
3.317236 3.833400 1.302042 7.825010 2.585902 2.203674 3.418668 1.725714 1.666695 -100000000000.000000
4.364737 4.588128 1.092258 8.776744 1.539358 1.194224 3.642545 4.297852 1.685459 -100000000000.000000
3.216061 4.606488 1.091952 8.909647 2.346716 1.779604 3.212248 2.095776 1.524725 -100000000000.000000
2.982574 4.418622 0.835597 8.305612 2.858913 2.029881 3.060442 1.489624 0.917093 -100000000000.000000
2.982574 4.418622 0.835597 8.305612 2.858913 2.029881 3.060442 1.489624 0.917093 -100000000000.000000
4.598224 4.775994 2.912076 9.380779 1.027161 0.370901 2.507813 4.904004 2.293091 -100000000000.000000
4.598224 3.740501 2.912076 3.049393 0.882870 1.765749 3.794351 3.799295 1.764620 -100000000000.000000
4.598224 0.733665 1.914884 4.155095 0.882870 2.325031 4.261971 2.581835 1.764620 -100000000000.000000
3.884396 3.740501 2.912076 3.049393 0.773461 0.370901 2.507813 3.799295 2.223545 -100000000000.000000
4.677419 4.418622 0.835597 2.300790 2.858913 2.029881 3.060442 1.489624 0.917093 -100000000000.000000
4.598224 3.740501 2.912076 8.563470 1.955069 0.780435 4.331187 4.904004 1.691571 -100000000000.000000
3.853251 4.456373 3.047501 8.746472 0.961594 1.621164 2.988994 4.627553 2.090659 -100000000000.000000
2.189261 3.093448 3.399229 7.234240 0.948437 0.982248 2.810942 1.874568 1.775100 -100000000000.000000
2.982574 4.418622 0.835597 8.305612 2.858913 2.029881 3.060442 1.489624 0.917093 929.193333
2.982574 4.418622 0.835597 8.305612 2.858913 2.029881 3.060442 1.489624 0.917093 929.193333
4.598224 3.740501 2.912076 3.049393 0.882870 0.370901 2.507813 3.799295 1.764620 921.306667
4.598224 4.478857 2.721335 9.380779 2.858913 2.151238 3.099500 1.874568 2.293091 -100000000000.000000
4.598224 4.775994 2.912076 9.380779 1.027161 1.765749 3.794351 4.904004 2.293091 887.273333
4.598224 4.775994 2.912076 9.380779 1.027161 1.765749 3.794351 4.904004 2.293091 887.273333
4.677419 2.827082 3.636891 2.300790 2.472274 0.370901 0.716163 3.861919 2.752141 847.793333
3.340169 2.367166 4.014953 9.280227 1.599327 2.229716 3.883895 2.394392 1.643660 831.820000
2.671211 3.701359 0.807687 6.552818 1.777119 1.563816 3.256940 2.390783 1.535318 827.293333
0.750603 2.280496 4.680624 9.596240 1.205786 1.186593 4.331187 3.799295 1.691571 803.900000
4.598224 4.775994 1.348613 9.380779 1.027161 0.943947 3.794351 4.904004 2.293091 777.946667
2.663808 1.508988 2.721335 3.686636 0.414472 2.297101 2.507813 2.951262 2.572179 775.906667
2.659922 2.687157 4.200325 6.915946 1.005794 0.995352 2.452877 2.043747 1.620579 765.700000
1.444288 2.773827 3.534654 6.599933 0.882870 0.837663 2.005585 1.598117 1.572668 753.940000
3.884396 0.733665 1.914884 4.155095 0.773461 2.325031 4.261971 2.581835 2.223545 752.526667
2.982574 4.418622 0.835597 8.305612 2.858913 2.029881 3.060442 1.489624 0.917093 929.193333
FILLING
4.598224 4.775994 2.912076 9.380779 1.027161 1.765749 3.794351 4.904004 2.293091 684.866667
4.598224 4.775994 1.348613 9.380779 1.027161 0.943947 3.794351 4.904004 2.293091 762.900000
4.598224 4.775994 2.912076 9.380779 1.027161 1.765749 3.794351 4.904004 2.293091 802.840000
4.598224 4.775994 2.912076 9.380779 1.027161 1.765749 3.794351 4.904004 2.293091 569.213333
2.982574 4.418622 0.835597 8.305612 2.858913 2.029881 3.060442 1.489624 0.917093 713.913333
2.982574 4.418622 0.835597 8.305612 2.858913 2.029881 3.060442 1.489624 0.917093 803.186667
2.982574 4.418622 0.835597 8.305612 2.858913 2.029881 3.060442 1.489624 0.917093 514.766667
2.982574 4.418622 0.835597 8.305612 2.858913 2.029881 3.060442 1.489624 0.917093 736.353333
1.755954 3.701909 1.542081 8.558235 2.109630 1.960038 3.219026 1.642484 0.956550 480.126667
1.977223 2.997209 3.974140 9.343617 1.955069 1.256436 4.172603 3.646435 1.652114 730.160000
3.317252 4.478857 1.294955 8.498556 2.066654 1.913053 3.160294 2.407089 1.037261 1063.806667
4.263546 4.715759 2.452718 9.187835 1.819420 1.882577 3.694499 3.986539 2.172923 661.726667
2.663808 1.508988 2.721335 9.380779 1.027161 2.297101 3.794351 2.951262 2.293091 561.326667
4.598224 4.775994 2.912076 3.686636 0.414472 1.765749 2.507813 4.904004 2.572179 749.373333
3.510448 3.593644 0.985068 2.828324 1.236211 0.613522 3.099500 3.600963 3.078975 751.993333
4.621915 4.243973 2.377504 8.563470 1.857491 0.780435 2.252749 4.753347 2.366534 635.886667
2.982574 4.418622 3.636891 8.305612 2.472274 0.370901 3.060442 1.489624 0.917093 719.620000
4.677419 2.827082 0.835597 2.300790 2.858913 2.029881 0.716163 3.861919 2.752141 590.886667
3.748522 4.263907 1.068017 7.348297 2.678803 1.863684 2.988762 2.196277 1.080344 676.506667
3.832276 3.895216 2.679656 4.006708 1.062980 0.537098 2.579493 3.092642 1.601369 489.386667
3.549734 1.318887 1.448439 4.635697 1.046472 2.151238 3.903745 2.345745 1.473943 629.426667
3.317236 3.833400 1.302042 7.825010 2.585902 2.203674 3.418668 1.725714 1.666695 717.086667
4.364737 4.588128 1.092258 8.776744 1.539358 1.194224 3.642545 4.297852 1.685459 885.866667
3.216061 4.606488 1.091952 8.909647 2.346716 1.779604 3.212248 2.095776 1.524725 655.740000
2.982574 4.418622 0.835597 8.305612 2.858913 2.029881 3.060442 1.489624 0.917093 642.073333
2.982574 4.418622 0.835597 8.305612 2.858913 2.029881 3.060442 1.489624 0.917093 783.760000
4.598224 4.775994 2.912076 9.380779 1.027161 0.370901 2.507813 4.904004 2.293091 526.386667
4.598224 3.740501 2.912076 3.049393 0.882870 1.765749 3.794351 3.799295 1.764620 795.620000
4.598224 0.733665 1.914884 4.155095 0.882870 2.325031 4.261971 2.581835 1.764620 576.233333
3.884396 3.740501 2.912076 3.049393 0.773461 0.370901 2.507813 3.799295 2.223545 784.140000
4.677419 4.418622 0.835597 2.300790 2.858913 2.029881 3.060442 1.489624 0.917093 516.000000
4.598224 3.740501 2.912076 8.563470 1.955069 0.780435 4.331187 4.904004 1.691571 670.633333
3.853251 4.456373 3.047501 8.746472 0.961594 1.621164 2.988994 4.627553 2.090659 549.760000
2.189261 3.093448 3.399229 7.234240 0.948437 0.982248 2.810942 1.874568 1.775100 565.526667
2.982574 4.418622 0.835597 8.305612 2.858913 2.029881 3.060442 1.489624 0.917093 929.193333
2.982574 4.418622 0.835597 8.305612 2.858913 2.029881 3.060442 1.489624 0.917093 929.193333
4.598224 3.740501 2.912076 3.049393 0.882870 0.370901 2.507813 3.799295 1.764620 921.306667
4.598224 4.478857 2.721335 9.380779 2.858913 2.151238 3.099500 1.874568 2.293091 961.326667
4.598224 4.775994 2.912076 9.380779 1.027161 1.765749 3.794351 4.904004 2.293091 887.273333
4.598224 4.775994 2.912076 9.380779 1.027161 1.765749 3.794351 4.904004 2.293091 887.273333
4.677419 2.827082 3.636891 2.300790 2.472274 0.370901 0.716163 3.861919 2.752141 847.793333
3.340169 2.367166 4.014953 9.280227 1.599327 2.229716 3.883895 2.394392 1.643660 831.820000
2.671211 3.701359 0.807687 6.552818 1.777119 1.563816 3.256940 2.390783 1.535318 827.293333
0.750603 2.280496 4.680624 9.596240 1.205786 1.186593 4.331187 3.799295 1.691571 803.900000
4.598224 4.775994 1.348613 9.380779 1.027161 0.943947 3.794351 4.904004 2.293091 777.946667
2.663808 1.508988 2.721335 3.686636 0.414472 2.297101 2.507813 2.951262 2.572179 775.906667
2.659922 2.687157 4.200325 6.915946 1.005794 0.995352 2.452877 2.043747 1.620579 765.700000
1.444288 2.773827 3.534654 6.599933 0.882870 0.837663 2.005585 1.598117 1.572668 753.940000
3.884396 0.733665 1.914884 4.155095 0.773461 2.325031 4.261971 2.581835 2.223545 752.526667
2.982574 4.418622 0.835597 8.305612 2.858913 2.029881 3.060442 1.489624 0.917093 929.193333
Gen 2 FITNESS 1063.806667 DIVERSITY 265.431816
 VILLAGER_LEADER F 1063.806667 3.317252 4.478857 1.294955 8.498556 2.066654 1.913053 3.160294 2.407089 1.037261 
GEN 3 NUM_GENOME 50 NUM_VILLAGE 1
3.317252 4.478857 2.721335 8.498556 2.066654 2.297101 2.507813 2.407089 1.037261 -100000000000.000000
2.663808 1.508988 1.294955 3.686636 0.414472 1.913053 3.160294 2.951262 2.572179 -100000000000.000000
4.235424 3.887120 2.405368 4.358376 1.006420 0.590872 2.638016 3.567423 1.556152 -100000000000.000000
3.680052 4.332238 1.801663 7.189573 1.943104 1.693082 3.030091 2.638961 1.245729 -100000000000.000000
1.542944 6.720912 0.905736 7.073983 2.816230 2.873151 3.160294 0.445268 0.917093 -100000000000.000000
2.982574 4.478857 1.294955 8.498556 2.858913 2.029881 3.060442 1.489624 1.037261 -100000000000.000000
3.955966 4.478857 0.700595 8.305612 3.748627 2.330258 3.438627 2.588445 2.293091 -100000000000.000000
2.982574 4.418622 2.721335 9.380779 2.858913 2.029881 3.099500 1.874568 0.917093 -100000000000.000000
2.982574 4.418622 0.835597 8.305612 2.858913 2.029881 3.060442 1.489624 0.917093 -100000000000.000000
2.982574 4.418622 0.835597 8.305612 2.858913 2.029881 3.060442 1.489624 0.917093 -100000000000.000000
3.714104 4.291665 0.563749 8.498556 3.329617 2.807803 3.779822 4.088328 0.942806 -100000000000.000000
5.144724 1.771753 0.519316 10.586754 2.066654 0.939677 3.060442 1.312225 1.044318 -100000000000.000000
3.139446 4.422383 0.939830 8.360773 2.684970 1.979508 3.078684 1.759658 0.952037 -100000000000.000000
3.160380 4.475096 1.190722 8.443395 2.240597 1.963426 3.142052 2.137055 1.002317 -100000000000.000000
3.242953 4.475577 1.075900 8.481070 2.471384 1.969509 3.152774 2.337017 1.013245 -100000000000.000000
3.056873 4.421902 1.054652 8.323098 2.454183 1.973425 3.067962 1.559696 0.941109 -100000000000.000000
4.598224 4.775994 1.294955 8.498556 1.027161 1.765749 3.160294 4.904004 2.293091 -100000000000.000000
3.317252 4.478857 2.912076 9.380779 2.066654 1.913053 3.794351 2.407089 1.037261 -100000000000.000000
3.076498 4.432432 0.982700 8.384055 2.645057 2.009986 3.084862 1.536554 0.934996 -100000000000.000000
3.223328 4.465047 1.147852 8.420113 2.280510 1.932948 3.135874 2.360159 1.019358 -100000000000.000000
2.982574 4.418622 0.835597 8.305612 2.858913 2.029881 3.060442 1.489624 0.917093 -100000000000.000000
0.750603 4.418622 1.578074 8.305612 0.882870 1.194224 3.060442 4.297852 0.917093 -100000000000.000000
3.971428 4.478857 1.578074 8.751271 2.201639 2.052199 3.148194 2.326901 1.498810 -100000000000.000000
3.944048 4.478857 2.438216 9.128064 2.723928 2.012092 3.111600 1.954756 1.831542 -100000000000.000000
3.317252 4.418622 1.294955 8.305612 2.858913 1.913053 3.060442 1.489624 1.037261 -100000000000.000000
2.982574 4.478857 0.835597 8.498556 2.066654 2.029881 3.160294 2.407089 0.917093 -100000000000.000000
2.982574 4.418622 0.835597 8.305612 2.858913 2.029881 3.060442 1.489624 0.917093 -100000000000.000000
2.982574 4.418622 0.835597 8.305612 2.858913 2.029881 3.060442 1.489624 0.917093 -100000000000.000000
2.982574 3.740501 2.912076 3.049393 2.858913 2.029881 2.507813 3.799295 1.764620 -100000000000.000000
3.944048 4.478857 2.912076 8.305612 2.858913 2.029881 4.331187 1.759658 1.037261 -100000000000.000000
3.691868 4.478857 2.136178 8.691416 2.262992 1.953892 3.144731 2.254532 1.133291 -100000000000.000000
4.223608 4.478857 1.880112 9.187919 2.662575 2.110399 3.115063 2.027125 2.197061 -100000000000.000000
4.364737 4.588128 1.092258 8.305612 1.539358 1.194224 3.642545 1.489624 1.685459 -100000000000.000000
2.982574 4.418622 0.835597 8.776744 2.858913 2.029881 3.060442 4.297852 0.917093 -100000000000.000000
1.508588 1.125082 1.976006 6.169796 0.973592 2.474937 4.135482 2.756875 1.276635 -100000000000.000000
4.598224 4.478857 2.721335 9.380779 2.858913 2.151238 3.099500 1.874568 2.293091 961.326667
2.982574 4.418622 0.835597 8.305612 2.858913 2.029881 3.060442 1.489624 0.917093 929.193333
2.982574 4.418622 0.835597 8.305612 2.858913 2.029881 3.060442 1.489624 0.917093 929.193333
2.982574 4.418622 0.835597 8.305612 2.858913 2.029881 3.060442 1.489624 0.917093 929.193333
2.982574 1.125082 0.835597 8.305612 0.882870 2.330258 3.256940 3.861919 0.917093 -100000000000.000000
2.982574 4.332238 2.438216 8.498556 2.858913 1.186593 4.331187 1.312225 1.556152 -100000000000.000000
2.982574 4.478857 0.905736 8.776744 2.262992 2.029881 3.060442 1.489624 1.245729 -100000000000.000000
4.364737 4.588128 1.092258 8.776744 1.539358 1.194224 3.642545 4.297852 1.685459 885.866667
4.677419 2.827082 3.636891 2.300790 2.472274 0.370901 0.716163 3.861919 2.752141 847.793333
3.340169 2.367166 4.014953 9.280227 1.599327 2.229716 3.883895 2.394392 1.643660 831.820000
2.671211 3.701359 0.807687 6.552818 1.777119 1.563816 3.256940 2.390783 1.535318 827.293333
0.750603 2.280496 4.680624 9.596240 1.205786 1.186593 4.331187 3.799295 1.691571 803.900000
5.144724 4.332238 2.721335 8.360773 2.858913 1.693082 3.060442 1.489624 2.293091 -100000000000.000000
4.598224 4.775994 2.912076 9.380779 1.027161 1.765749 3.794351 4.904004 2.293091 802.840000
3.317252 4.478857 1.294955 8.498556 2.066654 1.913053 3.160294 2.407089 1.037261 1063.806667
FILLING
3.317252 4.478857 2.721335 8.498556 2.066654 2.297101 2.507813 2.407089 1.037261 543.880000
2.663808 1.508988 1.294955 3.686636 0.414472 1.913053 3.160294 2.951262 2.572179 526.960000
4.235424 3.887120 2.405368 4.358376 1.006420 0.590872 2.638016 3.567423 1.556152 699.273333
3.680052 4.332238 1.801663 7.189573 1.943104 1.693082 3.030091 2.638961 1.245729 564.340000
1.542944 6.720912 0.905736 7.073983 2.816230 2.873151 3.160294 0.445268 0.917093 470.146667
2.982574 4.478857 1.294955 8.498556 2.858913 2.029881 3.060442 1.489624 1.037261 724.080000
3.955966 4.478857 0.700595 8.305612 3.748627 2.330258 3.438627 2.588445 2.293091 897.560000
2.982574 4.418622 2.721335 9.380779 2.858913 2.029881 3.099500 1.874568 0.917093 745.120000
2.982574 4.418622 0.835597 8.305612 2.858913 2.029881 3.060442 1.489624 0.917093 906.760000
2.982574 4.418622 0.835597 8.305612 2.858913 2.029881 3.060442 1.489624 0.917093 917.913333
3.714104 4.291665 0.563749 8.498556 3.329617 2.807803 3.779822 4.088328 0.942806 727.286667
5.144724 1.771753 0.519316 10.586754 2.066654 0.939677 3.060442 1.312225 1.044318 543.940000
3.139446 4.422383 0.939830 8.360773 2.684970 1.979508 3.078684 1.759658 0.952037 776.360000
3.160380 4.475096 1.190722 8.443395 2.240597 1.963426 3.142052 2.137055 1.002317 1094.373333
3.242953 4.475577 1.075900 8.481070 2.471384 1.969509 3.152774 2.337017 1.013245 924.960000
3.056873 4.421902 1.054652 8.323098 2.454183 1.973425 3.067962 1.559696 0.941109 449.113333
4.598224 4.775994 1.294955 8.498556 1.027161 1.765749 3.160294 4.904004 2.293091 663.306667
3.317252 4.478857 2.912076 9.380779 2.066654 1.913053 3.794351 2.407089 1.037261 680.446667
3.076498 4.432432 0.982700 8.384055 2.645057 2.009986 3.084862 1.536554 0.934996 794.000000
3.223328 4.465047 1.147852 8.420113 2.280510 1.932948 3.135874 2.360159 1.019358 971.100000
2.982574 4.418622 0.835597 8.305612 2.858913 2.029881 3.060442 1.489624 0.917093 579.986667
0.750603 4.418622 1.578074 8.305612 0.882870 1.194224 3.060442 4.297852 0.917093 597.080000
3.971428 4.478857 1.578074 8.751271 2.201639 2.052199 3.148194 2.326901 1.498810 648.533333
3.944048 4.478857 2.438216 9.128064 2.723928 2.012092 3.111600 1.954756 1.831542 693.933333
3.317252 4.418622 1.294955 8.305612 2.858913 1.913053 3.060442 1.489624 1.037261 854.433333
2.982574 4.478857 0.835597 8.498556 2.066654 2.029881 3.160294 2.407089 0.917093 903.113333
2.982574 4.418622 0.835597 8.305612 2.858913 2.029881 3.060442 1.489624 0.917093 685.446667
2.982574 4.418622 0.835597 8.305612 2.858913 2.029881 3.060442 1.489624 0.917093 556.760000
2.982574 3.740501 2.912076 3.049393 2.858913 2.029881 2.507813 3.799295 1.764620 690.146667
3.944048 4.478857 2.912076 8.305612 2.858913 2.029881 4.331187 1.759658 1.037261 884.153333
3.691868 4.478857 2.136178 8.691416 2.262992 1.953892 3.144731 2.254532 1.133291 1069.820000
4.223608 4.478857 1.880112 9.187919 2.662575 2.110399 3.115063 2.027125 2.197061 710.840000
4.364737 4.588128 1.092258 8.305612 1.539358 1.194224 3.642545 1.489624 1.685459 692.053333
2.982574 4.418622 0.835597 8.776744 2.858913 2.029881 3.060442 4.297852 0.917093 821.153333
1.508588 1.125082 1.976006 6.169796 0.973592 2.474937 4.135482 2.756875 1.276635 495.880000
4.598224 4.478857 2.721335 9.380779 2.858913 2.151238 3.099500 1.874568 2.293091 961.326667
2.982574 4.418622 0.835597 8.305612 2.858913 2.029881 3.060442 1.489624 0.917093 929.193333
2.982574 4.418622 0.835597 8.305612 2.858913 2.029881 3.060442 1.489624 0.917093 929.193333
2.982574 4.418622 0.835597 8.305612 2.858913 2.029881 3.060442 1.489624 0.917093 929.193333
2.982574 1.125082 0.835597 8.305612 0.882870 2.330258 3.256940 3.861919 0.917093 599.813333
2.982574 4.332238 2.438216 8.498556 2.858913 1.186593 4.331187 1.312225 1.556152 680.120000
2.982574 4.478857 0.905736 8.776744 2.262992 2.029881 3.060442 1.489624 1.245729 570.593333
4.364737 4.588128 1.092258 8.776744 1.539358 1.194224 3.642545 4.297852 1.685459 885.866667
4.677419 2.827082 3.636891 2.300790 2.472274 0.370901 0.716163 3.861919 2.752141 847.793333
3.340169 2.367166 4.014953 9.280227 1.599327 2.229716 3.883895 2.394392 1.643660 831.820000
2.671211 3.701359 0.807687 6.552818 1.777119 1.563816 3.256940 2.390783 1.535318 827.293333
0.750603 2.280496 4.680624 9.596240 1.205786 1.186593 4.331187 3.799295 1.691571 803.900000
5.144724 4.332238 2.721335 8.360773 2.858913 1.693082 3.060442 1.489624 2.293091 560.473333
4.598224 4.775994 2.912076 9.380779 1.027161 1.765749 3.794351 4.904004 2.293091 802.840000
3.317252 4.478857 1.294955 8.498556 2.066654 1.913053 3.160294 2.407089 1.037261 1063.806667
Gen 3 FITNESS 1094.373333 DIVERSITY 189.801286
 VILLAGER_LEADER F 1094.373333 3.160380 4.475096 1.190722 8.443395 2.240597 1.963426 3.142052 2.137055 1.002317 
GEN 4 NUM_GENOME 50 NUM_VILLAGE 1
3.078088 4.424517 0.889725 8.352931 2.648023 2.006378 3.095600 1.847199 0.962028 -100000000000.000000
3.221738 4.472962 1.240827 8.451237 2.277544 1.936556 3.125136 2.049514 0.992326 -100000000000.000000
3.105628 4.434039 0.930279 8.341976 2.752761 1.999257 3.077629 1.740819 0.956057 -100000000000.000000
3.194198 4.463440 1.200273 8.462192 2.172806 1.943677 3.143107 2.155894 0.998297 -100000000000.000000
2.982574 4.418622 0.835597 8.305612 2.858913 2.029881 3.060442 2.360159 1.019358 -100000000000.000000
2.872900 3.893014 1.001910 9.058682 1.831862 1.932948 1.150205 1.489624 1.148994 -100000000000.000000
2.982574 4.478857 0.835597 8.305612 2.858913 2.029881 3.160294 1.489624 0.917093 -100000000000.000000
2.982574 4.418622 0.835597 8.498556 2.066654 2.029881 3.060442 2.407089 0.917093 -100000000000.000000
2.982574 4.418622 0.835597 8.305612 2.858913 2.029881 3.060442 1.489624 0.917093 -100000000000.000000
2.982574 4.418622 0.835597 8.305612 2.858913 2.029881 3.060442 1.489624 0.917093 -100000000000.000000
2.982574 4.478857 0.835597 8.305612 2.066654 1.913053 3.160294 2.407089 0.917093 -100000000000.000000
3.317252 4.418622 1.294955 8.498556 2.858913 2.029881 3.060442 1.489624 1.037261 -100000000000.000000
3.160380 4.475096 1.147852 8.443395 2.280510 1.932948 3.135874 2.360159 1.002317 -100000000000.000000
3.223328 4.465047 1.190722 8.420113 2.240597 1.963426 3.142052 2.137055 1.019358 -100000000000.000000
3.640225 2.033202 1.067658 7.418978 2.500030 2.723595 1.299288 2.516554 1.088676 -100000000000.000000
2.982574 4.418622 1.294955 8.420113 2.244848 1.963426 3.160294 2.137055 0.917093 -100000000000.000000
3.223328 4.465047 1.147852 8.420113 2.280510 2.029881 3.060442 2.360159 1.019358 -100000000000.000000
2.982574 4.418622 0.835597 8.305612 2.858913 1.932948 3.135874 1.489624 0.917093 -100000000000.000000
3.554542 4.478857 1.730721 8.665275 2.210914 1.945557 3.147363 2.295490 1.111004 -100000000000.000000
3.454578 4.478857 1.700412 8.524697 2.118732 1.921388 3.157662 2.366131 1.059548 -100000000000.000000
3.245234 4.476363 1.353894 8.483036 2.250872 1.961339 3.142673 2.148663 1.027364 -100000000000.000000
3.607014 4.477590 1.973006 8.651775 2.252717 1.955979 3.144110 2.242924 1.108244 -100000000000.000000
3.124143 4.450599 0.960642 8.364899 2.371949 1.958187 3.109018 2.213727 1.007093 -100000000000.000000
3.081759 4.433070 1.022807 8.360826 2.767474 2.004642 3.087298 1.636056 0.929358 -100000000000.000000
3.274041 4.478298 1.255258 8.485480 2.085311 1.934613 3.157275 2.350157 1.027657 -100000000000.000000
3.203591 4.475655 1.230419 8.456471 2.221940 1.941866 3.145071 2.193987 1.011921 -100000000000.000000
4.598224 4.478857 1.294955 9.380779 2.066654 1.913053 3.099500 1.874568 2.293091 -100000000000.000000
3.317252 4.478857 2.721335 8.498556 2.858913 2.151238 3.160294 2.407089 1.037261 -100000000000.000000
3.105628 4.478857 1.353894 8.364899 2.172806 1.969509 3.135874 1.874568 1.133291 -100000000000.000000
2.000597 4.867027 2.587724 5.344704 0.947071 2.219879 2.713045 2.170686 0.625284 -100000000000.000000
3.223328 4.475096 1.190722 8.420113 2.240597 1.932948 3.135874 2.360159 1.019358 -100000000000.000000
3.160380 4.465047 1.147852 8.443395 2.280510 1.963426 3.142052 2.137055 1.002317 -100000000000.000000
3.610796 4.477829 1.906524 8.636001 2.258741 1.957126 3.144039 2.229303 1.122452 -100000000000.000000
3.223328 4.465047 1.353894 8.305612 2.858913 2.029881 3.145071 1.759658 1.685459 -100000000000.000000
3.160380 4.475096 1.190722 8.443395 2.240597 1.963426 3.142052 2.137055 1.002317 1094.373333
3.691868 4.478857 2.136178 8.691416 2.262992 1.953892 3.144731 2.254532 1.133291 1069.820000
3.317252 4.478857 1.294955 8.498556 2.066654 1.913053 3.160294 2.407089 1.037261 1063.806667
3.223328 4.465047 1.147852 8.420113 2.280510 1.932948 3.135874 2.360159 1.019358 971.100000
4.598224 4.478857 2.721335 9.380779 2.858913 2.151238 3.099500 1.874568 2.293091 961.326667
2.982574 4.418622 0.835597 8.305612 2.858913 2.029881 3.060442 1.489624 0.917093 929.193333
2.982574 4.418622 0.835597 8.305612 2.858913 2.029881 3.060442 1.489624 0.917093 929.193333
2.982574 4.418622 0.835597 8.305612 2.858913 2.029881 3.060442 1.489624 0.917093 929.193333
3.242953 3.501085 1.389164 7.720220 2.471384 3.577017 1.741886 2.337017 1.013245 -100000000000.000000
2.982574 4.418622 0.835597 8.305612 2.858913 2.029881 3.060442 1.489624 0.917093 917.913333
2.982574 4.418622 0.835597 8.305612 2.858913 2.029881 3.060442 1.489624 0.917093 906.760000
2.982574 4.478857 0.835597 8.498556 2.066654 2.029881 3.160294 2.407089 0.917093 903.113333
3.955966 4.478857 0.700595 8.305612 3.748627 2.330258 3.438627 2.588445 2.293091 897.560000
3.610796 4.418622 0.835597 8.443395 2.752761 1.963426 3.095600 1.874568 0.929358 -100000000000.000000
3.944048 4.478857 2.912076 8.305612 2.858913 2.029881 4.331187 1.759658 1.037261 884.153333
3.160380 4.475096 1.190722 8.443395 2.240597 1.963426 3.142052 2.137055 1.002317 1094.373333
FILLING
3.078088 4.424517 0.889725 8.352931 2.648023 2.006378 3.095600 1.847199 0.962028 556.200000
3.221738 4.472962 1.240827 8.451237 2.277544 1.936556 3.125136 2.049514 0.992326 802.540000
3.105628 4.434039 0.930279 8.341976 2.752761 1.999257 3.077629 1.740819 0.956057 725.260000
3.194198 4.463440 1.200273 8.462192 2.172806 1.943677 3.143107 2.155894 0.998297 785.740000
2.982574 4.418622 0.835597 8.305612 2.858913 2.029881 3.060442 2.360159 1.019358 623.700000
2.872900 3.893014 1.001910 9.058682 1.831862 1.932948 1.150205 1.489624 1.148994 729.940000
2.982574 4.478857 0.835597 8.305612 2.858913 2.029881 3.160294 1.489624 0.917093 617.826667
2.982574 4.418622 0.835597 8.498556 2.066654 2.029881 3.060442 2.407089 0.917093 856.713333
2.982574 4.418622 0.835597 8.305612 2.858913 2.029881 3.060442 1.489624 0.917093 671.053333
2.982574 4.418622 0.835597 8.305612 2.858913 2.029881 3.060442 1.489624 0.917093 667.053333
2.982574 4.478857 0.835597 8.305612 2.066654 1.913053 3.160294 2.407089 0.917093 744.346667
3.317252 4.418622 1.294955 8.498556 2.858913 2.029881 3.060442 1.489624 1.037261 822.013333
3.160380 4.475096 1.147852 8.443395 2.280510 1.932948 3.135874 2.360159 1.002317 644.400000
3.223328 4.465047 1.190722 8.420113 2.240597 1.963426 3.142052 2.137055 1.019358 596.873333
3.640225 2.033202 1.067658 7.418978 2.500030 2.723595 1.299288 2.516554 1.088676 519.633333
2.982574 4.418622 1.294955 8.420113 2.244848 1.963426 3.160294 2.137055 0.917093 816.760000
3.223328 4.465047 1.147852 8.420113 2.280510 2.029881 3.060442 2.360159 1.019358 438.473333
2.982574 4.418622 0.835597 8.305612 2.858913 1.932948 3.135874 1.489624 0.917093 544.466667
3.554542 4.478857 1.730721 8.665275 2.210914 1.945557 3.147363 2.295490 1.111004 812.186667
3.454578 4.478857 1.700412 8.524697 2.118732 1.921388 3.157662 2.366131 1.059548 583.900000
3.245234 4.476363 1.353894 8.483036 2.250872 1.961339 3.142673 2.148663 1.027364 484.786667
3.607014 4.477590 1.973006 8.651775 2.252717 1.955979 3.144110 2.242924 1.108244 666.693333
3.124143 4.450599 0.960642 8.364899 2.371949 1.958187 3.109018 2.213727 1.007093 714.500000
3.081759 4.433070 1.022807 8.360826 2.767474 2.004642 3.087298 1.636056 0.929358 447.700000
3.274041 4.478298 1.255258 8.485480 2.085311 1.934613 3.157275 2.350157 1.027657 851.226667
3.203591 4.475655 1.230419 8.456471 2.221940 1.941866 3.145071 2.193987 1.011921 689.826667
4.598224 4.478857 1.294955 9.380779 2.066654 1.913053 3.099500 1.874568 2.293091 855.360000
3.317252 4.478857 2.721335 8.498556 2.858913 2.151238 3.160294 2.407089 1.037261 805.993333
3.105628 4.478857 1.353894 8.364899 2.172806 1.969509 3.135874 1.874568 1.133291 695.053333
2.000597 4.867027 2.587724 5.344704 0.947071 2.219879 2.713045 2.170686 0.625284 567.293333
3.223328 4.475096 1.190722 8.420113 2.240597 1.932948 3.135874 2.360159 1.019358 792.326667
3.160380 4.465047 1.147852 8.443395 2.280510 1.963426 3.142052 2.137055 1.002317 646.166667
3.610796 4.477829 1.906524 8.636001 2.258741 1.957126 3.144039 2.229303 1.122452 779.653333
3.223328 4.465047 1.353894 8.305612 2.858913 2.029881 3.145071 1.759658 1.685459 1057.846667
3.160380 4.475096 1.190722 8.443395 2.240597 1.963426 3.142052 2.137055 1.002317 1094.373333
3.691868 4.478857 2.136178 8.691416 2.262992 1.953892 3.144731 2.254532 1.133291 1069.820000
3.317252 4.478857 1.294955 8.498556 2.066654 1.913053 3.160294 2.407089 1.037261 1063.806667
3.223328 4.465047 1.147852 8.420113 2.280510 1.932948 3.135874 2.360159 1.019358 971.100000
4.598224 4.478857 2.721335 9.380779 2.858913 2.151238 3.099500 1.874568 2.293091 961.326667
2.982574 4.418622 0.835597 8.305612 2.858913 2.029881 3.060442 1.489624 0.917093 929.193333
2.982574 4.418622 0.835597 8.305612 2.858913 2.029881 3.060442 1.489624 0.917093 929.193333
2.982574 4.418622 0.835597 8.305612 2.858913 2.029881 3.060442 1.489624 0.917093 929.193333
3.242953 3.501085 1.389164 7.720220 2.471384 3.577017 1.741886 2.337017 1.013245 860.953333
2.982574 4.418622 0.835597 8.305612 2.858913 2.029881 3.060442 1.489624 0.917093 917.913333
2.982574 4.418622 0.835597 8.305612 2.858913 2.029881 3.060442 1.489624 0.917093 906.760000
2.982574 4.478857 0.835597 8.498556 2.066654 2.029881 3.160294 2.407089 0.917093 903.113333
3.955966 4.478857 0.700595 8.305612 3.748627 2.330258 3.438627 2.588445 2.293091 897.560000
3.610796 4.418622 0.835597 8.443395 2.752761 1.963426 3.095600 1.874568 0.929358 895.746667
3.944048 4.478857 2.912076 8.305612 2.858913 2.029881 4.331187 1.759658 1.037261 884.153333
3.160380 4.475096 1.190722 8.443395 2.240597 1.963426 3.142052 2.137055 1.002317 1094.373333
Gen 4 FITNESS 1094.373333 DIVERSITY 75.436772
 VILLAGER_LEADER F 1094.373333 3.160380 4.475096 1.190722 8.443395 2.240597 1.963426 3.142052 2.137055 1.002317 
GEN 5 NUM_GENOME 50 NUM_VILLAGE 1
3.223328 4.475435 2.136178 8.420113 2.280510 2.029881 3.145697 2.137055 1.019358 -100000000000.000000
2.982574 4.478857 0.835597 8.305612 2.262992 2.029881 3.060442 2.254532 0.917093 -100000000000.000000
3.317252 4.478857 1.294955 8.498556 2.858913 1.913053 3.160294 2.407089 0.917093 -100000000000.000000
2.982574 4.418622 0.835597 8.305612 2.066654 2.029881 3.060442 1.489624 1.037261 -100000000000.000000
3.160380 4.475096 1.190722 8.443395 2.240597 1.963426 3.142052 2.137055 1.002317 -100000000000.000000
3.160380 4.475096 1.190722 8.443395 2.240597 1.963426 3.142052 2.137055 1.002317 -100000000000.000000
2.982574 4.418622 1.190722 8.305612 2.858913 1.963426 3.060442 1.489624 0.917093 -100000000000.000000
3.160380 4.475096 0.835597 8.443395 2.240597 2.029881 3.142052 2.137055 1.002317 -100000000000.000000
3.317252 4.478857 1.294955 8.498556 2.066654 1.913053 3.060442 2.407089 0.917093 -100000000000.000000
2.692829 4.418622 1.395381 7.228597 2.306198 2.443316 2.514854 1.644149 0.814337 -100000000000.000000
3.223328 4.465047 1.353894 8.305612 2.858913 2.029881 3.145071 1.759658 1.685459 -100000000000.000000
3.223328 4.465047 1.353894 8.305612 2.858913 2.029881 3.145071 1.759658 1.685459 -100000000000.000000
3.295001 4.476612 1.262210 8.473818 2.109052 1.927957 3.150007 2.366464 1.030435 -100000000000.000000
3.182631 4.477341 1.223467 8.468133 2.198199 1.948522 3.152339 2.177680 1.009143 -100000000000.000000
3.160380 4.478857 1.190722 8.305612 2.858913 1.963426 4.331187 2.137055 1.002317 -100000000000.000000
3.944048 4.475096 2.912076 8.443395 2.240597 2.029881 3.142052 1.759658 1.037261 -100000000000.000000
3.223328 4.465047 1.353894 8.305612 2.858913 2.029881 3.135874 2.360159 1.019358 -100000000000.000000
3.223328 4.477341 1.353894 8.691416 2.858913 1.932948 3.133096 2.407089 2.293091 -100000000000.000000
3.499478 4.475685 1.446417 8.888935 2.386210 2.034948 3.133096 2.064248 1.269678 -100000000000.000000
0.666010 4.478268 2.465640 9.606766 0.362380 2.269543 2.975525 1.576313 2.599789 -100000000000.000000
3.223328 4.465047 1.190722 8.443395 2.280510 1.932948 3.135874 2.137055 1.019358 -100000000000.000000
3.160380 4.475096 1.147852 8.420113 2.240597 1.963426 3.142052 2.360159 1.002317 -100000000000.000000
3.691868 4.478857 2.136178 8.498556 2.262992 1.913053 3.160294 2.407089 1.037261 -100000000000.000000
2.982574 4.475096 2.136178 8.305612 2.858913 1.963426 3.144731 2.137055 1.133291 -100000000000.000000
3.174374 4.475435 1.205429 8.449170 2.215284 1.953508 3.143933 2.199838 1.012871 -100000000000.000000
3.260047 4.477959 1.240551 8.479705 2.110624 1.944531 3.155394 2.287374 1.017103 -100000000000.000000
3.317252 4.478857 1.294955 8.691416 2.262992 1.953892 3.144731 2.407089 1.133291 -100000000000.000000
3.691868 4.478857 2.136178 8.498556 2.066654 1.913053 3.160294 2.254532 1.037261 -100000000000.000000
3.981428 4.471817 2.380702 9.266309 2.858913 2.117133 3.106667 1.840905 2.225445 -100000000000.000000
3.840124 4.472087 1.694527 8.420082 2.858913 2.063986 3.137904 1.793321 1.753105 -100000000000.000000
3.223328 4.465047 2.136178 8.691416 2.858913 1.953892 3.145071 1.759658 1.685459 -100000000000.000000
3.691868 4.478857 1.353894 8.305612 2.262992 2.029881 3.144731 2.254532 1.133291 -100000000000.000000
3.133399 4.475538 1.150770 8.456954 2.220733 1.982015 3.145697 2.197053 0.974938 -100000000000.000000
3.009555 4.478415 0.875549 8.484997 2.086518 2.011292 3.156649 2.347091 0.944472 -100000000000.000000
3.058716 4.687618 0.844866 7.080294 2.240597 0.901918 3.711984 1.117761 0.293458 -100000000000.000000
0.346096 4.867080 1.328252 4.691973 0.450484 1.492724 2.212378 1.087109 0.711866 -100000000000.000000
3.691868 4.478857 2.136178 8.691416 2.262992 1.953892 3.144731 2.254532 1.133291 1069.820000
3.223328 4.465047 0.835597 8.305612 2.858913 2.029881 3.160294 1.489624 0.944472 -100000000000.000000
3.223328 4.465047 1.353894 8.305612 2.858913 2.029881 3.145071 1.759658 1.685459 1057.846667
3.223328 4.465047 1.147852 8.420113 2.280510 1.932948 3.135874 2.360159 1.019358 971.100000
4.598224 4.478857 2.721335 9.380779 2.858913 2.151238 3.099500 1.874568 2.293091 961.326667
2.982574 4.418622 0.835597 8.305612 2.858913 2.029881 3.060442 1.489624 0.917093 929.193333
2.982574 4.418622 0.835597 8.305612 2.858913 2.029881 3.060442 1.489624 0.917093 929.193333
2.982574 4.418622 0.835597 8.305612 2.858913 2.029881 3.060442 1.489624 0.917093 929.193333
0.876830 7.055013 0.674051 13.691928 0.704962 3.162052 2.395696 2.163898 1.022242 -100000000000.000000
2.982574 4.418622 0.835597 8.305612 2.858913 2.029881 3.060442 1.489624 0.917093 906.760000
4.094123 3.140424 0.620070 10.377607 2.917669 0.560899 3.160294 1.095783 0.733255 -100000000000.000000
3.955966 4.478857 0.700595 8.305612 3.748627 2.330258 3.438627 2.588445 2.293091 897.560000
3.610796 4.418622 0.835597 8.443395 2.752761 1.963426 3.095600 1.874568 0.929358 895.746667
3.160380 4.475096 1.190722 8.443395 2.240597 1.963426 3.142052 2.137055 1.002317 1094.373333
FILLING
3.223328 4.475435 2.136178 8.420113 2.280510 2.029881 3.145697 2.137055 1.019358 716.840000
2.982574 4.478857 0.835597 8.305612 2.262992 2.029881 3.060442 2.254532 0.917093 689.880000
3.317252 4.478857 1.294955 8.498556 2.858913 1.913053 3.160294 2.407089 0.917093 792.520000
2.982574 4.418622 0.835597 8.305612 2.066654 2.029881 3.060442 1.489624 1.037261 1001.773333
3.160380 4.475096 1.190722 8.443395 2.240597 1.963426 3.142052 2.137055 1.002317 913.020000
3.160380 4.475096 1.190722 8.443395 2.240597 1.963426 3.142052 2.137055 1.002317 984.366667
2.982574 4.418622 1.190722 8.305612 2.858913 1.963426 3.060442 1.489624 0.917093 881.066667
3.160380 4.475096 0.835597 8.443395 2.240597 2.029881 3.142052 2.137055 1.002317 586.106667
3.317252 4.478857 1.294955 8.498556 2.066654 1.913053 3.060442 2.407089 0.917093 787.253333
2.692829 4.418622 1.395381 7.228597 2.306198 2.443316 2.514854 1.644149 0.814337 409.753333
3.223328 4.465047 1.353894 8.305612 2.858913 2.029881 3.145071 1.759658 1.685459 669.393333
3.223328 4.465047 1.353894 8.305612 2.858913 2.029881 3.145071 1.759658 1.685459 872.740000
3.295001 4.476612 1.262210 8.473818 2.109052 1.927957 3.150007 2.366464 1.030435 822.840000
3.182631 4.477341 1.223467 8.468133 2.198199 1.948522 3.152339 2.177680 1.009143 879.186667
3.160380 4.478857 1.190722 8.305612 2.858913 1.963426 4.331187 2.137055 1.002317 631.200000
3.944048 4.475096 2.912076 8.443395 2.240597 2.029881 3.142052 1.759658 1.037261 637.326667
3.223328 4.465047 1.353894 8.305612 2.858913 2.029881 3.135874 2.360159 1.019358 668.980000
3.223328 4.477341 1.353894 8.691416 2.858913 1.932948 3.133096 2.407089 2.293091 554.973333
3.499478 4.475685 1.446417 8.888935 2.386210 2.034948 3.133096 2.064248 1.269678 622.853333
0.666010 4.478268 2.465640 9.606766 0.362380 2.269543 2.975525 1.576313 2.599789 389.613333
3.223328 4.465047 1.190722 8.443395 2.280510 1.932948 3.135874 2.137055 1.019358 526.886667
3.160380 4.475096 1.147852 8.420113 2.240597 1.963426 3.142052 2.360159 1.002317 738.193333
3.691868 4.478857 2.136178 8.498556 2.262992 1.913053 3.160294 2.407089 1.037261 586.633333
2.982574 4.475096 2.136178 8.305612 2.858913 1.963426 3.144731 2.137055 1.133291 933.433333
3.174374 4.475435 1.205429 8.449170 2.215284 1.953508 3.143933 2.199838 1.012871 815.986667
3.260047 4.477959 1.240551 8.479705 2.110624 1.944531 3.155394 2.287374 1.017103 905.213333
3.317252 4.478857 1.294955 8.691416 2.262992 1.953892 3.144731 2.407089 1.133291 554.880000
3.691868 4.478857 2.136178 8.498556 2.066654 1.913053 3.160294 2.254532 1.037261 653.380000
3.981428 4.471817 2.380702 9.266309 2.858913 2.117133 3.106667 1.840905 2.225445 846.373333
3.840124 4.472087 1.694527 8.420082 2.858913 2.063986 3.137904 1.793321 1.753105 764.126667
3.223328 4.465047 2.136178 8.691416 2.858913 1.953892 3.145071 1.759658 1.685459 957.173333
3.691868 4.478857 1.353894 8.305612 2.262992 2.029881 3.144731 2.254532 1.133291 663.320000
3.133399 4.475538 1.150770 8.456954 2.220733 1.982015 3.145697 2.197053 0.974938 519.446667
3.009555 4.478415 0.875549 8.484997 2.086518 2.011292 3.156649 2.347091 0.944472 553.520000
3.058716 4.687618 0.844866 7.080294 2.240597 0.901918 3.711984 1.117761 0.293458 687.033333
0.346096 4.867080 1.328252 4.691973 0.450484 1.492724 2.212378 1.087109 0.711866 415.740000
3.691868 4.478857 2.136178 8.691416 2.262992 1.953892 3.144731 2.254532 1.133291 1069.820000
3.223328 4.465047 0.835597 8.305612 2.858913 2.029881 3.160294 1.489624 0.944472 479.400000
3.223328 4.465047 1.353894 8.305612 2.858913 2.029881 3.145071 1.759658 1.685459 1057.846667
3.223328 4.465047 1.147852 8.420113 2.280510 1.932948 3.135874 2.360159 1.019358 971.100000
4.598224 4.478857 2.721335 9.380779 2.858913 2.151238 3.099500 1.874568 2.293091 961.326667
2.982574 4.418622 0.835597 8.305612 2.858913 2.029881 3.060442 1.489624 0.917093 929.193333
2.982574 4.418622 0.835597 8.305612 2.858913 2.029881 3.060442 1.489624 0.917093 929.193333
2.982574 4.418622 0.835597 8.305612 2.858913 2.029881 3.060442 1.489624 0.917093 929.193333
0.876830 7.055013 0.674051 13.691928 0.704962 3.162052 2.395696 2.163898 1.022242 568.700000
2.982574 4.418622 0.835597 8.305612 2.858913 2.029881 3.060442 1.489624 0.917093 906.760000
4.094123 3.140424 0.620070 10.377607 2.917669 0.560899 3.160294 1.095783 0.733255 471.720000
3.955966 4.478857 0.700595 8.305612 3.748627 2.330258 3.438627 2.588445 2.293091 897.560000
3.610796 4.418622 0.835597 8.443395 2.752761 1.963426 3.095600 1.874568 0.929358 895.746667
3.160380 4.475096 1.190722 8.443395 2.240597 1.963426 3.142052 2.137055 1.002317 1094.373333
Gen 5 FITNESS 1094.373333 DIVERSITY 99.696868
 VILLAGER_LEADER F 1094.373333 3.160380 4.475096 1.190722 8.443395 2.240597 1.963426 3.142052 2.137055 1.002317 
GEN 6 NUM_GENOME 50 NUM_VILLAGE 1
3.260047 4.475096 2.136178 8.479705 2.858913 1.963426 3.155394 2.287374 1.017103 -100000000000.000000
2.982574 4.477959 1.240551 8.305612 2.110624 1.944531 3.144731 2.137055 1.133291 -100000000000.000000
3.562906 4.478353 1.915140 8.569062 2.261118 1.954920 3.143457 2.229965 1.090753 -100000000000.000000
3.289342 4.475600 1.411760 8.565749 2.242471 1.962398 3.143326 2.161622 1.044855 -100000000000.000000
4.598224 4.475096 2.721335 8.443395 2.858913 1.963426 3.142052 1.874568 1.002317 -100000000000.000000
3.160380 4.478857 1.190722 9.380779 2.240597 2.151238 3.099500 2.137055 2.293091 -100000000000.000000
3.815109 5.742046 4.001895 10.237378 1.416988 1.236032 3.144731 2.013898 1.557269 -100000000000.000000
4.501350 3.317378 2.698594 4.873283 2.262992 1.083761 0.392510 0.628986 0.416463 -100000000000.000000
3.829712 3.660537 0.946183 9.771878 1.902973 2.556991 2.391277 2.109691 0.415928 -100000000000.000000
2.982574 4.418622 0.835597 8.305612 2.858913 2.029881 3.060442 1.489624 0.917093 -100000000000.000000
2.982574 4.478353 2.136178 8.305612 2.858913 1.963426 3.144731 2.137055 2.293091 -100000000000.000000
3.819106 4.476563 2.147237 9.220142 2.858913 2.141464 3.110553 1.858942 2.213336 -100000000000.000000
2.982574 4.418622 0.835597 8.305612 2.858913 2.029881 3.060442 1.489624 0.917093 -100000000000.000000
3.160380 4.478857 2.136178 8.443395 2.858913 2.029881 3.145071 2.137055 0.917093 -100000000000.000000
2.833656 4.004635 1.180945 10.433027 2.858913 1.967428 4.032746 0.934675 2.063231 -100000000000.000000
3.223328 4.418622 0.835597 8.305612 2.858913 2.029881 3.060442 1.489624 0.917093 -100000000000.000000
3.028262 4.473181 2.032046 8.305612 2.858913 1.980522 3.144754 2.115847 1.282783 -100000000000.000000
3.177640 4.466962 1.458026 8.305612 2.858913 2.012785 3.145048 1.780866 1.535967 -100000000000.000000
3.691868 4.478857 2.136178 8.305612 2.858913 1.953892 3.144731 2.254532 1.133291 -100000000000.000000
2.982574 4.475096 2.136178 8.691416 2.262992 1.963426 3.144731 2.137055 1.133291 -100000000000.000000
2.982574 4.478857 0.835597 8.305612 2.262992 2.029881 3.060442 1.489624 1.133291 -100000000000.000000
3.260047 4.465047 1.073523 8.691416 2.858913 2.012785 3.145071 1.657692 0.917093 -100000000000.000000
3.160380 4.475096 1.190722 8.443395 2.240597 1.963426 3.142052 2.137055 1.002317 -100000000000.000000
3.160380 4.475096 1.190722 8.443395 2.240597 1.963426 3.142052 2.137055 1.002317 -100000000000.000000
3.664029 5.810040 0.362630 6.908432 3.367227 1.614469 3.060442 1.790177 0.131959 -100000000000.000000
4.598224 4.418622 0.835597 6.908432 2.262992 1.236032 3.143457 1.759658 1.037261 -100000000000.000000
4.598224 4.478857 0.835597 9.380779 2.858913 2.029881 3.099500 1.489624 0.917093 -100000000000.000000
3.212438 4.164322 3.622602 7.483142 4.771300 2.151238 3.939085 1.874568 2.293091 -100000000000.000000
4.598224 5.742046 2.032046 8.305612 2.729959 1.980522 4.032746 1.858942 0.917093 -100000000000.000000
2.767556 3.611021 0.172239 9.845389 4.562945 2.015573 3.076463 1.842167 1.464066 -100000000000.000000
3.289342 4.418622 2.147237 10.433027 2.858913 2.029881 3.144731 2.254532 1.282783 -100000000000.000000
3.691868 4.418622 2.136178 8.691416 2.858913 1.953892 3.144731 1.489624 0.917093 -100000000000.000000
3.223328 4.465047 1.353894 8.305612 2.858913 2.029881 3.145071 1.759658 1.685459 -100000000000.000000
3.223328 4.465047 1.353894 8.305612 2.858913 2.029881 3.145071 1.759658 1.685459 -100000000000.000000
3.160380 4.475096 1.190722 8.443395 2.240597 1.963426 3.142052 2.137055 1.002317 1094.373333
3.691868 4.478857 2.136178 8.691416 2.262992 1.953892 3.144731 2.254532 1.133291 1069.820000
2.982574 4.466962 2.032046 10.433027 2.858913 1.963426 3.142052 2.287374 0.917093 -100000000000.000000
2.982574 4.418622 0.835597 8.305612 2.066654 2.029881 3.060442 1.489624 1.037261 1001.773333
3.160380 4.475096 1.190722 8.443395 2.240597 1.963426 3.142052 2.137055 1.002317 984.366667
3.223328 4.465047 1.147852 8.420113 2.280510 1.932948 3.135874 2.360159 1.019358 971.100000
4.598224 4.478857 2.721335 9.380779 2.858913 2.151238 3.099500 1.874568 2.293091 961.326667
3.223328 4.465047 2.136178 8.691416 2.858913 1.953892 3.145071 1.759658 1.685459 957.173333
2.982574 4.475096 2.136178 8.305612 2.858913 1.963426 3.144731 2.137055 1.133291 933.433333
2.982574 4.418622 0.835597 8.305612 2.858913 2.029881 3.060442 1.489624 0.917093 929.193333
2.982574 4.418622 0.835597 8.305612 2.858913 2.029881 3.060442 1.489624 0.917093 929.193333
2.982574 4.418622 0.835597 8.305612 2.858913 2.029881 3.060442 1.489624 0.917093 929.193333
3.082346 7.992745 1.146029 12.375770 2.240597 2.050318 0.731767 1.175677 1.235499 -100000000000.000000
2.982574 4.418622 0.835597 8.305612 2.858913 2.029881 3.060442 1.489624 0.917093 906.760000
3.260047 4.477959 1.240551 8.479705 2.110624 1.944531 3.155394 2.287374 1.017103 905.213333
3.160380 4.475096 1.190722 8.443395 2.240597 1.963426 3.142052 2.137055 1.002317 1094.373333
FILLING
3.260047 4.475096 2.136178 8.479705 2.858913 1.963426 3.155394 2.287374 1.017103 650.933333
2.982574 4.477959 1.240551 8.305612 2.110624 1.944531 3.144731 2.137055 1.133291 516.413333
3.562906 4.478353 1.915140 8.569062 2.261118 1.954920 3.143457 2.229965 1.090753 914.333333
3.289342 4.475600 1.411760 8.565749 2.242471 1.962398 3.143326 2.161622 1.044855 813.693333
4.598224 4.475096 2.721335 8.443395 2.858913 1.963426 3.142052 1.874568 1.002317 407.993333
3.160380 4.478857 1.190722 9.380779 2.240597 2.151238 3.099500 2.137055 2.293091 589.173333
3.815109 5.742046 4.001895 10.237378 1.416988 1.236032 3.144731 2.013898 1.557269 620.160000
4.501350 3.317378 2.698594 4.873283 2.262992 1.083761 0.392510 0.628986 0.416463 356.173333
3.829712 3.660537 0.946183 9.771878 1.902973 2.556991 2.391277 2.109691 0.415928 754.386667
2.982574 4.418622 0.835597 8.305612 2.858913 2.029881 3.060442 1.489624 0.917093 733.786667
2.982574 4.478353 2.136178 8.305612 2.858913 1.963426 3.144731 2.137055 2.293091 878.126667
3.819106 4.476563 2.147237 9.220142 2.858913 2.141464 3.110553 1.858942 2.213336 816.953333
2.982574 4.418622 0.835597 8.305612 2.858913 2.029881 3.060442 1.489624 0.917093 776.093333
3.160380 4.478857 2.136178 8.443395 2.858913 2.029881 3.145071 2.137055 0.917093 850.126667
2.833656 4.004635 1.180945 10.433027 2.858913 1.967428 4.032746 0.934675 2.063231 539.326667
3.223328 4.418622 0.835597 8.305612 2.858913 2.029881 3.060442 1.489624 0.917093 966.660000
3.028262 4.473181 2.032046 8.305612 2.858913 1.980522 3.144754 2.115847 1.282783 660.200000
3.177640 4.466962 1.458026 8.305612 2.858913 2.012785 3.145048 1.780866 1.535967 412.146667
3.691868 4.478857 2.136178 8.305612 2.858913 1.953892 3.144731 2.254532 1.133291 564.606667
2.982574 4.475096 2.136178 8.691416 2.262992 1.963426 3.144731 2.137055 1.133291 633.266667
2.982574 4.478857 0.835597 8.305612 2.262992 2.029881 3.060442 1.489624 1.133291 789.373333
3.260047 4.465047 1.073523 8.691416 2.858913 2.012785 3.145071 1.657692 0.917093 627.373333
3.160380 4.475096 1.190722 8.443395 2.240597 1.963426 3.142052 2.137055 1.002317 774.126667
3.160380 4.475096 1.190722 8.443395 2.240597 1.963426 3.142052 2.137055 1.002317 688.833333
3.664029 5.810040 0.362630 6.908432 3.367227 1.614469 3.060442 1.790177 0.131959 594.893333
4.598224 4.418622 0.835597 6.908432 2.262992 1.236032 3.143457 1.759658 1.037261 652.000000
4.598224 4.478857 0.835597 9.380779 2.858913 2.029881 3.099500 1.489624 0.917093 845.180000
3.212438 4.164322 3.622602 7.483142 4.771300 2.151238 3.939085 1.874568 2.293091 960.033333
4.598224 5.742046 2.032046 8.305612 2.729959 1.980522 4.032746 1.858942 0.917093 799.546667
2.767556 3.611021 0.172239 9.845389 4.562945 2.015573 3.076463 1.842167 1.464066 755.800000
3.289342 4.418622 2.147237 10.433027 2.858913 2.029881 3.144731 2.254532 1.282783 569.880000
3.691868 4.418622 2.136178 8.691416 2.858913 1.953892 3.144731 1.489624 0.917093 502.153333
3.223328 4.465047 1.353894 8.305612 2.858913 2.029881 3.145071 1.759658 1.685459 890.253333
3.223328 4.465047 1.353894 8.305612 2.858913 2.029881 3.145071 1.759658 1.685459 663.820000
3.160380 4.475096 1.190722 8.443395 2.240597 1.963426 3.142052 2.137055 1.002317 1094.373333
3.691868 4.478857 2.136178 8.691416 2.262992 1.953892 3.144731 2.254532 1.133291 1069.820000
2.982574 4.466962 2.032046 10.433027 2.858913 1.963426 3.142052 2.287374 0.917093 683.340000
2.982574 4.418622 0.835597 8.305612 2.066654 2.029881 3.060442 1.489624 1.037261 1001.773333
3.160380 4.475096 1.190722 8.443395 2.240597 1.963426 3.142052 2.137055 1.002317 984.366667
3.223328 4.465047 1.147852 8.420113 2.280510 1.932948 3.135874 2.360159 1.019358 971.100000
4.598224 4.478857 2.721335 9.380779 2.858913 2.151238 3.099500 1.874568 2.293091 961.326667
3.223328 4.465047 2.136178 8.691416 2.858913 1.953892 3.145071 1.759658 1.685459 957.173333
2.982574 4.475096 2.136178 8.305612 2.858913 1.963426 3.144731 2.137055 1.133291 933.433333
2.982574 4.418622 0.835597 8.305612 2.858913 2.029881 3.060442 1.489624 0.917093 929.193333
2.982574 4.418622 0.835597 8.305612 2.858913 2.029881 3.060442 1.489624 0.917093 929.193333
2.982574 4.418622 0.835597 8.305612 2.858913 2.029881 3.060442 1.489624 0.917093 929.193333
3.082346 7.992745 1.146029 12.375770 2.240597 2.050318 0.731767 1.175677 1.235499 705.893333
2.982574 4.418622 0.835597 8.305612 2.858913 2.029881 3.060442 1.489624 0.917093 906.760000
3.260047 4.477959 1.240551 8.479705 2.110624 1.944531 3.155394 2.287374 1.017103 905.213333
3.160380 4.475096 1.190722 8.443395 2.240597 1.963426 3.142052 2.137055 1.002317 1094.373333
Gen 6 FITNESS 1094.373333 DIVERSITY 116.395251
 VILLAGER_LEADER F 1094.373333 3.160380 4.475096 1.190722 8.443395 2.240597 1.963426 3.142052 2.137055 1.002317 
GEN 7 NUM_GENOME 50 NUM_VILLAGE 1
2.982574 4.475096 2.136178 8.305612 2.240597 1.963426 3.142052 2.137055 1.133291 -100000000000.000000
2.425425 8.499585 1.079556 6.002585 3.457972 1.963426 3.843021 2.689968 0.608936 -100000000000.000000
2.982574 4.475096 1.190722 8.305612 2.066654 1.963426 3.060442 2.137055 1.002317 -100000000000.000000
4.598224 4.475096 0.835597 8.305612 2.240597 2.029881 3.144253 2.137055 1.133291 -100000000000.000000
3.691868 4.475096 2.268698 8.305612 2.756286 1.983619 3.135874 1.921066 1.019358 -100000000000.000000
2.982574 4.418622 0.835597 8.305612 2.858913 2.029881 3.060442 1.489624 0.917093 -100000000000.000000
3.174575 4.466635 1.104618 8.412416 2.362803 1.982031 3.093253 2.049670 0.980601 -100000000000.000000
3.209133 4.427083 0.921701 8.336591 2.736707 2.011276 3.109241 1.577009 0.938809 -100000000000.000000
3.120739 4.442053 1.085658 8.414109 2.343224 1.970376 3.129645 2.045161 0.978228 -100000000000.000000
3.022215 4.451665 0.940661 8.334898 2.756286 2.022931 3.072849 1.581518 0.941182 -100000000000.000000
2.026478 8.292283 1.917991 6.155110 0.879897 2.187888 0.601360 1.634982 1.002317 -100000000000.000000
3.160380 4.475096 1.190722 8.443395 2.240597 1.963426 3.142052 2.137055 1.002317 -100000000000.000000
3.160380 4.475096 1.190722 8.443395 2.240597 1.963426 3.142052 2.137055 1.002317 -100000000000.000000
3.160380 4.475096 1.190722 8.443395 2.240597 1.963426 3.142052 2.137055 1.002317 -100000000000.000000
3.160380 4.475096 1.190722 8.443395 2.240597 1.963426 3.142052 2.137055 1.002317 -100000000000.000000
3.160380 4.475096 1.190722 8.443395 2.240597 1.963426 3.142052 2.137055 1.002317 -100000000000.000000
3.691868 4.478857 2.136178 8.691416 2.262992 1.953892 3.144731 2.254532 1.133291 -100000000000.000000
3.691868 4.478857 2.136178 8.691416 2.262992 1.953892 3.144731 2.254532 1.133291 -100000000000.000000
3.160380 4.475096 1.190722 8.443395 2.240597 1.963426 3.142052 2.137055 1.002317 -100000000000.000000
3.160380 4.475096 1.190722 8.443395 2.240597 1.963426 3.142052 2.137055 1.002317 -100000000000.000000
3.291045 4.477292 1.463250 8.567452 2.244683 1.962286 3.142530 2.152922 1.026550 -100000000000.000000
3.561203 4.476661 1.863650 8.567359 2.258906 1.955032 3.144253 2.238665 1.109058 -100000000000.000000
2.982574 4.418622 1.147852 8.305612 2.858913 1.932948 3.060442 2.360159 0.917093 -100000000000.000000
3.223328 4.465047 0.835597 8.420113 2.280510 2.029881 3.135874 1.489624 1.019358 -100000000000.000000
2.982574 4.475096 0.835597 8.443395 2.240597 2.029881 3.060442 1.489624 1.002317 -100000000000.000000
3.160380 4.418622 1.190722 8.305612 2.858913 1.963426 3.142052 2.137055 0.917093 -100000000000.000000
3.160380 4.475096 1.190722 8.443395 2.240597 1.963426 3.142052 2.137055 1.002317 -100000000000.000000
3.160380 4.475096 1.190722 8.443395 2.240597 1.963426 3.142052 2.137055 1.002317 -100000000000.000000
3.212438 4.478353 3.622602 8.305612 2.858913 1.963426 3.144731 1.874568 2.293091 -100000000000.000000
2.982574 3.255929 3.309018 11.794621 2.763318 1.828345 4.547207 0.907160 2.293091 -100000000000.000000
3.812100 4.478857 2.268698 9.058676 2.341726 1.983619 3.122063 2.208034 1.452552 -100000000000.000000
5.852365 2.193559 2.525580 12.985437 2.613606 0.451015 5.119168 1.058987 1.434373 -100000000000.000000
3.511723 4.463055 1.864861 8.611645 2.250011 1.966763 3.096050 2.149908 1.128316 -100000000000.000000
3.162719 4.434424 1.106914 8.385383 2.079635 2.017010 3.109123 1.594248 1.042236 -100000000000.000000
3.160380 4.475096 1.190722 8.443395 2.240597 1.963426 3.142052 2.137055 1.002317 1094.373333
3.160380 4.475096 1.190722 8.443395 2.240597 1.963426 3.142052 2.137055 1.002317 1094.373333
3.691868 4.478857 2.136178 8.691416 2.262992 1.953892 3.144731 2.254532 1.133291 1069.820000
3.223328 4.475096 1.104618 8.305612 2.240597 1.963426 3.143457 2.137055 0.917093 -100000000000.000000
3.212438 4.418622 2.268698 8.443395 2.240597 1.963426 3.142052 1.634982 1.002317 -100000000000.000000
3.223328 4.465047 1.147852 8.420113 2.280510 1.932948 3.135874 2.360159 1.019358 971.100000
3.223328 4.418622 0.835597 8.305612 2.858913 2.029881 3.060442 1.489624 0.917093 966.660000
2.982574 4.418622 2.268698 6.002585 2.250011 2.029881 3.142052 2.045161 1.002317 -100000000000.000000
2.274401 4.592373 3.498454 6.596195 6.000789 3.643796 5.810306 2.621232 1.601372 -100000000000.000000
3.223328 4.465047 2.136178 8.691416 2.858913 1.953892 3.145071 1.759658 1.685459 957.173333
2.982574 4.475096 2.136178 8.305612 2.858913 1.963426 3.144731 2.137055 1.133291 933.433333
2.982574 4.418622 0.835597 8.305612 2.858913 2.029881 3.060442 1.489624 0.917093 929.193333
2.982574 4.418622 0.835597 8.305612 2.858913 2.029881 3.060442 1.489624 0.917093 929.193333
2.982574 4.418622 0.835597 8.305612 2.858913 2.029881 3.060442 1.489624 0.917093 929.193333
2.599635 4.478353 1.776748 9.918035 1.408975 3.139975 1.647787 2.229965 1.237437 -100000000000.000000
3.160380 4.475096 1.190722 8.443395 2.240597 1.963426 3.142052 2.137055 1.002317 1094.373333
FILLING
2.982574 4.475096 2.136178 8.305612 2.240597 1.963426 3.142052 2.137055 1.133291 660.786667
2.425425 8.499585 1.079556 6.002585 3.457972 1.963426 3.843021 2.689968 0.608936 516.440000
2.982574 4.475096 1.190722 8.305612 2.066654 1.963426 3.060442 2.137055 1.002317 706.113333
4.598224 4.475096 0.835597 8.305612 2.240597 2.029881 3.144253 2.137055 1.133291 661.746667
3.691868 4.475096 2.268698 8.305612 2.756286 1.983619 3.135874 1.921066 1.019358 804.353333
2.982574 4.418622 0.835597 8.305612 2.858913 2.029881 3.060442 1.489624 0.917093 827.620000
3.174575 4.466635 1.104618 8.412416 2.362803 1.982031 3.093253 2.049670 0.980601 610.193333
3.209133 4.427083 0.921701 8.336591 2.736707 2.011276 3.109241 1.577009 0.938809 619.506667
3.120739 4.442053 1.085658 8.414109 2.343224 1.970376 3.129645 2.045161 0.978228 657.593333
3.022215 4.451665 0.940661 8.334898 2.756286 2.022931 3.072849 1.581518 0.941182 917.560000
2.026478 8.292283 1.917991 6.155110 0.879897 2.187888 0.601360 1.634982 1.002317 639.880000
3.160380 4.475096 1.190722 8.443395 2.240597 1.963426 3.142052 2.137055 1.002317 847.193333
3.160380 4.475096 1.190722 8.443395 2.240597 1.963426 3.142052 2.137055 1.002317 858.853333
3.160380 4.475096 1.190722 8.443395 2.240597 1.963426 3.142052 2.137055 1.002317 688.740000
3.160380 4.475096 1.190722 8.443395 2.240597 1.963426 3.142052 2.137055 1.002317 693.540000
3.160380 4.475096 1.190722 8.443395 2.240597 1.963426 3.142052 2.137055 1.002317 694.693333
3.691868 4.478857 2.136178 8.691416 2.262992 1.953892 3.144731 2.254532 1.133291 838.206667
3.691868 4.478857 2.136178 8.691416 2.262992 1.953892 3.144731 2.254532 1.133291 702.080000
3.160380 4.475096 1.190722 8.443395 2.240597 1.963426 3.142052 2.137055 1.002317 524.740000
3.160380 4.475096 1.190722 8.443395 2.240597 1.963426 3.142052 2.137055 1.002317 712.746667
3.291045 4.477292 1.463250 8.567452 2.244683 1.962286 3.142530 2.152922 1.026550 825.153333
3.561203 4.476661 1.863650 8.567359 2.258906 1.955032 3.144253 2.238665 1.109058 677.780000
2.982574 4.418622 1.147852 8.305612 2.858913 1.932948 3.060442 2.360159 0.917093 832.600000
3.223328 4.465047 0.835597 8.420113 2.280510 2.029881 3.135874 1.489624 1.019358 837.953333
2.982574 4.475096 0.835597 8.443395 2.240597 2.029881 3.060442 1.489624 1.002317 915.886667
3.160380 4.418622 1.190722 8.305612 2.858913 1.963426 3.142052 2.137055 0.917093 667.706667
3.160380 4.475096 1.190722 8.443395 2.240597 1.963426 3.142052 2.137055 1.002317 580.553333
3.160380 4.475096 1.190722 8.443395 2.240597 1.963426 3.142052 2.137055 1.002317 567.980000
3.212438 4.478353 3.622602 8.305612 2.858913 1.963426 3.144731 1.874568 2.293091 693.826667
2.982574 3.255929 3.309018 11.794621 2.763318 1.828345 4.547207 0.907160 2.293091 647.153333
3.812100 4.478857 2.268698 9.058676 2.341726 1.983619 3.122063 2.208034 1.452552 555.900000
5.852365 2.193559 2.525580 12.985437 2.613606 0.451015 5.119168 1.058987 1.434373 746.986667
3.511723 4.463055 1.864861 8.611645 2.250011 1.966763 3.096050 2.149908 1.128316 586.806667
3.162719 4.434424 1.106914 8.385383 2.079635 2.017010 3.109123 1.594248 1.042236 1013.886667
3.160380 4.475096 1.190722 8.443395 2.240597 1.963426 3.142052 2.137055 1.002317 1094.373333
3.160380 4.475096 1.190722 8.443395 2.240597 1.963426 3.142052 2.137055 1.002317 1094.373333
3.691868 4.478857 2.136178 8.691416 2.262992 1.953892 3.144731 2.254532 1.133291 1069.820000
3.223328 4.475096 1.104618 8.305612 2.240597 1.963426 3.143457 2.137055 0.917093 693.233333
3.212438 4.418622 2.268698 8.443395 2.240597 1.963426 3.142052 1.634982 1.002317 851.973333
3.223328 4.465047 1.147852 8.420113 2.280510 1.932948 3.135874 2.360159 1.019358 971.100000
3.223328 4.418622 0.835597 8.305612 2.858913 2.029881 3.060442 1.489624 0.917093 966.660000
2.982574 4.418622 2.268698 6.002585 2.250011 2.029881 3.142052 2.045161 1.002317 679.840000
2.274401 4.592373 3.498454 6.596195 6.000789 3.643796 5.810306 2.621232 1.601372 827.140000
3.223328 4.465047 2.136178 8.691416 2.858913 1.953892 3.145071 1.759658 1.685459 957.173333
2.982574 4.475096 2.136178 8.305612 2.858913 1.963426 3.144731 2.137055 1.133291 933.433333
2.982574 4.418622 0.835597 8.305612 2.858913 2.029881 3.060442 1.489624 0.917093 929.193333
2.982574 4.418622 0.835597 8.305612 2.858913 2.029881 3.060442 1.489624 0.917093 929.193333
2.982574 4.418622 0.835597 8.305612 2.858913 2.029881 3.060442 1.489624 0.917093 929.193333
2.599635 4.478353 1.776748 9.918035 1.408975 3.139975 1.647787 2.229965 1.237437 617.866667
3.160380 4.475096 1.190722 8.443395 2.240597 1.963426 3.142052 2.137055 1.002317 1094.373333
Gen 7 FITNESS 1094.373333 DIVERSITY 105.455090
 VILLAGER_LEADER F 1094.373333 3.160380 4.475096 1.190722 8.443395 2.240597 1.963426 3.142052 2.137055 1.002317 
GEN 8 NUM_GENOME 50 NUM_VILLAGE 1
5.142984 5.017206 0.535132 14.478208 3.978126 2.489122 3.079164 1.581515 1.177304 -100000000000.000000
3.160380 4.475096 1.153423 8.385383 2.722430 1.963426 3.128942 1.489624 0.955584 -100000000000.000000
3.691868 4.475096 1.190722 8.443395 2.240597 1.953892 3.144731 2.137055 1.133291 -100000000000.000000
3.160380 4.478857 2.136178 8.691416 2.262992 1.963426 3.142052 2.254532 1.002317 -100000000000.000000
3.691868 4.478857 1.190722 8.691416 2.262992 1.963426 3.144731 2.254532 1.133291 -100000000000.000000
3.160380 4.475096 2.136178 8.443395 2.240597 1.953892 3.142052 2.137055 1.002317 -100000000000.000000
1.477291 6.445401 1.699971 12.218412 3.357379 2.315648 1.871185 3.577237 1.196776 -100000000000.000000
3.691868 4.465047 1.147852 8.420113 2.280510 1.953892 3.135874 2.254532 1.019358 -100000000000.000000
3.160380 5.156982 1.017467 5.974563 1.806595 2.017010 3.352081 1.765838 1.002317 -100000000000.000000
3.162719 4.434424 1.190722 8.443395 2.240597 1.963426 3.109123 2.137055 1.042236 -100000000000.000000
3.627057 4.478649 1.724312 8.642032 2.260719 1.954531 3.144240 2.204731 1.115495 -100000000000.000000
3.225191 4.475304 1.602588 8.492779 2.242870 1.962787 3.142543 2.186856 1.020113 -100000000000.000000
3.223328 4.465047 1.147852 8.420113 2.280510 1.932948 3.135874 2.360159 1.019358 -100000000000.000000
3.223328 4.465047 1.147852 8.420113 2.280510 1.932948 3.135874 2.360159 1.019358 -100000000000.000000
3.162719 4.478857 2.136178 8.385383 2.079635 1.953892 3.144731 2.254532 1.133291 -100000000000.000000
3.691868 4.434424 1.106914 8.691416 2.262992 2.017010 3.109123 1.594248 1.042236 -100000000000.000000
3.223328 4.418622 2.136178 8.305612 2.858913 2.029881 3.060442 2.137055 1.133291 -100000000000.000000
2.982574 4.475096 0.835597 8.305612 2.858913 1.963426 3.144731 1.489624 0.917093 -100000000000.000000
3.642506 4.467456 1.749219 8.638096 2.399475 1.998333 3.119689 2.082871 1.115010 -100000000000.000000
3.272690 4.430023 1.222556 8.358932 2.722430 1.985440 3.085484 1.661285 0.935374 -100000000000.000000
3.191251 6.619856 1.156365 12.195804 3.687630 3.061617 2.863574 2.549677 0.674418 -100000000000.000000
3.192457 4.451276 0.869954 8.328468 2.521522 2.011528 3.073552 1.634644 0.955584 -100000000000.000000
3.160380 4.434424 1.106914 8.385383 2.079635 1.963426 3.142052 2.137055 1.002317 -100000000000.000000
2.813570 6.690885 1.712991 3.794135 2.430232 2.262059 3.109123 1.789045 1.483934 -100000000000.000000
3.160380 4.475096 1.190722 8.443395 2.240597 1.963426 3.142052 2.137055 1.002317 -100000000000.000000
3.160380 4.475096 1.190722 8.443395 2.240597 1.963426 3.142052 2.137055 1.002317 -100000000000.000000
3.162719 4.475096 1.190722 8.638096 2.240597 1.963426 3.141577 2.360159 1.002317 -100000000000.000000
3.160380 4.475096 1.190722 8.443395 2.240597 1.963426 3.142052 2.137055 1.002317 -100000000000.000000
3.691868 4.478857 2.268698 8.443395 2.262992 1.953892 3.144731 2.254532 1.002317 -100000000000.000000
4.613997 6.984462 1.048804 7.346428 3.484820 1.882616 1.484611 1.919792 1.105657 -100000000000.000000
3.223328 4.478857 1.190722 8.443395 2.262992 1.953892 3.135874 2.137055 0.674418 -100000000000.000000
3.160380 4.475096 1.190722 8.691416 2.240597 1.953892 3.144731 2.137055 1.133291 -100000000000.000000
3.219217 4.466261 1.153423 8.423742 2.271141 1.941106 3.136349 2.292199 1.017982 -100000000000.000000
3.164491 4.473882 1.185151 8.439766 2.249966 1.955268 3.141577 2.205015 1.003693 -100000000000.000000
3.164491 4.478857 1.724312 8.443395 2.240597 1.953892 3.135874 2.137055 1.002317 -100000000000.000000
3.223328 4.465047 0.835597 14.478208 2.262992 1.882616 3.144731 2.137055 0.917093 -100000000000.000000
3.160380 4.475096 1.190722 8.443395 2.240597 1.963426 3.142052 2.137055 1.002317 1094.373333
3.691868 4.478857 2.136178 8.691416 2.262992 1.953892 3.144731 2.254532 1.133291 1069.820000
3.162719 4.434424 1.106914 8.385383 2.079635 2.017010 3.109123 1.594248 1.042236 1013.886667
3.223328 4.465047 1.147852 8.420113 2.280510 1.932948 3.135874 2.360159 1.019358 971.100000
3.160380 4.478857 2.136178 8.385383 2.722430 1.941106 3.135874 1.594248 0.917093 -100000000000.000000
3.223328 4.465047 2.136178 8.691416 2.858913 1.953892 3.145071 1.759658 1.685459 957.173333
2.982574 4.475096 2.136178 8.305612 2.858913 1.963426 3.144731 2.137055 1.133291 933.433333
2.982574 4.418622 0.835597 8.305612 2.858913 2.029881 3.060442 1.489624 0.917093 929.193333
2.982574 4.418622 0.835597 8.305612 2.858913 2.029881 3.060442 1.489624 0.917093 929.193333
2.982574 4.418622 0.835597 8.305612 2.858913 2.029881 3.060442 1.489624 0.917093 929.193333
3.022215 4.451665 0.940661 8.334898 2.756286 2.022931 3.072849 1.581518 0.941182 917.560000
2.982574 4.475096 0.835597 8.443395 2.240597 2.029881 3.060442 1.489624 1.002317 915.886667
3.160380 4.475096 1.190722 8.443395 2.240597 1.963426 3.142052 2.137055 1.002317 858.853333
3.160380 4.475096 1.190722 8.443395 2.240597 1.963426 3.142052 2.137055 1.002317 1094.373333
FILLING
5.142984 5.017206 0.535132 14.478208 3.978126 2.489122 3.079164 1.581515 1.177304 587.273333
3.160380 4.475096 1.153423 8.385383 2.722430 1.963426 3.128942 1.489624 0.955584 817.333333
3.691868 4.475096 1.190722 8.443395 2.240597 1.953892 3.144731 2.137055 1.133291 1123.920000
3.160380 4.478857 2.136178 8.691416 2.262992 1.963426 3.142052 2.254532 1.002317 943.100000
3.691868 4.478857 1.190722 8.691416 2.262992 1.963426 3.144731 2.254532 1.133291 457.000000
3.160380 4.475096 2.136178 8.443395 2.240597 1.953892 3.142052 2.137055 1.002317 918.180000
1.477291 6.445401 1.699971 12.218412 3.357379 2.315648 1.871185 3.577237 1.196776 541.160000
3.691868 4.465047 1.147852 8.420113 2.280510 1.953892 3.135874 2.254532 1.019358 736.860000
3.160380 5.156982 1.017467 5.974563 1.806595 2.017010 3.352081 1.765838 1.002317 707.013333
3.162719 4.434424 1.190722 8.443395 2.240597 1.963426 3.109123 2.137055 1.042236 595.953333
3.627057 4.478649 1.724312 8.642032 2.260719 1.954531 3.144240 2.204731 1.115495 621.700000
3.225191 4.475304 1.602588 8.492779 2.242870 1.962787 3.142543 2.186856 1.020113 512.920000
3.223328 4.465047 1.147852 8.420113 2.280510 1.932948 3.135874 2.360159 1.019358 556.500000
3.223328 4.465047 1.147852 8.420113 2.280510 1.932948 3.135874 2.360159 1.019358 715.340000
3.162719 4.478857 2.136178 8.385383 2.079635 1.953892 3.144731 2.254532 1.133291 675.066667
3.691868 4.434424 1.106914 8.691416 2.262992 2.017010 3.109123 1.594248 1.042236 689.073333
3.223328 4.418622 2.136178 8.305612 2.858913 2.029881 3.060442 2.137055 1.133291 536.266667
2.982574 4.475096 0.835597 8.305612 2.858913 1.963426 3.144731 1.489624 0.917093 642.800000
3.642506 4.467456 1.749219 8.638096 2.399475 1.998333 3.119689 2.082871 1.115010 608.073333
3.272690 4.430023 1.222556 8.358932 2.722430 1.985440 3.085484 1.661285 0.935374 852.246667
3.191251 6.619856 1.156365 12.195804 3.687630 3.061617 2.863574 2.549677 0.674418 611.346667
3.192457 4.451276 0.869954 8.328468 2.521522 2.011528 3.073552 1.634644 0.955584 608.133333
3.160380 4.434424 1.106914 8.385383 2.079635 1.963426 3.142052 2.137055 1.002317 688.373333
2.813570 6.690885 1.712991 3.794135 2.430232 2.262059 3.109123 1.789045 1.483934 556.580000
3.160380 4.475096 1.190722 8.443395 2.240597 1.963426 3.142052 2.137055 1.002317 1213.593333
3.160380 4.475096 1.190722 8.443395 2.240597 1.963426 3.142052 2.137055 1.002317 612.406667
3.162719 4.475096 1.190722 8.638096 2.240597 1.963426 3.141577 2.360159 1.002317 705.900000
3.160380 4.475096 1.190722 8.443395 2.240597 1.963426 3.142052 2.137055 1.002317 649.133333
3.691868 4.478857 2.268698 8.443395 2.262992 1.953892 3.144731 2.254532 1.002317 631.360000
4.613997 6.984462 1.048804 7.346428 3.484820 1.882616 1.484611 1.919792 1.105657 579.680000
3.223328 4.478857 1.190722 8.443395 2.262992 1.953892 3.135874 2.137055 0.674418 715.753333
3.160380 4.475096 1.190722 8.691416 2.240597 1.953892 3.144731 2.137055 1.133291 613.253333
3.219217 4.466261 1.153423 8.423742 2.271141 1.941106 3.136349 2.292199 1.017982 462.040000
3.164491 4.473882 1.185151 8.439766 2.249966 1.955268 3.141577 2.205015 1.003693 768.620000
3.164491 4.478857 1.724312 8.443395 2.240597 1.953892 3.135874 2.137055 1.002317 655.773333
3.223328 4.465047 0.835597 14.478208 2.262992 1.882616 3.144731 2.137055 0.917093 941.586667
3.160380 4.475096 1.190722 8.443395 2.240597 1.963426 3.142052 2.137055 1.002317 1094.373333
3.691868 4.478857 2.136178 8.691416 2.262992 1.953892 3.144731 2.254532 1.133291 1069.820000
3.162719 4.434424 1.106914 8.385383 2.079635 2.017010 3.109123 1.594248 1.042236 1013.886667
3.223328 4.465047 1.147852 8.420113 2.280510 1.932948 3.135874 2.360159 1.019358 971.100000
3.160380 4.478857 2.136178 8.385383 2.722430 1.941106 3.135874 1.594248 0.917093 700.706667
3.223328 4.465047 2.136178 8.691416 2.858913 1.953892 3.145071 1.759658 1.685459 957.173333
2.982574 4.475096 2.136178 8.305612 2.858913 1.963426 3.144731 2.137055 1.133291 933.433333
2.982574 4.418622 0.835597 8.305612 2.858913 2.029881 3.060442 1.489624 0.917093 929.193333
2.982574 4.418622 0.835597 8.305612 2.858913 2.029881 3.060442 1.489624 0.917093 929.193333
2.982574 4.418622 0.835597 8.305612 2.858913 2.029881 3.060442 1.489624 0.917093 929.193333
3.022215 4.451665 0.940661 8.334898 2.756286 2.022931 3.072849 1.581518 0.941182 917.560000
2.982574 4.475096 0.835597 8.443395 2.240597 2.029881 3.060442 1.489624 1.002317 915.886667
3.160380 4.475096 1.190722 8.443395 2.240597 1.963426 3.142052 2.137055 1.002317 858.853333
3.160380 4.475096 1.190722 8.443395 2.240597 1.963426 3.142052 2.137055 1.002317 1094.373333
Gen 8 FITNESS 1213.593333 DIVERSITY 89.556289
 VILLAGER_LEADER F 1213.593333 3.160380 4.475096 1.190722 8.443395 2.240597 1.963426 3.142052 2.137055 1.002317 
GEN 9 NUM_GENOME 50 NUM_VILLAGE 1
3.160380 4.434424 1.190722 8.385383 2.240597 2.017010 3.142052 2.137055 1.002317 -100000000000.000000
3.162719 4.475096 1.106914 8.443395 2.079635 1.963426 3.109123 1.594248 1.042236 -100000000000.000000
3.223328 4.475096 2.136178 8.691416 2.240597 1.963426 3.142052 2.137055 1.002317 -100000000000.000000
3.160380 4.465047 1.190722 8.443395 2.858913 1.953892 3.145071 1.759658 1.685459 -100000000000.000000
3.619863 4.475096 1.190722 8.443395 2.240597 1.957323 3.144336 2.137055 1.087133 -100000000000.000000
3.232385 4.475096 1.190722 8.443395 2.240597 1.959995 3.142447 2.137055 1.048475 -100000000000.000000
3.160380 4.475096 1.190722 8.443395 2.240597 1.953892 3.144731 2.137055 1.002317 -100000000000.000000
3.691868 4.475096 2.136178 8.443395 2.240597 1.953892 3.142052 2.137055 1.133291 -100000000000.000000
3.162719 4.434424 1.106914 8.385383 2.079635 2.017010 3.109123 1.594248 1.042236 -100000000000.000000
3.162719 4.475096 1.190722 8.443395 2.858913 1.959995 3.135874 1.594248 0.917093 -100000000000.000000
2.982574 4.475096 0.835597 8.443395 2.240597 2.029881 3.109123 1.594248 1.042236 -100000000000.000000
3.162719 4.434424 1.106914 8.385383 2.079635 2.017010 3.060442 1.489624 1.002317 -100000000000.000000
3.236991 4.475096 1.190722 8.443395 2.240597 1.961403 3.143166 2.137055 1.050835 -100000000000.000000
3.615257 4.475096 1.190722 8.443395 2.240597 1.955915 3.143617 2.137055 1.084773 -100000000000.000000
3.274986 4.465047 1.190722 8.443395 2.240597 1.961403 3.142052 2.360159 1.070669 -100000000000.000000
3.691868 4.478857 1.190722 8.691416 2.240597 1.953892 3.144731 2.137055 1.133291 -100000000000.000000
3.160380 4.475096 1.190722 8.443395 2.240597 1.963426 3.142052 2.137055 1.002317 -100000000000.000000
3.386447 8.475493 0.790694 13.809325 2.522019 1.255016 2.310647 1.541939 0.227139 -100000000000.000000
3.165816 4.473954 1.186322 8.437180 2.247211 1.961284 3.140298 2.179539 1.009341 -100000000000.000000
3.217892 4.475096 1.190722 8.443395 2.079635 2.029881 3.142052 1.594248 1.002317 -100000000000.000000
3.691868 4.475096 1.190722 8.691416 2.262992 1.953892 3.144731 2.137055 1.133291 -100000000000.000000
3.691868 4.478857 2.136178 8.443395 2.240597 1.953892 3.144731 2.254532 1.133291 -100000000000.000000
3.160380 4.475096 2.136178 8.443395 2.240597 1.961403 2.310647 2.137055 1.002317 -100000000000.000000
3.160380 4.475096 1.190722 8.443395 2.240597 1.963426 3.145071 1.759658 1.002317 -100000000000.000000
3.691868 4.475096 1.190722 8.443395 2.240597 1.932948 3.142052 1.489624 0.227139 -100000000000.000000
3.548147 4.475096 1.190722 8.443395 2.240597 1.956065 3.144362 2.137055 1.070669 -100000000000.000000
3.160380 4.475096 1.190722 8.443395 2.240597 1.963426 3.142052 2.137055 1.002317 -100000000000.000000
3.160380 4.475096 1.190722 8.443395 2.240597 1.963426 3.142052 2.137055 1.002317 -100000000000.000000
3.577262 4.475096 1.369496 8.443395 2.240597 1.953892 3.144017 2.137055 1.086006 -100000000000.000000
3.162719 4.434424 1.957404 8.443395 2.262992 1.963426 3.109123 1.759658 0.917093 -100000000000.000000
3.537523 4.475096 1.190722 8.443395 2.240597 1.954954 3.144282 2.137055 1.111700 -100000000000.000000
2.849488 3.243618 1.115519 8.846030 1.583046 2.050291 2.413449 2.137055 0.422845 -100000000000.000000
3.160380 4.475096 1.190722 8.443395 2.240597 1.963426 3.142052 2.137055 1.002317 -100000000000.000000
3.691868 4.434424 1.147852 8.443395 2.079635 1.953892 3.143617 2.137055 1.009341 -100000000000.000000
3.160380 4.475096 1.190722 8.443395 2.240597 1.963426 3.142052 2.137055 1.002317 1213.593333
3.691868 4.475096 1.190722 8.443395 2.240597 1.953892 3.144731 2.137055 1.133291 1123.920000
3.160380 4.475096 1.190722 8.443395 2.240597 1.963426 3.142052 2.137055 1.002317 1094.373333
3.160380 4.475096 1.190722 8.443395 2.240597 1.963426 3.142052 2.137055 1.002317 1094.373333
3.160380 4.418622 1.190722 8.385383 2.240597 1.963426 3.142052 2.137055 1.133291 -100000000000.000000
3.162719 4.434424 1.106914 8.385383 2.079635 2.017010 3.109123 1.594248 1.042236 1013.886667
3.223328 4.465047 1.147852 8.420113 2.280510 1.932948 3.135874 2.360159 1.019358 971.100000
3.223328 4.465047 2.136178 8.691416 2.858913 1.953892 3.145071 1.759658 1.685459 957.173333
4.620515 3.443831 2.916081 11.175367 0.946347 1.400773 2.428703 2.254532 1.002317 -100000000000.000000
3.223328 4.465047 0.835597 14.478208 2.262992 1.882616 3.144731 2.137055 0.917093 941.586667
2.982574 4.475096 2.136178 8.305612 2.858913 1.963426 3.144731 2.137055 1.133291 933.433333
2.982574 4.418622 0.835597 8.305612 2.858913 2.029881 3.060442 1.489624 0.917093 929.193333
2.982574 4.418622 0.835597 8.305612 2.858913 2.029881 3.060442 1.489624 0.917093 929.193333
2.982574 4.418622 0.835597 8.305612 2.858913 2.029881 3.060442 1.489624 0.917093 929.193333
3.160380 4.475096 2.136178 8.443395 2.240597 1.953892 3.142052 2.137055 1.002317 918.180000
3.160380 4.475096 1.190722 8.443395 2.240597 1.963426 3.142052 2.137055 1.002317 1213.593333
FILLING
3.160380 4.434424 1.190722 8.385383 2.240597 2.017010 3.142052 2.137055 1.002317 896.526667
3.162719 4.475096 1.106914 8.443395 2.079635 1.963426 3.109123 1.594248 1.042236 924.720000
3.223328 4.475096 2.136178 8.691416 2.240597 1.963426 3.142052 2.137055 1.002317 1108.933333
3.160380 4.465047 1.190722 8.443395 2.858913 1.953892 3.145071 1.759658 1.685459 656.840000
3.619863 4.475096 1.190722 8.443395 2.240597 1.957323 3.144336 2.137055 1.087133 642.313333
3.232385 4.475096 1.190722 8.443395 2.240597 1.959995 3.142447 2.137055 1.048475 922.353333
3.160380 4.475096 1.190722 8.443395 2.240597 1.953892 3.144731 2.137055 1.002317 719.120000
3.691868 4.475096 2.136178 8.443395 2.240597 1.953892 3.142052 2.137055 1.133291 752.853333
3.162719 4.434424 1.106914 8.385383 2.079635 2.017010 3.109123 1.594248 1.042236 835.893333
3.162719 4.475096 1.190722 8.443395 2.858913 1.959995 3.135874 1.594248 0.917093 515.173333
2.982574 4.475096 0.835597 8.443395 2.240597 2.029881 3.109123 1.594248 1.042236 661.433333
3.162719 4.434424 1.106914 8.385383 2.079635 2.017010 3.060442 1.489624 1.002317 976.740000
3.236991 4.475096 1.190722 8.443395 2.240597 1.961403 3.143166 2.137055 1.050835 923.946667
3.615257 4.475096 1.190722 8.443395 2.240597 1.955915 3.143617 2.137055 1.084773 763.773333
3.274986 4.465047 1.190722 8.443395 2.240597 1.961403 3.142052 2.360159 1.070669 526.253333
3.691868 4.478857 1.190722 8.691416 2.240597 1.953892 3.144731 2.137055 1.133291 860.053333
3.160380 4.475096 1.190722 8.443395 2.240597 1.963426 3.142052 2.137055 1.002317 770.833333
3.386447 8.475493 0.790694 13.809325 2.522019 1.255016 2.310647 1.541939 0.227139 567.653333
3.165816 4.473954 1.186322 8.437180 2.247211 1.961284 3.140298 2.179539 1.009341 723.073333
3.217892 4.475096 1.190722 8.443395 2.079635 2.029881 3.142052 1.594248 1.002317 918.466667
3.691868 4.475096 1.190722 8.691416 2.262992 1.953892 3.144731 2.137055 1.133291 510.053333
3.691868 4.478857 2.136178 8.443395 2.240597 1.953892 3.144731 2.254532 1.133291 648.726667
3.160380 4.475096 2.136178 8.443395 2.240597 1.961403 2.310647 2.137055 1.002317 907.853333
3.160380 4.475096 1.190722 8.443395 2.240597 1.963426 3.145071 1.759658 1.002317 514.413333
3.691868 4.475096 1.190722 8.443395 2.240597 1.932948 3.142052 1.489624 0.227139 562.360000
3.548147 4.475096 1.190722 8.443395 2.240597 1.956065 3.144362 2.137055 1.070669 464.480000
3.160380 4.475096 1.190722 8.443395 2.240597 1.963426 3.142052 2.137055 1.002317 631.920000
3.160380 4.475096 1.190722 8.443395 2.240597 1.963426 3.142052 2.137055 1.002317 948.333333
3.577262 4.475096 1.369496 8.443395 2.240597 1.953892 3.144017 2.137055 1.086006 927.993333
3.162719 4.434424 1.957404 8.443395 2.262992 1.963426 3.109123 1.759658 0.917093 695.180000
3.537523 4.475096 1.190722 8.443395 2.240597 1.954954 3.144282 2.137055 1.111700 850.740000
2.849488 3.243618 1.115519 8.846030 1.583046 2.050291 2.413449 2.137055 0.422845 649.220000
3.160380 4.475096 1.190722 8.443395 2.240597 1.963426 3.142052 2.137055 1.002317 685.173333
3.691868 4.434424 1.147852 8.443395 2.079635 1.953892 3.143617 2.137055 1.009341 712.053333
3.160380 4.475096 1.190722 8.443395 2.240597 1.963426 3.142052 2.137055 1.002317 1213.593333
3.691868 4.475096 1.190722 8.443395 2.240597 1.953892 3.144731 2.137055 1.133291 1123.920000
3.160380 4.475096 1.190722 8.443395 2.240597 1.963426 3.142052 2.137055 1.002317 1094.373333
3.160380 4.475096 1.190722 8.443395 2.240597 1.963426 3.142052 2.137055 1.002317 1094.373333
3.160380 4.418622 1.190722 8.385383 2.240597 1.963426 3.142052 2.137055 1.133291 587.753333
3.162719 4.434424 1.106914 8.385383 2.079635 2.017010 3.109123 1.594248 1.042236 1013.886667
3.223328 4.465047 1.147852 8.420113 2.280510 1.932948 3.135874 2.360159 1.019358 971.100000
3.223328 4.465047 2.136178 8.691416 2.858913 1.953892 3.145071 1.759658 1.685459 957.173333
4.620515 3.443831 2.916081 11.175367 0.946347 1.400773 2.428703 2.254532 1.002317 609.960000
3.223328 4.465047 0.835597 14.478208 2.262992 1.882616 3.144731 2.137055 0.917093 941.586667
2.982574 4.475096 2.136178 8.305612 2.858913 1.963426 3.144731 2.137055 1.133291 933.433333
2.982574 4.418622 0.835597 8.305612 2.858913 2.029881 3.060442 1.489624 0.917093 929.193333
2.982574 4.418622 0.835597 8.305612 2.858913 2.029881 3.060442 1.489624 0.917093 929.193333
2.982574 4.418622 0.835597 8.305612 2.858913 2.029881 3.060442 1.489624 0.917093 929.193333
3.160380 4.475096 2.136178 8.443395 2.240597 1.953892 3.142052 2.137055 1.002317 918.180000
3.160380 4.475096 1.190722 8.443395 2.240597 1.963426 3.142052 2.137055 1.002317 1213.593333
Gen 9 FITNESS 1213.593333 DIVERSITY 62.135987
 VILLAGER_LEADER F 1213.593333 3.160380 4.475096 1.190722 8.443395 2.240597 1.963426 3.142052 2.137055 1.002317 
END_OF_AN_ERA
