CHECKSUM 999997590
GEN 0 NUM_GENOME 51 NUM_VILLAGE 3
3.901791 4.394055 2.174902 0.883511 0.099155 1.119922 3.505539 4.250847 2.195776 28.284249 10.573748 10.718101 7.968993 -100000000000.000000
4.547258 2.845698 1.825159 0.932340 2.214545 0.922730 4.120792 2.685110 0.469579 26.996063 26.845912 12.715537 1.085238 -100000000000.000000
3.921476 2.045656 4.881436 7.912534 2.319285 0.561849 4.961959 4.051027 0.875481 24.140446 29.920347 17.166662 11.127049 -100000000000.000000
2.976012 3.258309 4.218268 0.423902 0.136418 2.429771 3.716895 2.752678 2.610166 23.471175 4.241768 40.107425 12.779931 -100000000000.000000
0.365764 1.154057 4.970550 6.456496 1.251473 2.000943 3.407346 4.310312 1.272485 7.573473 13.240761 14.342174 19.716178 -100000000000.000000
1.330760 2.715079 0.549791 4.622333 0.027833 1.987515 1.244621 4.321436 2.943309 2.795190 18.019044 47.282327 11.125217 -100000000000.000000
2.724387 1.727653 2.298807 6.208075 2.909268 2.273333 1.771844 4.349727 2.329099 9.215979 4.394665 44.805750 19.701529 -100000000000.000000
3.921934 2.245247 4.918058 1.454207 2.430342 1.455223 1.733390 4.020264 0.789373 4.402905 13.907285 13.548692 17.631153 -100000000000.000000
2.666097 4.416486 0.757775 1.896420 1.955077 1.888214 0.891675 4.683996 0.544481 15.932493 29.150365 13.556322 5.721610 -100000000000.000000
3.352306 1.105991 4.911954 3.839534 2.544603 2.007456 2.963897 2.824229 1.416849 25.455184 1.481368 38.885159 11.164281 -100000000000.000000
4.724418 1.133763 3.381146 0.804773 0.585864 1.645903 2.068484 4.425123 1.705496 4.607074 9.390851 39.071322 13.366497 -100000000000.000000
1.172674 0.230110 0.041047 6.499222 1.456099 0.656182 3.607852 3.238289 1.123753 14.322947 25.071566 32.514420 9.856868 -100000000000.000000
3.712577 1.264229 3.349406 8.965423 0.954009 1.719422 3.653996 2.687033 1.871532 15.464644 24.703513 37.792596 6.924650 -100000000000.000000
2.988067 2.776823 3.612219 7.234965 2.727407 1.426226 7.558713 0.847795 1.656443 12.434390 29.482711 20.110130 9.915016 -100000000000.000000
2.988067 2.776823 3.612219 7.234965 2.727407 1.426226 7.558713 0.847795 1.656443 12.434390 29.482711 20.110130 9.915016 -100000000000.000000
2.988067 2.776823 3.612219 7.234965 2.727407 1.426226 7.558713 0.847795 1.656443 12.434390 29.482711 20.110130 9.915016 -100000000000.000000
2.988067 2.776823 3.612219 7.234965 2.727407 1.426226 7.558713 0.847795 1.656443 12.434390 29.482711 20.110130 9.915016 -100000000000.000000
0.213477 0.796381 4.323862 0.627461 1.756951 2.469720 2.378033 0.967345 2.917600 15.084689 8.843348 44.735557 4.242683 -100000000000.000000
1.374859 2.203742 0.905332 8.462172 2.685049 0.318195 1.459685 2.716697 2.690176 23.239540 3.802301 42.141484 7.536241 -100000000000.000000
1.148564 1.509903 3.526872 5.951720 0.734001 2.463677 1.728172 3.575030 2.262273 28.204596 7.998291 44.726402 3.336894 -100000000000.000000
2.238990 0.566424 3.424787 4.857936 1.125950 2.087353 3.822916 0.886044 2.069375 19.454634 13.614307 25.650807 18.423414 -100000000000.000000
2.028260 4.632252 3.190252 5.909299 0.720817 2.401706 3.919736 1.310266 2.644032 3.190710 16.211737 6.192206 4.445936 -100000000000.000000
1.821955 0.871761 4.453719 2.377087 1.209632 1.846721 3.505951 4.637715 0.318870 26.281014 12.026734 17.502365 13.459273 -100000000000.000000
2.340159 2.333903 3.962981 9.266030 1.372509 1.982815 2.956755 2.217490 2.925428 15.111240 21.237220 3.761406 8.197882 -100000000000.000000
2.332530 2.515641 0.546434 6.364330 0.111423 1.029215 1.086825 3.531358 2.369228 5.804621 20.356456 38.859218 15.214698 -100000000000.000000
3.244728 4.680624 1.571551 6.748253 2.894986 2.299518 2.059282 3.147786 1.946599 17.082430 9.702139 27.471236 14.972991 -100000000000.000000
4.976348 3.972137 0.322733 8.973052 0.095401 1.496985 1.930052 2.258415 1.683331 1.722159 11.980041 41.120640 11.313211 -100000000000.000000
3.609729 1.625416 0.548723 0.430311 2.015137 0.582931 2.047746 3.179922 2.138261 24.200873 2.348399 21.636097 0.230110 -100000000000.000000
1.996216 1.063723 1.473434 6.237068 2.957793 0.586557 3.505539 3.435499 2.673943 7.238380 23.293558 27.912229 15.934324 -100000000000.000000
2.964415 1.901151 4.296548 2.927335 2.094790 2.303345 4.314982 1.540300 0.957799 29.264809 6.009705 29.026154 16.560564 -100000000000.000000
2.988067 2.776823 3.612219 7.234965 2.727407 1.426226 7.558713 0.847795 1.656443 12.434390 29.482711 20.110130 9.915016 -100000000000.000000
2.988067 2.776823 3.612219 7.234965 2.727407 1.426226 7.558713 0.847795 1.656443 12.434390 29.482711 20.110130 9.915016 -100000000000.000000
2.988067 2.776823 3.612219 7.234965 2.727407 1.426226 7.558713 0.847795 1.656443 12.434390 29.482711 20.110130 9.915016 -100000000000.000000
2.988067 2.776823 3.612219 7.234965 2.727407 1.426226 7.558713 0.847795 1.656443 12.434390 29.482711 20.110130 9.915016 -100000000000.000000
3.823969 4.434797 1.561785 3.924375 1.162114 0.926020 3.581622 2.728095 2.111646 27.077548 20.753807 4.423658 9.128086 -100000000000.000000
3.127232 4.798120 4.770348 9.168065 2.638356 2.218882 2.535966 4.702536 1.998923 6.175420 22.303842 3.097629 12.220222 -100000000000.000000
0.276193 0.667135 0.554216 7.080599 0.994476 1.852831 4.458632 4.438581 1.957805 26.730552 2.155217 25.922422 12.734153 -100000000000.000000
0.660268 4.615772 3.677175 1.907102 0.906766 1.562648 1.959441 3.758095 0.383471 21.502731 28.975494 20.976897 11.875362 -100000000000.000000
2.752770 2.427900 0.167394 5.236671 1.718131 1.625828 1.733116 3.194342 0.949147 2.132328 0.086062 18.169195 0.645161 -100000000000.000000
3.098239 0.199591 4.194769 9.415571 1.791559 2.176180 3.109058 4.695395 2.268288 27.380596 21.954100 19.495224 17.817316 -100000000000.000000
4.984130 1.242561 0.482650 3.070162 0.660665 2.329194 3.936354 0.851024 0.506906 11.574450 19.562670 22.254097 5.413373 -100000000000.000000
3.701895 1.558428 3.484451 6.223029 2.903958 2.435881 1.063616 4.211570 2.412406 18.238777 28.082827 16.864528 1.517991 -100000000000.000000
1.178930 2.605823 0.968810 6.185492 1.289743 2.495837 0.539415 1.241050 2.007822 12.709738 28.860134 31.247902 5.256508 -100000000000.000000
2.937407 0.212867 2.290414 1.655934 2.375500 1.035661 4.731925 2.428022 1.715220 18.706626 14.040956 4.995880 8.569597 -100000000000.000000
0.547044 2.743309 4.194769 4.816431 1.501785 1.706262 0.622364 4.015320 1.046626 14.556413 11.276894 42.521439 7.936644 -100000000000.000000
0.592822 2.786950 4.339274 2.388073 0.508774 2.267089 3.767571 0.701743 2.054707 19.048128 9.831233 33.040864 17.244179 -100000000000.000000
4.253365 0.114444 4.233680 5.932798 1.440901 1.613205 4.734535 1.608966 1.808167 21.350749 4.778283 3.483688 3.128758 -100000000000.000000
2.988067 2.776823 3.612219 7.234965 2.727407 1.426226 7.558713 0.847795 1.656443 12.434390 29.482711 20.110130 9.915016 -100000000000.000000
2.988067 2.776823 3.612219 7.234965 2.727407 1.426226 7.558713 0.847795 1.656443 12.434390 29.482711 20.110130 9.915016 -100000000000.000000
2.988067 2.776823 3.612219 7.234965 2.727407 1.426226 7.558713 0.847795 1.656443 12.434390 29.482711 20.110130 9.915016 -100000000000.000000
2.988067 2.776823 3.612219 7.234965 2.727407 1.426226 7.558713 0.847795 1.656443 12.434390 29.482711 20.110130 9.915016 -100000000000.000000
FILLING
3.901791 4.394055 2.174902 0.883511 0.099155 1.119922 3.505539 4.250847 2.195776 28.284249 10.573748 10.718101 7.968993 1000.800000
4.547258 2.845698 1.825159 0.932340 2.214545 0.922730 4.120792 2.685110 0.469579 26.996063 26.845912 12.715537 1.085238 1248.000000
3.921476 2.045656 4.881436 7.912534 2.319285 0.561849 4.961959 4.051027 0.875481 24.140446 29.920347 17.166662 11.127049 1004.000000
2.976012 3.258309 4.218268 0.423902 0.136418 2.429771 3.716895 2.752678 2.610166 23.471175 4.241768 40.107425 12.779931 1238.400000
0.365764 1.154057 4.970550 6.456496 1.251473 2.000943 3.407346 4.310312 1.272485 7.573473 13.240761 14.342174 19.716178 915.200000
1.330760 2.715079 0.549791 4.622333 0.027833 1.987515 1.244621 4.321436 2.943309 2.795190 18.019044 47.282327 11.125217 1106.800000
2.724387 1.727653 2.298807 6.208075 2.909268 2.273333 1.771844 4.349727 2.329099 9.215979 4.394665 44.805750 19.701529 1294.800000
3.921934 2.245247 4.918058 1.454207 2.430342 1.455223 1.733390 4.020264 0.789373 4.402905 13.907285 13.548692 17.631153 1013.600000
2.666097 4.416486 0.757775 1.896420 1.955077 1.888214 0.891675 4.683996 0.544481 15.932493 29.150365 13.556322 5.721610 939.600000
3.352306 1.105991 4.911954 3.839534 2.544603 2.007456 2.963897 2.824229 1.416849 25.455184 1.481368 38.885159 11.164281 1227.600000
