CHECKSUM 3681646727
GEN 0 NUM_GENOME 51 NUM_VILLAGE 3
1.181677 1.376385 3.925748 9.200415 1.165502 0.879894 3.187338 4.185476 2.158779 -100000000000.000000
1.837825 1.457717 3.321787 5.251930 0.792871 2.069091 1.610065 1.546342 1.206729 -100000000000.000000
1.694998 2.016663 2.247078 7.125767 2.588733 1.753059 4.183142 1.864406 2.028834 -100000000000.000000
3.762017 0.266274 3.586688 0.911283 0.521592 2.294281 2.689642 3.882794 1.438932 -100000000000.000000
0.346080 2.455977 3.102969 0.831019 1.600848 2.494696 3.517075 2.406873 1.512845 -100000000000.000000
1.068453 4.036073 3.183691 0.050661 2.304636 0.426493 2.318842 2.157476 0.352818 -100000000000.000000
1.331523 4.650410 1.053346 6.017029 0.255440 0.520289 4.342723 1.003876 1.738786 -100000000000.000000
4.623859 2.830897 1.741386 9.097568 2.764702 0.386612 0.504120 2.059145 1.902103 -100000000000.000000
2.899258 1.030152 3.846095 6.584368 0.129185 2.206192 3.027345 1.349269 0.417997 -100000000000.000000
0.732292 3.529466 1.563768 4.723045 0.140355 1.802341 3.374523 4.324870 1.556929 -100000000000.000000
4.570147 0.277871 2.760552 6.519974 0.074618 0.444688 2.446425 2.566591 2.223957 -100000000000.000000
1.545457 4.396496 1.509140 4.977264 1.293039 2.133210 1.510636 1.142170 2.874752 -100000000000.000000
4.006012 4.946593 0.084384 3.043306 1.180700 1.587289 1.357509 3.468047 1.433329 -100000000000.000000
3.886505 0.735038 1.190722 7.145554 2.240597 1.963426 3.142052 2.137055 1.133291 -100000000000.000000
3.886505 0.735038 1.190722 7.145554 2.240597 1.963426 3.142052 2.137055 1.133291 -100000000000.000000
3.886505 0.735038 1.190722 7.145554 2.240597 1.963426 3.142052 2.137055 1.133291 -100000000000.000000
3.886505 0.735038 1.190722 7.145554 2.240597 1.963426 3.142052 2.137055 1.133291 -100000000000.000000
0.344554 2.692953 3.792840 0.705893 0.426099 1.696930 2.050630 1.491409 1.298441 -100000000000.000000
3.599048 1.945708 1.893979 4.495987 1.559465 1.962337 1.964660 2.453703 0.849361 -100000000000.000000
2.293313 4.781182 1.580859 2.521439 0.527085 1.123212 4.462203 2.879025 0.749080 -100000000000.000000
3.780633 1.149937 1.621906 2.563555 0.076266 2.262053 3.495788 0.691305 2.630189 -100000000000.000000
4.548936 3.311258 4.871212 0.872829 2.487472 0.688141 2.607517 4.705283 2.947841 -100000000000.000000
2.986999 3.567309 1.354106 9.694510 2.997528 1.004172 1.702902 3.987579 1.555364 -100000000000.000000
2.362438 2.844630 1.846217 8.589434 2.216651 1.375729 1.660878 4.218162 0.829667 -100000000000.000000
1.301157 4.263588 1.514176 0.251167 2.622059 0.472820 1.924146 1.547853 1.752876 -100000000000.000000
0.624866 1.799524 3.290506 2.854701 2.235511 0.558223 4.623432 3.939787 0.328346 -100000000000.000000
4.131901 2.201605 3.707083 9.265419 0.164434 0.900238 2.068484 4.173116 0.774953 -100000000000.000000
3.836787 3.030335 4.387036 3.214515 2.559893 0.853038 4.189734 0.926008 0.359575 -100000000000.000000
2.032380 4.947356 4.122440 6.900235 0.341777 2.243858 3.386883 0.924772 1.039128 -100000000000.000000
2.334513 0.790887 1.895199 0.114750 0.573962 0.372781 0.615497 0.542985 0.643937 -100000000000.000000
3.886505 0.735038 1.190722 7.145554 2.240597 1.963426 3.142052 2.137055 1.133291 -100000000000.000000
3.886505 0.735038 1.190722 7.145554 2.240597 1.963426 3.142052 2.137055 1.133291 -100000000000.000000
3.886505 0.735038 1.190722 7.145554 2.240597 1.963426 3.142052 2.137055 1.133291 -100000000000.000000
3.886505 0.735038 1.190722 7.145554 2.240597 1.963426 3.142052 2.137055 1.133291 -100000000000.000000
1.008332 1.435133 4.162572 1.132542 0.162145 2.012290 3.999115 1.974822 1.221973 -100000000000.000000
4.416028 1.411634 0.966063 0.922575 0.390667 1.223252 0.566469 1.936506 0.830738 -100000000000.000000
2.561724 1.311533 3.994415 6.945097 1.192785 2.282330 3.669652 2.290277 1.308988 -100000000000.000000
3.386334 1.866970 0.318461 3.592029 2.296762 2.481738 2.779046 1.833506 2.145347 -100000000000.000000
2.370373 0.398267 1.649525 8.797876 0.972137 0.789859 4.067370 4.565340 2.332890 -100000000000.000000
1.139103 2.645497 2.790613 8.401135 2.653737 1.591586 4.775048 0.571001 0.723536 -100000000000.000000
4.057894 4.169744 3.234352 5.500351 1.106540 0.662493 0.534745 1.954360 2.281472 -100000000000.000000
1.301157 2.086550 1.019318 1.719413 1.443373 2.110517 3.922346 1.605670 2.555782 -100000000000.000000
3.066042 0.448775 1.893063 4.126713 2.820368 2.443400 0.529115 0.744041 1.198160 -100000000000.000000
0.836818 1.740623 0.832850 8.824122 2.883816 1.018204 0.874371 4.022324 2.174599 -100000000000.000000
3.354900 4.408399 2.513657 3.541978 2.200354 0.436027 2.197439 4.699377 0.428297 -100000000000.000000
4.959563 4.469436 3.455916 1.639454 1.584185 1.310132 4.926664 4.064486 2.229066 -100000000000.000000
4.618213 4.050874 3.898892 9.692373 1.945921 1.926954 4.828196 3.484664 1.366503 -100000000000.000000
3.886505 0.735038 1.190722 7.145554 2.240597 1.963426 3.142052 2.137055 1.133291 -100000000000.000000
3.886505 0.735038 1.190722 7.145554 2.240597 1.963426 3.142052 2.137055 1.133291 -100000000000.000000
3.886505 0.735038 1.190722 7.145554 2.240597 1.963426 3.142052 2.137055 1.133291 -100000000000.000000
3.886505 0.735038 1.190722 7.145554 2.240597 1.963426 3.142052 2.137055 1.133291 -100000000000.000000
FILLING
1.181677 1.376385 3.925748 9.200415 1.165502 0.879894 3.187338 4.185476 2.158779 689.813333
1.837825 1.457717 3.321787 5.251930 0.792871 2.069091 1.610065 1.546342 1.206729 431.260000
1.694998 2.016663 2.247078 7.125767 2.588733 1.753059 4.183142 1.864406 2.028834 707.106667
3.762017 0.266274 3.586688 0.911283 0.521592 2.294281 2.689642 3.882794 1.438932 590.726667
0.346080 2.455977 3.102969 0.831019 1.600848 2.494696 3.517075 2.406873 1.512845 417.033333
1.068453 4.036073 3.183691 0.050661 2.304636 0.426493 2.318842 2.157476 0.352818 505.673333
1.331523 4.650410 1.053346 6.017029 0.255440 0.520289 4.342723 1.003876 1.738786 602.320000
4.623859 2.830897 1.741386 9.097568 2.764702 0.386612 0.504120 2.059145 1.902103 801.013333
2.899258 1.030152 3.846095 6.584368 0.129185 2.206192 3.027345 1.349269 0.417997 521.340000
0.732292 3.529466 1.563768 4.723045 0.140355 1.802341 3.374523 4.324870 1.556929 779.640000
4.570147 0.277871 2.760552 6.519974 0.074618 0.444688 2.446425 2.566591 2.223957 453.566667
1.545457 4.396496 1.509140 4.977264 1.293039 2.133210 1.510636 1.142170 2.874752 576.366667
4.006012 4.946593 0.084384 3.043306 1.180700 1.587289 1.357509 3.468047 1.433329 759.326667
3.886505 0.735038 1.190722 7.145554 2.240597 1.963426 3.142052 2.137055 1.133291 673.880000
3.886505 0.735038 1.190722 7.145554 2.240597 1.963426 3.142052 2.137055 1.133291 675.940000
3.886505 0.735038 1.190722 7.145554 2.240597 1.963426 3.142052 2.137055 1.133291 523.166667
3.886505 0.735038 1.190722 7.145554 2.240597 1.963426 3.142052 2.137055 1.133291 528.693333
0.344554 2.692953 3.792840 0.705893 0.426099 1.696930 2.050630 1.491409 1.298441 524.993333
3.599048 1.945708 1.893979 4.495987 1.559465 1.962337 1.964660 2.453703 0.849361 688.646667
2.293313 4.781182 1.580859 2.521439 0.527085 1.123212 4.462203 2.879025 0.749080 630.146667
3.780633 1.149937 1.621906 2.563555 0.076266 2.262053 3.495788 0.691305 2.630189 372.466667
4.548936 3.311258 4.871212 0.872829 2.487472 0.688141 2.607517 4.705283 2.947841 533.533333
2.986999 3.567309 1.354106 9.694510 2.997528 1.004172 1.702902 3.987579 1.555364 915.773333
2.362438 2.844630 1.846217 8.589434 2.216651 1.375729 1.660878 4.218162 0.829667 700.766667
1.301157 4.263588 1.514176 0.251167 2.622059 0.472820 1.924146 1.547853 1.752876 459.926667
0.624866 1.799524 3.290506 2.854701 2.235511 0.558223 4.623432 3.939787 0.328346 630.913333
4.131901 2.201605 3.707083 9.265419 0.164434 0.900238 2.068484 4.173116 0.774953 659.540000
3.836787 3.030335 4.387036 3.214515 2.559893 0.853038 4.189734 0.926008 0.359575 471.066667
2.032380 4.947356 4.122440 6.900235 0.341777 2.243858 3.386883 0.924772 1.039128 736.333333
2.334513 0.790887 1.895199 0.114750 0.573962 0.372781 0.615497 0.542985 0.643937 391.053333
3.886505 0.735038 1.190722 7.145554 2.240597 1.963426 3.142052 2.137055 1.133291 507.600000
3.886505 0.735038 1.190722 7.145554 2.240597 1.963426 3.142052 2.137055 1.133291 617.733333
3.886505 0.735038 1.190722 7.145554 2.240597 1.963426 3.142052 2.137055 1.133291 543.540000
3.886505 0.735038 1.190722 7.145554 2.240597 1.963426 3.142052 2.137055 1.133291 637.946667
1.008332 1.435133 4.162572 1.132542 0.162145 2.012290 3.999115 1.974822 1.221973 584.766667
4.416028 1.411634 0.966063 0.922575 0.390667 1.223252 0.566469 1.936506 0.830738 541.966667
2.561724 1.311533 3.994415 6.945097 1.192785 2.282330 3.669652 2.290277 1.308988 517.326667
3.386334 1.866970 0.318461 3.592029 2.296762 2.481738 2.779046 1.833506 2.145347 739.413333
2.370373 0.398267 1.649525 8.797876 0.972137 0.789859 4.067370 4.565340 2.332890 685.840000
1.139103 2.645497 2.790613 8.401135 2.653737 1.591586 4.775048 0.571001 0.723536 544.893333
4.057894 4.169744 3.234352 5.500351 1.106540 0.662493 0.534745 1.954360 2.281472 594.813333
1.301157 2.086550 1.019318 1.719413 1.443373 2.110517 3.922346 1.605670 2.555782 574.706667
3.066042 0.448775 1.893063 4.126713 2.820368 2.443400 0.529115 0.744041 1.198160 466.860000
0.836818 1.740623 0.832850 8.824122 2.883816 1.018204 0.874371 4.022324 2.174599 667.540000
3.354900 4.408399 2.513657 3.541978 2.200354 0.436027 2.197439 4.699377 0.428297 625.880000
4.959563 4.469436 3.455916 1.639454 1.584185 1.310132 4.926664 4.064486 2.229066 605.640000
4.618213 4.050874 3.898892 9.692373 1.945921 1.926954 4.828196 3.484664 1.366503 442.540000
3.886505 0.735038 1.190722 7.145554 2.240597 1.963426 3.142052 2.137055 1.133291 775.700000
3.886505 0.735038 1.190722 7.145554 2.240597 1.963426 3.142052 2.137055 1.133291 562.060000
3.886505 0.735038 1.190722 7.145554 2.240597 1.963426 3.142052 2.137055 1.133291 704.320000
3.886505 0.735038 1.190722 7.145554 2.240597 1.963426 3.142052 2.137055 1.133291 548.693333
Gen 0 FITNESS 915.773333 DIVERSITY 111.646907
 VILLAGER_LEADER F 915.773333 2.986999 3.567309 1.354106 9.694510 2.997528 1.004172 1.702902 3.987579 1.555364 
GEN 1 NUM_GENOME 50 NUM_VILLAGE 2
2.362438 0.735038 1.846217 8.589434 2.240597 1.375729 1.660878 4.218162 0.829667 -100000000000.000000
3.886505 2.844630 1.190722 7.145554 2.216651 1.963426 3.142052 2.137055 1.133291 -100000000000.000000
2.986999 3.567309 1.354106 9.694510 2.997528 1.004172 1.702902 3.987579 1.555364 -100000000000.000000
2.986999 3.567309 1.354106 9.694510 2.997528 1.004172 1.702902 3.987579 1.555364 -100000000000.000000
3.599048 4.947356 1.893979 6.900235 0.341777 1.962337 3.386883 2.453703 1.039128 -100000000000.000000
2.032380 1.945708 4.122440 4.495987 1.559465 2.243858 1.964660 0.924772 0.849361 -100000000000.000000
2.481688 2.335333 1.739018 8.391500 2.219610 1.484981 1.997635 3.792395 0.855215 -100000000000.000000
3.599048 3.849691 1.893979 7.569912 2.237638 1.026187 4.623432 0.924772 1.555364 -100000000000.000000
3.441270 3.169133 1.782463 9.451139 2.260035 0.950059 1.770300 4.044512 1.423404 -100000000000.000000
3.677630 2.599781 3.278726 9.508790 0.901927 0.954351 2.001086 4.116183 0.906913 -100000000000.000000
2.378973 4.664974 3.308436 7.497034 1.412701 1.757956 2.892096 1.509086 1.088702 -100000000000.000000
2.640406 3.849691 2.168110 9.097711 1.926604 1.490074 2.197689 3.403265 1.505790 -100000000000.000000
3.786138 2.347220 2.364054 9.321262 0.628881 0.938711 1.976086 4.115741 1.138893 -100000000000.000000
3.332762 3.421694 2.697135 9.638667 2.533081 0.965699 1.795300 4.044954 1.191424 -100000000000.000000
4.084547 1.871582 2.993222 8.841061 0.306481 1.026187 2.287496 2.980342 0.800345 -100000000000.000000
3.933859 1.065061 1.904583 7.569912 2.098550 1.837477 2.923040 3.329829 1.107899 -100000000000.000000
2.362438 4.947356 1.893979 9.638667 2.216651 0.965699 1.997635 0.924772 1.423404 -100000000000.000000
2.032380 4.947356 4.122440 6.900235 0.341777 2.243858 3.386883 0.924772 1.039128 736.333333
2.362438 2.844630 1.846217 8.589434 2.216651 1.375729 1.660878 4.218162 0.829667 700.766667
3.599048 1.945708 1.893979 4.495987 1.559465 1.962337 1.964660 2.453703 0.849361 688.646667
4.131901 2.201605 3.707083 9.265419 0.164434 0.900238 2.068484 4.173116 0.774953 659.540000
3.886505 0.735038 1.190722 7.145554 2.240597 1.963426 3.142052 2.137055 1.133291 637.946667
3.332762 1.065061 1.846217 4.495987 2.216651 2.243858 4.623432 0.924772 1.039128 -100000000000.000000
2.293313 4.781182 1.580859 2.521439 0.527085 1.123212 4.462203 2.879025 0.749080 630.146667
2.986999 3.567309 1.354106 9.694510 2.997528 1.004172 1.702902 3.987579 1.555364 915.773333
0.816572 3.690146 1.741386 8.797876 2.588733 0.679510 3.197147 1.833506 1.556929 -100000000000.000000
0.732292 3.529466 1.563768 4.723045 0.140355 1.802341 3.374523 2.137055 1.133291 -100000000000.000000
3.886505 0.735038 1.190722 7.145554 2.240597 1.963426 3.142052 2.137055 1.133291 -100000000000.000000
3.886505 0.735038 1.190722 7.145554 2.240597 1.963426 3.142052 2.137055 1.133291 -100000000000.000000
3.048921 1.034727 1.244989 6.548532 1.642524 1.938930 3.197147 2.430060 1.230378 -100000000000.000000
1.569876 3.229777 1.509501 5.320067 0.738428 1.826837 3.319428 4.031865 1.459842 -100000000000.000000
3.412448 3.690146 3.585950 2.173604 1.483080 1.244516 4.657689 4.076755 2.216670 -100000000000.000000
2.728792 2.155675 3.795714 8.666265 1.266607 0.945510 3.456313 4.173207 2.171175 -100000000000.000000
4.623859 1.376385 3.925748 9.200415 2.764702 0.386612 3.187338 4.185476 2.158779 -100000000000.000000
0.919709 2.226642 2.222695 13.774507 0.426029 0.764889 0.758250 2.229595 2.670730 -100000000000.000000
0.752538 3.399202 1.262380 5.710385 1.716981 1.718719 2.832733 4.240032 1.731462 -100000000000.000000
0.816572 1.870887 1.134238 7.836782 1.307190 1.101826 1.416161 4.107162 2.000066 -100000000000.000000
1.694998 2.830897 1.741386 7.125767 2.588733 1.753059 0.504120 1.864406 2.028834 -100000000000.000000
4.623859 2.016663 2.247078 9.097568 2.764702 0.386612 4.183142 2.059145 1.902103 -100000000000.000000
2.425032 2.208998 2.212804 7.485493 2.661496 1.460161 3.525000 1.883486 2.001369 -100000000000.000000
3.893825 2.638562 1.775660 8.737842 2.691939 0.679510 1.162262 2.040065 1.929568 -100000000000.000000
4.623859 2.830897 1.741386 9.097568 2.764702 0.386612 0.504120 2.059145 1.902103 801.013333
0.732292 3.529466 1.563768 4.723045 0.140355 1.802341 3.374523 4.324870 1.556929 779.640000
4.831108 8.102035 0.063519 2.639868 1.991985 1.963620 1.357509 4.480886 0.350791 -100000000000.000000
3.386334 1.866970 0.318461 3.592029 2.296762 2.481738 2.779046 1.833506 2.145347 739.413333
1.694998 2.016663 2.247078 7.125767 2.588733 1.753059 4.183142 1.864406 2.028834 707.106667
3.886505 0.735038 1.190722 7.145554 2.240597 1.963426 3.142052 2.137055 1.133291 704.320000
2.370373 0.735038 1.190722 8.797876 0.738428 0.945510 3.525000 4.480886 2.158779 -100000000000.000000
2.370373 0.398267 1.649525 8.797876 0.972137 0.789859 4.067370 4.565340 2.332890 685.840000
4.623859 2.830897 1.741386 9.097568 2.764702 0.386612 0.504120 2.059145 1.902103 801.013333
FILLING
2.362438 0.735038 1.846217 8.589434 2.240597 1.375729 1.660878 4.218162 0.829667 624.953333
3.886505 2.844630 1.190722 7.145554 2.216651 1.963426 3.142052 2.137055 1.133291 506.726667
2.986999 3.567309 1.354106 9.694510 2.997528 1.004172 1.702902 3.987579 1.555364 774.186667
2.986999 3.567309 1.354106 9.694510 2.997528 1.004172 1.702902 3.987579 1.555364 757.846667
3.599048 4.947356 1.893979 6.900235 0.341777 1.962337 3.386883 2.453703 1.039128 686.246667
2.032380 1.945708 4.122440 4.495987 1.559465 2.243858 1.964660 0.924772 0.849361 527.540000
2.481688 2.335333 1.739018 8.391500 2.219610 1.484981 1.997635 3.792395 0.855215 677.940000
3.599048 3.849691 1.893979 7.569912 2.237638 1.026187 4.623432 0.924772 1.555364 600.746667
3.441270 3.169133 1.782463 9.451139 2.260035 0.950059 1.770300 4.044512 1.423404 638.286667
3.677630 2.599781 3.278726 9.508790 0.901927 0.954351 2.001086 4.116183 0.906913 534.506667
2.378973 4.664974 3.308436 7.497034 1.412701 1.757956 2.892096 1.509086 1.088702 611.453333
2.640406 3.849691 2.168110 9.097711 1.926604 1.490074 2.197689 3.403265 1.505790 866.946667
3.786138 2.347220 2.364054 9.321262 0.628881 0.938711 1.976086 4.115741 1.138893 534.733333
3.332762 3.421694 2.697135 9.638667 2.533081 0.965699 1.795300 4.044954 1.191424 507.040000
4.084547 1.871582 2.993222 8.841061 0.306481 1.026187 2.287496 2.980342 0.800345 644.420000
3.933859 1.065061 1.904583 7.569912 2.098550 1.837477 2.923040 3.329829 1.107899 447.933333
2.362438 4.947356 1.893979 9.638667 2.216651 0.965699 1.997635 0.924772 1.423404 601.373333
2.032380 4.947356 4.122440 6.900235 0.341777 2.243858 3.386883 0.924772 1.039128 736.333333
2.362438 2.844630 1.846217 8.589434 2.216651 1.375729 1.660878 4.218162 0.829667 700.766667
3.599048 1.945708 1.893979 4.495987 1.559465 1.962337 1.964660 2.453703 0.849361 688.646667
4.131901 2.201605 3.707083 9.265419 0.164434 0.900238 2.068484 4.173116 0.774953 659.540000
3.886505 0.735038 1.190722 7.145554 2.240597 1.963426 3.142052 2.137055 1.133291 637.946667
3.332762 1.065061 1.846217 4.495987 2.216651 2.243858 4.623432 0.924772 1.039128 633.306667
2.293313 4.781182 1.580859 2.521439 0.527085 1.123212 4.462203 2.879025 0.749080 630.146667
2.986999 3.567309 1.354106 9.694510 2.997528 1.004172 1.702902 3.987579 1.555364 915.773333
0.816572 3.690146 1.741386 8.797876 2.588733 0.679510 3.197147 1.833506 1.556929 564.466667
0.732292 3.529466 1.563768 4.723045 0.140355 1.802341 3.374523 2.137055 1.133291 594.540000
3.886505 0.735038 1.190722 7.145554 2.240597 1.963426 3.142052 2.137055 1.133291 563.220000
3.886505 0.735038 1.190722 7.145554 2.240597 1.963426 3.142052 2.137055 1.133291 621.560000
3.048921 1.034727 1.244989 6.548532 1.642524 1.938930 3.197147 2.430060 1.230378 858.440000
1.569876 3.229777 1.509501 5.320067 0.738428 1.826837 3.319428 4.031865 1.459842 719.933333
3.412448 3.690146 3.585950 2.173604 1.483080 1.244516 4.657689 4.076755 2.216670 745.100000
2.728792 2.155675 3.795714 8.666265 1.266607 0.945510 3.456313 4.173207 2.171175 619.046667
4.623859 1.376385 3.925748 9.200415 2.764702 0.386612 3.187338 4.185476 2.158779 491.400000
0.919709 2.226642 2.222695 13.774507 0.426029 0.764889 0.758250 2.229595 2.670730 453.226667
0.752538 3.399202 1.262380 5.710385 1.716981 1.718719 2.832733 4.240032 1.731462 802.586667
0.816572 1.870887 1.134238 7.836782 1.307190 1.101826 1.416161 4.107162 2.000066 877.306667
1.694998 2.830897 1.741386 7.125767 2.588733 1.753059 0.504120 1.864406 2.028834 830.266667
4.623859 2.016663 2.247078 9.097568 2.764702 0.386612 4.183142 2.059145 1.902103 758.186667
2.425032 2.208998 2.212804 7.485493 2.661496 1.460161 3.525000 1.883486 2.001369 602.840000
3.893825 2.638562 1.775660 8.737842 2.691939 0.679510 1.162262 2.040065 1.929568 530.693333
4.623859 2.830897 1.741386 9.097568 2.764702 0.386612 0.504120 2.059145 1.902103 801.013333
0.732292 3.529466 1.563768 4.723045 0.140355 1.802341 3.374523 4.324870 1.556929 779.640000
4.831108 8.102035 0.063519 2.639868 1.991985 1.963620 1.357509 4.480886 0.350791 462.626667
3.386334 1.866970 0.318461 3.592029 2.296762 2.481738 2.779046 1.833506 2.145347 739.413333
1.694998 2.016663 2.247078 7.125767 2.588733 1.753059 4.183142 1.864406 2.028834 707.106667
3.886505 0.735038 1.190722 7.145554 2.240597 1.963426 3.142052 2.137055 1.133291 704.320000
2.370373 0.735038 1.190722 8.797876 0.738428 0.945510 3.525000 4.480886 2.158779 688.680000
2.370373 0.398267 1.649525 8.797876 0.972137 0.789859 4.067370 4.565340 2.332890 685.840000
4.623859 2.830897 1.741386 9.097568 2.764702 0.386612 0.504120 2.059145 1.902103 801.013333
Gen 1 FITNESS 915.773333 DIVERSITY 143.162111
 VILLAGER_LEADER F 915.773333 2.986999 3.567309 1.354106 9.694510 2.997528 1.004172 1.702902 3.987579 1.555364 
GEN 2 NUM_GENOME 50 NUM_VILLAGE 1
1.694998 2.830897 1.741386 7.125767 2.588733 1.753059 0.504120 1.864406 2.028834 -100000000000.000000
1.694998 2.830897 1.741386 7.125767 2.588733 1.753059 0.504120 1.864406 2.028834 -100000000000.000000
1.640357 2.357694 1.191450 8.188481 1.509350 1.059422 1.480832 4.074300 1.920676 -100000000000.000000
2.163214 3.080502 1.296894 9.342811 2.795368 1.046576 1.638231 4.020441 1.634754 -100000000000.000000
0.816572 1.870887 1.134238 7.836782 1.307190 1.101826 1.416161 4.107162 2.000066 -100000000000.000000
0.816572 1.870887 1.134238 7.836782 1.307190 1.101826 1.416161 4.107162 2.000066 -100000000000.000000
2.986999 3.567309 1.354106 9.097711 2.997528 1.004172 1.702902 3.403265 1.555364 -100000000000.000000
2.640406 3.849691 2.168110 9.694510 1.926604 1.490074 2.197689 3.987579 1.505790 -100000000000.000000
4.623859 1.715382 1.354106 9.097568 0.513914 1.004172 2.365337 4.096857 2.028834 -100000000000.000000
2.986999 3.567309 2.247078 9.694510 2.764702 1.004172 4.183142 3.987579 1.555364 -100000000000.000000
2.779354 4.318200 1.763489 8.982651 2.825391 1.253479 2.365337 2.499808 1.469003 -100000000000.000000
2.240025 4.196465 3.713057 7.612094 0.513914 1.994551 2.724448 2.412543 1.125489 -100000000000.000000
2.698758 3.784642 2.073171 9.167238 2.438459 1.287507 1.914226 3.513134 1.515119 -100000000000.000000
1.685026 5.011211 1.872293 17.779920 0.552392 1.339880 2.521627 3.877710 2.917570 -100000000000.000000
2.002152 2.967581 1.879530 7.601577 2.398263 1.705144 1.236019 1.964068 1.969440 -100000000000.000000
2.333252 3.713007 2.029966 8.621901 2.117074 1.537989 1.465790 3.303603 1.565184 -100000000000.000000
1.070441 3.466206 1.314215 7.451937 1.905806 1.491814 2.550194 4.130754 1.688058 -100000000000.000000
2.669096 3.500305 1.302271 7.952958 2.808703 1.231077 1.985441 4.096857 1.598768 -100000000000.000000
3.048921 1.034727 1.244989 6.548532 1.642524 1.938930 3.197147 2.430060 1.230378 -100000000000.000000
3.048921 1.034727 1.244989 6.548532 1.642524 1.938930 3.197147 2.430060 1.230378 -100000000000.000000
2.940202 3.612916 1.566934 9.634520 2.861514 1.036200 1.757570 3.926733 1.551982 -100000000000.000000
2.687203 3.804084 1.955282 9.157701 2.062618 1.458046 2.143021 3.464111 1.509172 -100000000000.000000
2.809355 2.018777 1.529084 5.248307 1.413532 2.674905 2.519109 1.945390 1.709230 -100000000000.000000
1.790816 1.715382 1.194642 7.070083 1.355288 1.235587 2.094199 3.814725 1.630192 -100000000000.000000
3.958427 2.830897 1.741386 8.924149 2.706887 0.729973 0.504120 2.002717 1.915772 -100000000000.000000
2.360430 2.830897 1.741386 7.299186 2.646548 1.409698 0.504120 1.920834 2.015165 -100000000000.000000
2.986999 3.567309 1.741386 9.694510 2.997528 1.004172 0.504120 3.987579 1.555364 -100000000000.000000
4.623859 2.830897 1.354106 9.097568 2.764702 0.386612 1.702902 2.059145 1.902103 -100000000000.000000
0.732292 1.715382 1.955282 9.518568 2.825391 1.059422 0.504120 3.513134 2.000066 -100000000000.000000
3.746418 3.242002 1.416065 9.518568 2.972241 0.713133 1.461455 3.685231 1.638101 -100000000000.000000
0.816572 3.849691 1.134238 9.097711 1.926604 1.101826 2.197689 4.107162 2.000066 -100000000000.000000
2.640406 1.870887 2.168110 7.836782 1.307190 1.490074 1.416161 3.403265 1.505790 -100000000000.000000
2.640406 3.849691 2.168110 9.694510 1.926604 1.004172 2.197689 3.403265 1.505790 -100000000000.000000
2.986999 3.567309 1.354106 9.097711 2.997528 1.490074 1.702902 3.987579 1.555364 -100000000000.000000
2.273348 4.021602 1.422202 9.063632 3.232374 1.004172 2.094187 6.280969 2.232255 -100000000000.000000
0.816572 1.870887 1.134238 7.836782 1.307190 1.101826 1.416161 4.107162 2.000066 877.306667
2.640406 3.849691 2.168110 9.097711 1.926604 1.490074 2.197689 3.403265 1.505790 866.946667
3.048921 1.034727 1.244989 6.548532 1.642524 1.938930 3.197147 2.430060 1.230378 858.440000
2.669096 3.784642 2.168110 7.451937 2.062618 0.386612 4.183142 1.864406 1.555364 -100000000000.000000
0.802455 3.399202 1.570319 1.786505 1.716981 2.403754 2.040137 7.136605 1.298105 -100000000000.000000
4.623859 2.830897 1.741386 9.097568 2.764702 0.386612 0.504120 2.059145 1.902103 801.013333
4.623859 2.830897 1.741386 9.097568 2.764702 0.386612 0.504120 2.059145 1.902103 801.013333
0.732292 3.529466 1.563768 4.723045 0.140355 1.802341 3.374523 4.324870 1.556929 779.640000
2.986999 3.567309 1.354106 9.694510 2.997528 1.004172 1.702902 3.987579 1.555364 774.186667
4.623859 2.016663 2.247078 9.097568 2.764702 0.386612 4.183142 2.059145 1.902103 758.186667
2.986999 3.567309 1.354106 9.694510 2.997528 1.004172 1.702902 3.987579 1.555364 757.846667
4.623859 4.021602 1.570319 9.694510 1.926604 1.490074 4.183142 2.430060 1.469003 -100000000000.000000
3.386334 1.866970 0.318461 3.592029 2.296762 2.481738 2.779046 1.833506 2.145347 739.413333
2.032380 4.947356 4.122440 6.900235 0.341777 2.243858 3.386883 0.924772 1.039128 736.333333
2.986999 3.567309 1.354106 9.694510 2.997528 1.004172 1.702902 3.987579 1.555364 915.773333
FILLING
1.694998 2.830897 1.741386 7.125767 2.588733 1.753059 0.504120 1.864406 2.028834 737.860000
1.694998 2.830897 1.741386 7.125767 2.588733 1.753059 0.504120 1.864406 2.028834 759.013333
1.640357 2.357694 1.191450 8.188481 1.509350 1.059422 1.480832 4.074300 1.920676 516.786667
2.163214 3.080502 1.296894 9.342811 2.795368 1.046576 1.638231 4.020441 1.634754 739.173333
0.816572 1.870887 1.134238 7.836782 1.307190 1.101826 1.416161 4.107162 2.000066 768.506667
0.816572 1.870887 1.134238 7.836782 1.307190 1.101826 1.416161 4.107162 2.000066 688.166667
2.986999 3.567309 1.354106 9.097711 2.997528 1.004172 1.702902 3.403265 1.555364 779.886667
2.640406 3.849691 2.168110 9.694510 1.926604 1.490074 2.197689 3.987579 1.505790 1092.180000
4.623859 1.715382 1.354106 9.097568 0.513914 1.004172 2.365337 4.096857 2.028834 700.020000
2.986999 3.567309 2.247078 9.694510 2.764702 1.004172 4.183142 3.987579 1.555364 792.360000
2.779354 4.318200 1.763489 8.982651 2.825391 1.253479 2.365337 2.499808 1.469003 707.200000
2.240025 4.196465 3.713057 7.612094 0.513914 1.994551 2.724448 2.412543 1.125489 619.013333
2.698758 3.784642 2.073171 9.167238 2.438459 1.287507 1.914226 3.513134 1.515119 637.693333
1.685026 5.011211 1.872293 17.779920 0.552392 1.339880 2.521627 3.877710 2.917570 745.446667
2.002152 2.967581 1.879530 7.601577 2.398263 1.705144 1.236019 1.964068 1.969440 744.346667
2.333252 3.713007 2.029966 8.621901 2.117074 1.537989 1.465790 3.303603 1.565184 653.673333
1.070441 3.466206 1.314215 7.451937 1.905806 1.491814 2.550194 4.130754 1.688058 569.540000
2.669096 3.500305 1.302271 7.952958 2.808703 1.231077 1.985441 4.096857 1.598768 1050.686667
3.048921 1.034727 1.244989 6.548532 1.642524 1.938930 3.197147 2.430060 1.230378 558.680000
3.048921 1.034727 1.244989 6.548532 1.642524 1.938930 3.197147 2.430060 1.230378 617.333333
2.940202 3.612916 1.566934 9.634520 2.861514 1.036200 1.757570 3.926733 1.551982 800.353333
2.687203 3.804084 1.955282 9.157701 2.062618 1.458046 2.143021 3.464111 1.509172 456.920000
2.809355 2.018777 1.529084 5.248307 1.413532 2.674905 2.519109 1.945390 1.709230 520.560000
1.790816 1.715382 1.194642 7.070083 1.355288 1.235587 2.094199 3.814725 1.630192 746.233333
3.958427 2.830897 1.741386 8.924149 2.706887 0.729973 0.504120 2.002717 1.915772 660.460000
2.360430 2.830897 1.741386 7.299186 2.646548 1.409698 0.504120 1.920834 2.015165 587.980000
2.986999 3.567309 1.741386 9.694510 2.997528 1.004172 0.504120 3.987579 1.555364 1069.860000
4.623859 2.830897 1.354106 9.097568 2.764702 0.386612 1.702902 2.059145 1.902103 537.553333
0.732292 1.715382 1.955282 9.518568 2.825391 1.059422 0.504120 3.513134 2.000066 790.326667
3.746418 3.242002 1.416065 9.518568 2.972241 0.713133 1.461455 3.685231 1.638101 557.126667
0.816572 3.849691 1.134238 9.097711 1.926604 1.101826 2.197689 4.107162 2.000066 703.260000
2.640406 1.870887 2.168110 7.836782 1.307190 1.490074 1.416161 3.403265 1.505790 449.406667
2.640406 3.849691 2.168110 9.694510 1.926604 1.004172 2.197689 3.403265 1.505790 945.740000
2.986999 3.567309 1.354106 9.097711 2.997528 1.490074 1.702902 3.987579 1.555364 689.040000
2.273348 4.021602 1.422202 9.063632 3.232374 1.004172 2.094187 6.280969 2.232255 799.400000
0.816572 1.870887 1.134238 7.836782 1.307190 1.101826 1.416161 4.107162 2.000066 877.306667
2.640406 3.849691 2.168110 9.097711 1.926604 1.490074 2.197689 3.403265 1.505790 866.946667
3.048921 1.034727 1.244989 6.548532 1.642524 1.938930 3.197147 2.430060 1.230378 858.440000
2.669096 3.784642 2.168110 7.451937 2.062618 0.386612 4.183142 1.864406 1.555364 734.533333
0.802455 3.399202 1.570319 1.786505 1.716981 2.403754 2.040137 7.136605 1.298105 471.926667
4.623859 2.830897 1.741386 9.097568 2.764702 0.386612 0.504120 2.059145 1.902103 801.013333
4.623859 2.830897 1.741386 9.097568 2.764702 0.386612 0.504120 2.059145 1.902103 801.013333
0.732292 3.529466 1.563768 4.723045 0.140355 1.802341 3.374523 4.324870 1.556929 779.640000
2.986999 3.567309 1.354106 9.694510 2.997528 1.004172 1.702902 3.987579 1.555364 774.186667
4.623859 2.016663 2.247078 9.097568 2.764702 0.386612 4.183142 2.059145 1.902103 758.186667
2.986999 3.567309 1.354106 9.694510 2.997528 1.004172 1.702902 3.987579 1.555364 757.846667
4.623859 4.021602 1.570319 9.694510 1.926604 1.490074 4.183142 2.430060 1.469003 534.166667
3.386334 1.866970 0.318461 3.592029 2.296762 2.481738 2.779046 1.833506 2.145347 739.413333
2.032380 4.947356 4.122440 6.900235 0.341777 2.243858 3.386883 0.924772 1.039128 736.333333
2.986999 3.567309 1.354106 9.694510 2.997528 1.004172 1.702902 3.987579 1.555364 915.773333
Gen 2 FITNESS 1092.180000 DIVERSITY 226.029123
 VILLAGER_LEADER F 1092.180000 2.640406 3.849691 2.168110 9.694510 1.926604 1.490074 2.197689 3.987579 1.505790 
GEN 3 NUM_GENOME 50 NUM_VILLAGE 1
2.273348 3.849691 1.302271 9.694510 2.981522 1.101826 1.702902 3.987579 1.534046 -100000000000.000000
2.941234 3.647517 1.786997 9.694510 2.679593 1.004172 1.058247 3.829912 1.536220 -100000000000.000000
2.640406 3.849691 2.168110 9.694510 1.926604 1.459799 2.197689 3.675393 1.505790 -100000000000.000000
2.640406 3.849691 2.168110 9.694510 1.926604 1.034447 2.197689 3.715451 1.505790 -100000000000.000000
4.623859 2.830897 1.741386 9.694510 2.764702 1.004172 0.504120 2.059145 1.902103 -100000000000.000000
2.986999 3.567309 1.741386 9.097568 2.997528 0.386612 0.504120 3.987579 1.555364 -100000000000.000000
4.623859 3.849691 1.422202 9.694510 1.926604 1.004172 2.197689 5.429382 1.551982 -100000000000.000000
4.872333 1.241332 1.213363 11.072203 2.329184 1.215372 3.197147 4.015771 1.505790 -100000000000.000000
0.732292 3.529466 2.168110 4.723045 0.140355 1.490074 3.374523 4.324870 1.505790 -100000000000.000000
2.640406 3.849691 1.563768 9.097711 1.926604 1.802341 2.197689 3.403265 1.556929 -100000000000.000000
1.690181 3.829006 1.973351 7.521142 1.435480 1.181571 2.759410 3.595073 1.525125 -100000000000.000000
1.682517 3.550151 1.758527 6.896413 0.631479 1.624942 2.812802 4.133062 1.537594 -100000000000.000000
2.640406 3.849691 2.168110 9.694510 2.997528 1.004172 2.197689 3.987579 1.555364 -100000000000.000000
2.986999 3.567309 1.741386 9.694510 1.926604 1.004172 0.504120 3.403265 1.505790 -100000000000.000000
3.048921 1.034727 1.422202 6.548532 3.232374 1.004172 2.094187 6.280969 2.232255 -100000000000.000000
2.273348 4.021602 1.244989 9.063632 1.642524 1.938930 3.197147 2.430060 1.230378 -100000000000.000000
2.426450 3.936825 1.992857 9.629918 2.620124 1.004172 2.183414 4.254852 1.850836 -100000000000.000000
0.669250 6.644283 0.398862 7.908190 2.821160 0.365900 1.943704 5.726566 1.887209 -100000000000.000000
2.747121 3.169652 1.898731 8.718687 1.819323 1.183534 2.510066 2.834994 1.481549 -100000000000.000000
2.640406 3.608823 2.129098 7.521142 1.926604 1.181571 2.197689 4.324870 1.537594 -100000000000.000000
2.756512 3.737760 2.108343 9.366572 2.500818 1.452158 1.980357 3.521545 1.534046 -100000000000.000000
2.870893 3.679240 1.413873 9.425649 2.423314 1.042088 1.920234 3.869299 1.527108 -100000000000.000000
2.640406 3.849691 2.168110 9.564369 1.926604 1.490074 2.197689 3.790215 1.505790 -100000000000.000000
2.640406 3.849691 2.168110 9.227852 1.926604 1.490074 2.197689 3.600629 1.505790 -100000000000.000000
2.986999 3.567309 1.134238 7.836782 2.997528 1.004172 1.416161 4.107162 2.000066 -100000000000.000000
0.816572 1.870887 1.354106 9.694510 1.307190 1.101826 1.702902 3.987579 1.555364 -100000000000.000000
2.941234 3.936825 1.422202 9.694510 2.764702 1.490074 0.504120 3.403265 1.555029 -100000000000.000000
2.946782 3.608823 1.610315 9.647462 2.877520 1.033490 1.125424 3.932128 1.552317 -100000000000.000000
2.640406 3.849691 2.168110 9.635365 1.926604 1.490074 2.197689 3.864541 1.505790 -100000000000.000000
2.640406 3.849691 2.168110 9.156856 1.926604 1.490074 2.197689 3.526303 1.505790 -100000000000.000000
2.835896 3.732977 2.129098 9.261617 2.348859 1.343360 2.067373 3.587076 1.513449 -100000000000.000000
2.791509 3.684023 1.780398 9.530604 2.575273 1.150886 0.634436 3.803768 1.547705 -100000000000.000000
4.872333 3.567309 1.898731 9.097568 2.825391 1.490074 0.504120 3.987579 1.537594 -100000000000.000000
2.640406 3.529466 1.898731 9.694510 2.825391 1.036200 2.094187 4.133062 1.534046 -100000000000.000000
2.640406 3.849691 2.168110 9.694510 1.926604 1.490074 2.197689 3.987579 1.505790 1092.180000
2.986999 3.567309 1.741386 9.694510 2.997528 1.004172 0.504120 3.987579 1.555364 1069.860000
2.669096 3.500305 1.302271 7.952958 2.808703 1.231077 1.985441 4.096857 1.598768 1050.686667
2.640406 3.849691 2.168110 9.694510 1.926604 1.004172 2.197689 3.403265 1.505790 945.740000
2.986999 3.567309 1.354106 9.694510 2.997528 1.004172 1.702902 3.987579 1.555364 915.773333
0.816572 1.870887 1.134238 7.836782 1.307190 1.101826 1.416161 4.107162 2.000066 877.306667
2.640406 3.849691 2.168110 9.097711 1.926604 1.490074 2.197689 3.403265 1.505790 866.946667
3.048921 1.034727 1.244989 6.548532 1.642524 1.938930 3.197147 2.430060 1.230378 858.440000
4.623859 2.830897 1.741386 9.097568 2.764702 0.386612 0.504120 2.059145 1.902103 801.013333
4.623859 2.830897 1.741386 9.097568 2.764702 0.386612 0.504120 2.059145 1.902103 801.013333
2.940202 3.612916 1.566934 9.634520 2.861514 1.036200 1.757570 3.926733 1.551982 800.353333
2.273348 4.021602 1.422202 9.063632 3.232374 1.004172 2.094187 6.280969 2.232255 799.400000
2.986999 3.567309 2.247078 9.694510 2.764702 1.004172 4.183142 3.987579 1.555364 792.360000
0.732292 1.715382 1.955282 9.518568 2.825391 1.059422 0.504120 3.513134 2.000066 790.326667
4.623859 3.732977 1.422202 9.694510 1.642524 1.101826 0.504120 3.803768 1.555364 -100000000000.000000
2.640406 3.849691 2.168110 9.694510 1.926604 1.490074 2.197689 3.987579 1.505790 1092.180000
FILLING
2.273348 3.849691 1.302271 9.694510 2.981522 1.101826 1.702902 3.987579 1.534046 492.053333
2.941234 3.647517 1.786997 9.694510 2.679593 1.004172 1.058247 3.829912 1.536220 563.226667
2.640406 3.849691 2.168110 9.694510 1.926604 1.459799 2.197689 3.675393 1.505790 620.153333
2.640406 3.849691 2.168110 9.694510 1.926604 1.034447 2.197689 3.715451 1.505790 861.860000
4.623859 2.830897 1.741386 9.694510 2.764702 1.004172 0.504120 2.059145 1.902103 513.333333
2.986999 3.567309 1.741386 9.097568 2.997528 0.386612 0.504120 3.987579 1.555364 658.160000
4.623859 3.849691 1.422202 9.694510 1.926604 1.004172 2.197689 5.429382 1.551982 505.686667
4.872333 1.241332 1.213363 11.072203 2.329184 1.215372 3.197147 4.015771 1.505790 614.980000
0.732292 3.529466 2.168110 4.723045 0.140355 1.490074 3.374523 4.324870 1.505790 774.393333
2.640406 3.849691 1.563768 9.097711 1.926604 1.802341 2.197689 3.403265 1.556929 777.000000
1.690181 3.829006 1.973351 7.521142 1.435480 1.181571 2.759410 3.595073 1.525125 590.193333
1.682517 3.550151 1.758527 6.896413 0.631479 1.624942 2.812802 4.133062 1.537594 539.826667
2.640406 3.849691 2.168110 9.694510 2.997528 1.004172 2.197689 3.987579 1.555364 785.220000
2.986999 3.567309 1.741386 9.694510 1.926604 1.004172 0.504120 3.403265 1.505790 578.786667
3.048921 1.034727 1.422202 6.548532 3.232374 1.004172 2.094187 6.280969 2.232255 421.686667
2.273348 4.021602 1.244989 9.063632 1.642524 1.938930 3.197147 2.430060 1.230378 882.293333
2.426450 3.936825 1.992857 9.629918 2.620124 1.004172 2.183414 4.254852 1.850836 780.120000
0.669250 6.644283 0.398862 7.908190 2.821160 0.365900 1.943704 5.726566 1.887209 595.833333
2.747121 3.169652 1.898731 8.718687 1.819323 1.183534 2.510066 2.834994 1.481549 740.313333
2.640406 3.608823 2.129098 7.521142 1.926604 1.181571 2.197689 4.324870 1.537594 974.040000
2.756512 3.737760 2.108343 9.366572 2.500818 1.452158 1.980357 3.521545 1.534046 535.820000
2.870893 3.679240 1.413873 9.425649 2.423314 1.042088 1.920234 3.869299 1.527108 807.273333
2.640406 3.849691 2.168110 9.564369 1.926604 1.490074 2.197689 3.790215 1.505790 594.560000
2.640406 3.849691 2.168110 9.227852 1.926604 1.490074 2.197689 3.600629 1.505790 565.833333
2.986999 3.567309 1.134238 7.836782 2.997528 1.004172 1.416161 4.107162 2.000066 775.893333
0.816572 1.870887 1.354106 9.694510 1.307190 1.101826 1.702902 3.987579 1.555364 960.080000
2.941234 3.936825 1.422202 9.694510 2.764702 1.490074 0.504120 3.403265 1.555029 732.080000
2.946782 3.608823 1.610315 9.647462 2.877520 1.033490 1.125424 3.932128 1.552317 668.233333
2.640406 3.849691 2.168110 9.635365 1.926604 1.490074 2.197689 3.864541 1.505790 708.593333
2.640406 3.849691 2.168110 9.156856 1.926604 1.490074 2.197689 3.526303 1.505790 736.180000
2.835896 3.732977 2.129098 9.261617 2.348859 1.343360 2.067373 3.587076 1.513449 637.620000
2.791509 3.684023 1.780398 9.530604 2.575273 1.150886 0.634436 3.803768 1.547705 907.773333
4.872333 3.567309 1.898731 9.097568 2.825391 1.490074 0.504120 3.987579 1.537594 539.140000
2.640406 3.529466 1.898731 9.694510 2.825391 1.036200 2.094187 4.133062 1.534046 711.320000
2.640406 3.849691 2.168110 9.694510 1.926604 1.490074 2.197689 3.987579 1.505790 1092.180000
2.986999 3.567309 1.741386 9.694510 2.997528 1.004172 0.504120 3.987579 1.555364 1069.860000
2.669096 3.500305 1.302271 7.952958 2.808703 1.231077 1.985441 4.096857 1.598768 1050.686667
2.640406 3.849691 2.168110 9.694510 1.926604 1.004172 2.197689 3.403265 1.505790 945.740000
2.986999 3.567309 1.354106 9.694510 2.997528 1.004172 1.702902 3.987579 1.555364 915.773333
0.816572 1.870887 1.134238 7.836782 1.307190 1.101826 1.416161 4.107162 2.000066 877.306667
2.640406 3.849691 2.168110 9.097711 1.926604 1.490074 2.197689 3.403265 1.505790 866.946667
3.048921 1.034727 1.244989 6.548532 1.642524 1.938930 3.197147 2.430060 1.230378 858.440000
4.623859 2.830897 1.741386 9.097568 2.764702 0.386612 0.504120 2.059145 1.902103 801.013333
4.623859 2.830897 1.741386 9.097568 2.764702 0.386612 0.504120 2.059145 1.902103 801.013333
2.940202 3.612916 1.566934 9.634520 2.861514 1.036200 1.757570 3.926733 1.551982 800.353333
2.273348 4.021602 1.422202 9.063632 3.232374 1.004172 2.094187 6.280969 2.232255 799.400000
2.986999 3.567309 2.247078 9.694510 2.764702 1.004172 4.183142 3.987579 1.555364 792.360000
0.732292 1.715382 1.955282 9.518568 2.825391 1.059422 0.504120 3.513134 2.000066 790.326667
4.623859 3.732977 1.422202 9.694510 1.642524 1.101826 0.504120 3.803768 1.555364 745.986667
2.640406 3.849691 2.168110 9.694510 1.926604 1.490074 2.197689 3.987579 1.505790 1092.180000
Gen 3 FITNESS 1092.180000 DIVERSITY 157.827650
 VILLAGER_LEADER F 1092.180000 2.640406 3.849691 2.168110 9.694510 1.926604 1.490074 2.197689 3.987579 1.505790 
GEN 4 NUM_GENOME 50 NUM_VILLAGE 1
2.640406 3.849691 1.244989 9.063632 1.926604 1.938930 2.197689 2.430060 1.505790 -100000000000.000000
2.273348 4.021602 2.168110 9.694510 1.642524 1.490074 3.197147 3.987579 1.230378 -100000000000.000000
2.986999 3.567309 1.556772 9.694510 2.997528 1.004172 1.546494 3.987579 1.555364 -100000000000.000000
2.986999 3.500305 1.878377 9.694510 1.926604 1.490074 2.197689 3.403265 2.000066 -100000000000.000000
0.816572 1.870887 1.354106 9.694510 1.307190 1.101826 1.702902 3.987579 1.555364 -100000000000.000000
0.935815 1.751480 1.487214 6.452016 0.416899 1.037303 1.810620 3.125918 1.463983 -100000000000.000000
2.660771 3.626341 1.489713 8.290947 2.713413 1.357854 2.043399 4.088425 1.580607 -100000000000.000000
2.648731 3.723655 1.980668 9.356521 2.021894 1.363297 2.139731 3.996011 1.523951 -100000000000.000000
2.843981 3.674036 1.773344 9.540009 2.823278 1.121316 0.603036 3.830734 1.549044 -100000000000.000000
2.934527 3.577296 1.748440 9.685105 2.749523 1.033742 0.535520 3.960613 1.554025 -100000000000.000000
2.986999 3.567309 2.168110 9.694510 2.997528 1.004172 2.197689 3.403265 1.555364 -100000000000.000000
2.986999 3.608823 1.489713 7.836782 1.926604 1.490074 0.609511 3.403265 1.505790 -100000000000.000000
2.640406 3.567309 2.168110 9.097711 2.997528 1.004172 2.197689 3.987579 1.505790 -100000000000.000000
2.986999 3.849691 1.741386 9.694510 1.926604 1.490074 0.504120 3.403265 1.555364 -100000000000.000000
1.090623 2.136282 1.356278 8.875164 1.619758 1.084151 0.979243 4.086001 1.843141 -100000000000.000000
2.712948 3.301914 1.519346 8.656128 2.684960 1.021847 0.941038 4.008740 1.712289 -100000000000.000000
2.640406 3.500305 1.302271 7.952958 1.926604 1.231077 2.197689 4.096857 1.598768 -100000000000.000000
2.669096 3.849691 2.168110 9.694510 2.808703 1.490074 1.985441 3.987579 1.505790 -100000000000.000000
2.640406 3.849691 1.354106 9.694510 1.926604 1.004172 1.702902 3.403265 1.555364 -100000000000.000000
1.090623 3.577296 2.031119 9.425649 1.926604 1.231077 2.197689 3.987579 2.000066 -100000000000.000000
2.913463 3.727246 1.878377 9.694510 2.531870 1.117090 0.609511 3.987579 1.543414 -100000000000.000000
2.713942 3.689754 2.031119 9.694510 2.392262 1.377156 2.092298 3.987579 1.517740 -100000000000.000000
2.652498 3.537450 1.815433 8.271574 2.343474 1.286982 2.084347 4.068549 1.572213 -100000000000.000000
2.657004 3.812546 1.654948 9.375894 2.391833 1.434169 2.098783 4.015887 1.532345 -100000000000.000000
2.640406 3.849691 2.168110 9.694510 1.926604 1.490074 2.197689 3.987579 1.505790 -100000000000.000000
2.640406 3.849691 2.168110 9.694510 1.926604 1.490074 2.197689 3.987579 1.505790 -100000000000.000000
2.986999 3.567309 1.354106 9.694510 2.997528 1.490074 1.702902 3.987579 1.505790 -100000000000.000000
2.640406 3.849691 2.168110 9.694510 1.926604 1.004172 2.197689 3.987579 1.555364 -100000000000.000000
2.640406 1.870887 1.134238 7.836782 1.307190 1.490074 2.197689 4.107162 2.000066 -100000000000.000000
0.816572 3.849691 2.168110 9.694510 1.926604 1.101826 1.416161 3.987579 1.505790 -100000000000.000000
2.640406 3.608823 1.302271 7.521142 2.808703 1.181571 1.985441 4.324870 1.537594 -100000000000.000000
2.640406 3.626341 1.654948 9.694510 1.307190 1.231077 1.985441 2.430060 1.505790 -100000000000.000000
1.832725 2.194267 1.413090 9.694510 1.390316 1.279032 1.787396 3.987579 1.544507 -100000000000.000000
1.624253 3.526311 2.109126 9.694510 1.843478 1.312868 2.113195 3.987579 1.516647 -100000000000.000000
2.640406 3.849691 2.168110 9.694510 1.926604 1.490074 2.197689 3.987579 1.505790 1092.180000
2.640406 3.849691 2.168110 9.694510 1.926604 1.490074 2.197689 3.987579 1.505790 1092.180000
2.986999 3.567309 1.741386 9.694510 2.997528 1.004172 0.504120 3.987579 1.555364 1069.860000
2.669096 3.500305 1.302271 7.952958 2.808703 1.231077 1.985441 4.096857 1.598768 1050.686667
2.640406 3.608823 2.129098 7.521142 1.926604 1.181571 2.197689 4.324870 1.537594 974.040000
0.816572 1.870887 1.354106 9.694510 1.307190 1.101826 1.702902 3.987579 1.555364 960.080000
2.640406 3.849691 2.168110 9.694510 1.926604 1.004172 2.197689 3.403265 1.505790 945.740000
2.986999 3.567309 1.354106 9.694510 2.997528 1.004172 1.702902 3.987579 1.555364 915.773333
2.791509 3.684023 1.780398 9.530604 2.575273 1.150886 0.634436 3.803768 1.547705 907.773333
2.273348 4.021602 1.244989 9.063632 1.642524 1.938930 3.197147 2.430060 1.230378 882.293333
2.640406 3.849691 2.031119 9.694510 1.926604 1.490074 2.197689 3.987579 2.000066 -100000000000.000000
2.640406 3.849691 2.168110 9.097711 1.926604 1.490074 2.197689 3.403265 1.505790 866.946667
2.640406 3.849691 2.168110 9.694510 1.926604 1.034447 2.197689 3.715451 1.505790 861.860000
3.048921 0.535556 1.244989 5.891776 2.293225 1.519863 5.766981 4.220663 0.647540 -100000000000.000000
2.870893 3.679240 1.413873 9.425649 2.423314 1.042088 1.920234 3.869299 1.527108 807.273333
2.640406 3.849691 2.168110 9.694510 1.926604 1.490074 2.197689 3.987579 1.505790 1092.180000
FILLING
2.640406 3.849691 1.244989 9.063632 1.926604 1.938930 2.197689 2.430060 1.505790 828.406667
2.273348 4.021602 2.168110 9.694510 1.642524 1.490074 3.197147 3.987579 1.230378 581.946667
2.986999 3.567309 1.556772 9.694510 2.997528 1.004172 1.546494 3.987579 1.555364 836.640000
2.986999 3.500305 1.878377 9.694510 1.926604 1.490074 2.197689 3.403265 2.000066 801.500000
0.816572 1.870887 1.354106 9.694510 1.307190 1.101826 1.702902 3.987579 1.555364 524.246667
0.935815 1.751480 1.487214 6.452016 0.416899 1.037303 1.810620 3.125918 1.463983 914.380000
2.660771 3.626341 1.489713 8.290947 2.713413 1.357854 2.043399 4.088425 1.580607 779.853333
2.648731 3.723655 1.980668 9.356521 2.021894 1.363297 2.139731 3.996011 1.523951 957.100000
2.843981 3.674036 1.773344 9.540009 2.823278 1.121316 0.603036 3.830734 1.549044 852.720000
2.934527 3.577296 1.748440 9.685105 2.749523 1.033742 0.535520 3.960613 1.554025 633.520000
2.986999 3.567309 2.168110 9.694510 2.997528 1.004172 2.197689 3.403265 1.555364 577.893333
2.986999 3.608823 1.489713 7.836782 1.926604 1.490074 0.609511 3.403265 1.505790 600.900000
2.640406 3.567309 2.168110 9.097711 2.997528 1.004172 2.197689 3.987579 1.505790 615.806667
2.986999 3.849691 1.741386 9.694510 1.926604 1.490074 0.504120 3.403265 1.555364 857.773333
1.090623 2.136282 1.356278 8.875164 1.619758 1.084151 0.979243 4.086001 1.843141 660.613333
2.712948 3.301914 1.519346 8.656128 2.684960 1.021847 0.941038 4.008740 1.712289 711.266667
2.640406 3.500305 1.302271 7.952958 1.926604 1.231077 2.197689 4.096857 1.598768 811.333333
2.669096 3.849691 2.168110 9.694510 2.808703 1.490074 1.985441 3.987579 1.505790 795.600000
2.640406 3.849691 1.354106 9.694510 1.926604 1.004172 1.702902 3.403265 1.555364 662.593333
1.090623 3.577296 2.031119 9.425649 1.926604 1.231077 2.197689 3.987579 2.000066 590.566667
2.913463 3.727246 1.878377 9.694510 2.531870 1.117090 0.609511 3.987579 1.543414 570.493333
2.713942 3.689754 2.031119 9.694510 2.392262 1.377156 2.092298 3.987579 1.517740 692.500000
2.652498 3.537450 1.815433 8.271574 2.343474 1.286982 2.084347 4.068549 1.572213 715.720000
2.657004 3.812546 1.654948 9.375894 2.391833 1.434169 2.098783 4.015887 1.532345 673.573333
2.640406 3.849691 2.168110 9.694510 1.926604 1.490074 2.197689 3.987579 1.505790 847.526667
2.640406 3.849691 2.168110 9.694510 1.926604 1.490074 2.197689 3.987579 1.505790 829.953333
2.986999 3.567309 1.354106 9.694510 2.997528 1.490074 1.702902 3.987579 1.505790 639.226667
2.640406 3.849691 2.168110 9.694510 1.926604 1.004172 2.197689 3.987579 1.555364 821.226667
2.640406 1.870887 1.134238 7.836782 1.307190 1.490074 2.197689 4.107162 2.000066 520.406667
0.816572 3.849691 2.168110 9.694510 1.926604 1.101826 1.416161 3.987579 1.505790 496.366667
2.640406 3.608823 1.302271 7.521142 2.808703 1.181571 1.985441 4.324870 1.537594 973.540000
2.640406 3.626341 1.654948 9.694510 1.307190 1.231077 1.985441 2.430060 1.505790 888.706667
1.832725 2.194267 1.413090 9.694510 1.390316 1.279032 1.787396 3.987579 1.544507 755.533333
1.624253 3.526311 2.109126 9.694510 1.843478 1.312868 2.113195 3.987579 1.516647 579.893333
2.640406 3.849691 2.168110 9.694510 1.926604 1.490074 2.197689 3.987579 1.505790 1092.180000
2.640406 3.849691 2.168110 9.694510 1.926604 1.490074 2.197689 3.987579 1.505790 1092.180000
2.986999 3.567309 1.741386 9.694510 2.997528 1.004172 0.504120 3.987579 1.555364 1069.860000
2.669096 3.500305 1.302271 7.952958 2.808703 1.231077 1.985441 4.096857 1.598768 1050.686667
2.640406 3.608823 2.129098 7.521142 1.926604 1.181571 2.197689 4.324870 1.537594 974.040000
0.816572 1.870887 1.354106 9.694510 1.307190 1.101826 1.702902 3.987579 1.555364 960.080000
2.640406 3.849691 2.168110 9.694510 1.926604 1.004172 2.197689 3.403265 1.505790 945.740000
2.986999 3.567309 1.354106 9.694510 2.997528 1.004172 1.702902 3.987579 1.555364 915.773333
2.791509 3.684023 1.780398 9.530604 2.575273 1.150886 0.634436 3.803768 1.547705 907.773333
2.273348 4.021602 1.244989 9.063632 1.642524 1.938930 3.197147 2.430060 1.230378 882.293333
2.640406 3.849691 2.031119 9.694510 1.926604 1.490074 2.197689 3.987579 2.000066 874.560000
2.640406 3.849691 2.168110 9.097711 1.926604 1.490074 2.197689 3.403265 1.505790 866.946667
2.640406 3.849691 2.168110 9.694510 1.926604 1.034447 2.197689 3.715451 1.505790 861.860000
3.048921 0.535556 1.244989 5.891776 2.293225 1.519863 5.766981 4.220663 0.647540 848.546667
2.870893 3.679240 1.413873 9.425649 2.423314 1.042088 1.920234 3.869299 1.527108 807.273333
2.640406 3.849691 2.168110 9.694510 1.926604 1.490074 2.197689 3.987579 1.505790 1092.180000
Gen 4 FITNESS 1092.180000 DIVERSITY 114.653673
 VILLAGER_LEADER F 1092.180000 2.640406 3.849691 2.168110 9.694510 1.926604 1.490074 2.197689 3.987579 1.505790 
GEN 5 NUM_GENOME 50 NUM_VILLAGE 1
2.669096 3.849691 2.168110 9.694510 2.808703 1.490074 2.197689 4.096857 1.598768 -100000000000.000000
2.640406 3.500305 1.302271 7.952958 1.926604 1.231077 1.985441 3.987579 1.505790 -100000000000.000000
2.906359 3.617849 1.461160 9.694510 2.426778 1.063980 1.827429 3.987579 1.545552 -100000000000.000000
2.721046 3.799151 2.061056 9.694510 2.497354 1.430266 2.073162 3.987579 1.515602 -100000000000.000000
2.640406 3.849691 1.980668 9.694510 2.021894 1.490074 2.139731 3.987579 1.505790 -100000000000.000000
2.648731 3.723655 2.168110 9.356521 1.926604 1.363297 2.197689 3.996011 1.523951 -100000000000.000000
2.640406 3.052950 2.168110 9.694510 2.021894 1.004172 2.139731 3.987579 1.505790 -100000000000.000000
2.640406 3.849691 2.168110 7.521142 1.926604 1.181571 2.197689 4.324870 1.505790 -100000000000.000000
3.593761 4.275929 1.353436 10.828318 1.522820 0.293177 1.958108 3.765606 1.573787 -100000000000.000000
2.640406 3.849691 2.168110 9.694510 1.926604 1.490074 2.197689 3.987579 1.505790 -100000000000.000000
2.906778 3.612550 1.862125 9.694510 2.785785 1.056828 0.826899 3.987579 1.537766 -100000000000.000000
2.720627 3.804450 2.047371 9.694510 2.138347 1.437418 1.874910 3.987579 1.523388 -100000000000.000000
2.240215 3.871632 1.381538 14.657392 1.811167 1.481335 2.330226 2.952098 1.539961 -100000000000.000000
1.287134 2.541592 1.560013 9.612406 1.379493 1.128815 1.771043 3.991317 1.539354 -100000000000.000000
0.935815 1.751480 1.487214 9.694510 2.997528 1.037303 1.810620 3.987579 1.555364 -100000000000.000000
3.250756 5.874088 1.178711 7.415559 0.323432 1.305364 0.783511 3.125918 1.310529 -100000000000.000000
2.640406 3.849691 2.168110 9.694510 1.926604 1.490074 2.197689 3.987579 1.505790 -100000000000.000000
2.640406 3.849691 2.168110 7.521142 2.997528 1.305364 1.810620 3.987579 1.508115 -100000000000.000000
2.640406 3.821505 2.018289 8.653778 2.167362 1.449183 2.177453 4.032898 1.509977 -100000000000.000000
2.640406 3.637009 1.452092 8.561874 2.567945 1.222462 2.005677 4.279551 1.533407 -100000000000.000000
2.810177 3.596674 1.975588 7.684067 2.558700 1.138840 1.387513 4.238515 1.544013 -100000000000.000000
2.817228 3.579458 1.894896 9.531585 2.365432 1.046903 1.314296 4.073934 1.548945 -100000000000.000000
2.640406 3.849691 2.168110 9.694510 1.926604 1.490074 2.197689 3.987579 1.505790 -100000000000.000000
3.391734 1.889893 2.289545 11.635235 2.753204 2.327489 1.224912 4.654640 1.603588 -100000000000.000000
2.986999 3.723655 1.980668 9.694510 2.021894 1.363297 0.504120 3.987579 1.523951 -100000000000.000000
2.648731 3.567309 1.741386 9.356521 2.997528 1.004172 2.139731 3.996011 1.555364 -100000000000.000000
2.986999 3.567309 1.741386 9.694510 2.997528 1.490074 2.197689 3.987579 1.555364 -100000000000.000000
2.640406 3.849691 2.168110 9.694510 1.926604 1.004172 0.504120 3.987579 1.505790 -100000000000.000000
2.640406 3.849691 2.168110 9.694510 1.926604 1.490074 2.197689 3.987579 1.505790 -100000000000.000000
2.640406 3.849691 2.168110 9.694510 1.926604 1.490074 2.197689 3.987579 1.505790 -100000000000.000000
2.640406 3.849691 1.302271 9.694510 1.926604 1.490074 2.197689 4.324870 1.537594 -100000000000.000000
1.716529 3.756645 1.804195 8.286753 5.048669 1.181571 3.641123 3.852524 1.270004 -100000000000.000000
2.640406 3.650846 1.502159 8.013866 2.511793 1.365086 2.029048 4.235824 1.535269 -100000000000.000000
2.640406 3.807668 1.968222 9.201786 2.223514 1.306559 2.154082 4.076625 1.508115 -100000000000.000000
2.640406 3.849691 2.168110 9.694510 1.926604 1.490074 2.197689 3.987579 1.505790 1092.180000
3.116221 4.849114 2.288748 4.792207 1.972545 2.464164 1.824077 4.903334 2.641589 -100000000000.000000
2.640406 3.849691 2.168110 9.694510 1.926604 1.490074 2.197689 3.987579 1.505790 1092.180000
2.640406 2.541592 2.168110 7.521142 2.575273 1.181571 2.197689 4.324870 1.505790 -100000000000.000000
2.669096 3.500305 1.302271 7.952958 2.808703 1.231077 1.985441 4.096857 1.598768 1050.686667
2.640406 3.871632 1.862125 8.653778 1.926604 1.938930 2.197689 4.324870 1.548945 -100000000000.000000
2.640406 3.608823 1.302271 7.521142 2.808703 1.181571 1.985441 4.324870 1.537594 973.540000
0.816572 1.870887 1.354106 9.694510 1.307190 1.101826 1.702902 3.987579 1.555364 960.080000
2.648731 3.723655 1.980668 9.356521 2.021894 1.363297 2.139731 3.996011 1.523951 957.100000
2.640406 3.849691 2.168110 9.694510 1.926604 1.004172 2.197689 3.403265 1.505790 945.740000
2.986999 3.567309 1.354106 9.694510 2.997528 1.004172 1.702902 3.987579 1.555364 915.773333
0.935815 1.751480 1.487214 6.452016 0.416899 1.037303 1.810620 3.125918 1.463983 914.380000
2.791509 3.684023 1.780398 9.530604 2.575273 1.150886 0.634436 3.803768 1.547705 907.773333
2.640406 3.626341 1.654948 9.694510 1.307190 1.231077 1.985441 2.430060 1.505790 888.706667
2.640406 3.723655 2.168110 9.530604 2.997528 1.490074 1.824077 4.903334 1.505790 -100000000000.000000
2.640406 3.849691 2.168110 9.694510 1.926604 1.490074 2.197689 3.987579 1.505790 1092.180000
FILLING
2.669096 3.849691 2.168110 9.694510 2.808703 1.490074 2.197689 4.096857 1.598768 552.780000
2.640406 3.500305 1.302271 7.952958 1.926604 1.231077 1.985441 3.987579 1.505790 955.800000
2.906359 3.617849 1.461160 9.694510 2.426778 1.063980 1.827429 3.987579 1.545552 715.413333
2.721046 3.799151 2.061056 9.694510 2.497354 1.430266 2.073162 3.987579 1.515602 837.780000
2.640406 3.849691 1.980668 9.694510 2.021894 1.490074 2.139731 3.987579 1.505790 573.286667
2.648731 3.723655 2.168110 9.356521 1.926604 1.363297 2.197689 3.996011 1.523951 812.506667
2.640406 3.052950 2.168110 9.694510 2.021894 1.004172 2.139731 3.987579 1.505790 846.126667
2.640406 3.849691 2.168110 7.521142 1.926604 1.181571 2.197689 4.324870 1.505790 635.486667
3.593761 4.275929 1.353436 10.828318 1.522820 0.293177 1.958108 3.765606 1.573787 944.686667
2.640406 3.849691 2.168110 9.694510 1.926604 1.490074 2.197689 3.987579 1.505790 751.860000
2.906778 3.612550 1.862125 9.694510 2.785785 1.056828 0.826899 3.987579 1.537766 565.560000
2.720627 3.804450 2.047371 9.694510 2.138347 1.437418 1.874910 3.987579 1.523388 852.220000
2.240215 3.871632 1.381538 14.657392 1.811167 1.481335 2.330226 2.952098 1.539961 650.906667
1.287134 2.541592 1.560013 9.612406 1.379493 1.128815 1.771043 3.991317 1.539354 589.213333
0.935815 1.751480 1.487214 9.694510 2.997528 1.037303 1.810620 3.987579 1.555364 1038.820000
3.250756 5.874088 1.178711 7.415559 0.323432 1.305364 0.783511 3.125918 1.310529 417.686667
2.640406 3.849691 2.168110 9.694510 1.926604 1.490074 2.197689 3.987579 1.505790 651.246667
2.640406 3.849691 2.168110 7.521142 2.997528 1.305364 1.810620 3.987579 1.508115 741.240000
2.640406 3.821505 2.018289 8.653778 2.167362 1.449183 2.177453 4.032898 1.509977 510.046667
2.640406 3.637009 1.452092 8.561874 2.567945 1.222462 2.005677 4.279551 1.533407 771.733333
2.810177 3.596674 1.975588 7.684067 2.558700 1.138840 1.387513 4.238515 1.544013 909.186667
2.817228 3.579458 1.894896 9.531585 2.365432 1.046903 1.314296 4.073934 1.548945 873.153333
2.640406 3.849691 2.168110 9.694510 1.926604 1.490074 2.197689 3.987579 1.505790 842.726667
3.391734 1.889893 2.289545 11.635235 2.753204 2.327489 1.224912 4.654640 1.603588 500.726667
2.986999 3.723655 1.980668 9.694510 2.021894 1.363297 0.504120 3.987579 1.523951 756.213333
2.648731 3.567309 1.741386 9.356521 2.997528 1.004172 2.139731 3.996011 1.555364 408.380000
2.986999 3.567309 1.741386 9.694510 2.997528 1.490074 2.197689 3.987579 1.555364 905.026667
2.640406 3.849691 2.168110 9.694510 1.926604 1.004172 0.504120 3.987579 1.505790 1048.446667
2.640406 3.849691 2.168110 9.694510 1.926604 1.490074 2.197689 3.987579 1.505790 697.266667
2.640406 3.849691 2.168110 9.694510 1.926604 1.490074 2.197689 3.987579 1.505790 954.066667
2.640406 3.849691 1.302271 9.694510 1.926604 1.490074 2.197689 4.324870 1.537594 630.673333
1.716529 3.756645 1.804195 8.286753 5.048669 1.181571 3.641123 3.852524 1.270004 607.520000
2.640406 3.650846 1.502159 8.013866 2.511793 1.365086 2.029048 4.235824 1.535269 986.373333
2.640406 3.807668 1.968222 9.201786 2.223514 1.306559 2.154082 4.076625 1.508115 841.046667
2.640406 3.849691 2.168110 9.694510 1.926604 1.490074 2.197689 3.987579 1.505790 1092.180000
3.116221 4.849114 2.288748 4.792207 1.972545 2.464164 1.824077 4.903334 2.641589 649.720000
2.640406 3.849691 2.168110 9.694510 1.926604 1.490074 2.197689 3.987579 1.505790 1092.180000
2.640406 2.541592 2.168110 7.521142 2.575273 1.181571 2.197689 4.324870 1.505790 450.926667
2.669096 3.500305 1.302271 7.952958 2.808703 1.231077 1.985441 4.096857 1.598768 1050.686667
2.640406 3.871632 1.862125 8.653778 1.926604 1.938930 2.197689 4.324870 1.548945 666.953333
2.640406 3.608823 1.302271 7.521142 2.808703 1.181571 1.985441 4.324870 1.537594 973.540000
0.816572 1.870887 1.354106 9.694510 1.307190 1.101826 1.702902 3.987579 1.555364 960.080000
2.648731 3.723655 1.980668 9.356521 2.021894 1.363297 2.139731 3.996011 1.523951 957.100000
2.640406 3.849691 2.168110 9.694510 1.926604 1.004172 2.197689 3.403265 1.505790 945.740000
2.986999 3.567309 1.354106 9.694510 2.997528 1.004172 1.702902 3.987579 1.555364 915.773333
0.935815 1.751480 1.487214 6.452016 0.416899 1.037303 1.810620 3.125918 1.463983 914.380000
2.791509 3.684023 1.780398 9.530604 2.575273 1.150886 0.634436 3.803768 1.547705 907.773333
2.640406 3.626341 1.654948 9.694510 1.307190 1.231077 1.985441 2.430060 1.505790 888.706667
2.640406 3.723655 2.168110 9.530604 2.997528 1.490074 1.824077 4.903334 1.505790 471.366667
2.640406 3.849691 2.168110 9.694510 1.926604 1.490074 2.197689 3.987579 1.505790 1092.180000
Gen 5 FITNESS 1092.180000 DIVERSITY 118.058308
 VILLAGER_LEADER F 1092.180000 2.640406 3.849691 2.168110 9.694510 1.926604 1.490074 2.197689 3.987579 1.505790 
GEN 6 NUM_GENOME 50 NUM_VILLAGE 1
2.640406 3.821895 2.038157 9.492753 2.089521 1.471455 2.165744 4.071345 1.510743 -100000000000.000000
2.640406 3.678642 1.632112 8.215623 2.348876 1.383705 2.060993 4.152058 1.530316 -100000000000.000000
2.661599 3.603101 1.530237 8.135240 2.577950 1.290736 2.061543 4.040848 1.588093 -100000000000.000000
2.647903 3.746895 1.940144 9.512228 2.157357 1.430415 2.121587 4.043588 1.516465 -100000000000.000000
2.640406 3.849691 2.168110 9.694510 1.926604 1.490074 2.197689 3.987579 1.505790 -100000000000.000000
2.640406 3.849691 2.168110 9.694510 1.926604 1.490074 2.197689 3.987579 1.505790 -100000000000.000000
2.640406 3.567309 1.354106 9.694510 1.926604 1.004172 1.702902 3.987579 1.555364 -100000000000.000000
2.986999 3.849691 2.168110 9.694510 2.997528 1.004172 0.504120 3.987579 1.505790 -100000000000.000000
1.205146 2.639219 1.424867 9.343173 2.985260 1.098747 1.829746 4.007556 1.578313 -100000000000.000000
2.399765 2.612566 1.364618 8.304295 2.820971 1.169633 1.966315 4.076880 1.575819 -100000000000.000000
2.640406 3.849691 2.168110 9.694510 1.926604 1.490074 2.197689 3.987579 1.505790 -100000000000.000000
2.640406 3.849691 2.168110 9.694510 1.926604 1.490074 2.197689 3.987579 1.505790 -100000000000.000000
2.469566 3.299895 1.354106 9.694510 2.820091 1.046549 1.702902 3.987579 1.555364 -100000000000.000000
1.334005 2.138301 1.354106 9.694510 1.484627 1.059449 1.702902 3.987579 1.555364 -100000000000.000000
2.640406 3.849691 2.168110 9.694510 1.926604 1.086773 0.847922 3.987579 1.505790 -100000000000.000000
2.640406 3.849691 2.168110 9.694510 1.926604 1.407473 1.853887 3.987579 1.505790 -100000000000.000000
1.275339 2.963841 2.306063 8.623786 2.021894 1.363297 2.029092 3.996011 1.523951 -100000000000.000000
2.648731 3.723655 1.302271 9.356521 2.808703 1.231077 1.985441 4.096857 1.598768 -100000000000.000000
2.640406 3.849691 2.168110 9.694510 1.926604 1.490074 2.197689 3.987579 1.505790 -100000000000.000000
2.640406 3.849691 2.168110 9.694510 1.926604 1.490074 2.197689 3.987579 1.505790 -100000000000.000000
2.640406 3.628890 1.360490 7.578386 2.745294 1.210209 1.990822 4.304033 1.537281 -100000000000.000000
2.640406 3.630779 1.443940 7.956622 2.575202 1.336448 2.023667 4.256661 1.535582 -100000000000.000000
2.646341 3.760470 2.027965 9.453046 2.005919 1.395026 2.155183 3.994317 1.522983 -100000000000.000000
2.642796 3.812876 2.120813 9.597985 1.942579 1.458345 2.182237 3.989273 1.506758 -100000000000.000000
2.640406 3.803861 1.827641 9.194005 2.188100 1.427692 2.148163 4.094161 1.510432 -100000000000.000000
2.640406 3.696676 1.842628 8.514371 2.250297 1.427468 2.078574 4.129242 1.530627 -100000000000.000000
2.640406 3.849691 2.168110 9.694510 1.926604 1.490074 2.197689 3.987579 1.505790 -100000000000.000000
2.640406 3.849691 2.168110 9.694510 1.926604 1.490074 2.197689 3.987579 1.505790 -100000000000.000000
2.640406 3.849691 1.502159 8.013866 1.926604 1.365086 2.197689 3.987579 1.535269 -100000000000.000000
2.640406 3.650846 2.168110 9.694510 2.511793 1.490074 2.029048 4.235824 1.505790 -100000000000.000000
2.640406 3.849691 2.168110 7.521142 2.808703 1.490074 1.985441 4.324870 1.505790 -100000000000.000000
2.640406 3.608823 1.302271 9.694510 1.926604 1.181571 2.197689 3.987579 1.537594 -100000000000.000000
2.640406 3.849691 1.502159 8.013866 1.926604 1.490074 2.197689 4.235824 1.535269 -100000000000.000000
2.640406 3.650846 2.168110 9.694510 2.511793 1.365086 2.029048 3.987579 1.505790 -100000000000.000000
2.640406 3.849691 2.168110 9.694510 1.926604 1.490074 2.197689 3.987579 1.505790 1092.180000
2.640406 3.849691 2.168110 9.694510 1.926604 1.490074 2.197689 3.987579 1.505790 1092.180000
2.648731 2.963841 2.168110 8.514371 2.985260 1.490074 2.197689 3.987579 1.505790 -100000000000.000000
2.669096 3.500305 1.302271 7.952958 2.808703 1.231077 1.985441 4.096857 1.598768 1050.686667
2.640406 3.849691 2.168110 9.694510 1.926604 1.004172 0.504120 3.987579 1.505790 1048.446667
0.935815 1.751480 1.487214 9.694510 2.997528 1.037303 1.810620 3.987579 1.555364 1038.820000
2.640406 3.650846 1.502159 8.013866 2.511793 1.365086 2.029048 4.235824 1.535269 986.373333
0.431704 3.608823 1.211783 3.760667 0.519271 1.181571 2.427311 3.734430 1.873960 -100000000000.000000
0.816572 1.870887 1.354106 9.694510 1.307190 1.101826 1.702902 3.987579 1.555364 960.080000
2.648731 3.723655 1.980668 9.356521 2.021894 1.363297 2.139731 3.996011 1.523951 957.100000
2.640406 3.500305 1.302271 7.952958 1.926604 1.231077 1.985441 3.987579 1.505790 955.800000
2.640406 3.849691 2.168110 9.694510 1.926604 1.490074 2.197689 3.987579 1.505790 954.066667
2.640406 3.849691 2.168110 9.694510 1.926604 1.004172 2.197689 3.403265 1.505790 945.740000
3.593761 4.275929 1.353436 10.828318 1.522820 0.293177 1.958108 3.765606 1.573787 944.686667
2.986999 3.567309 1.354106 9.694510 2.997528 1.004172 1.702902 3.987579 1.555364 915.773333
2.640406 3.849691 2.168110 9.694510 1.926604 1.490074 2.197689 3.987579 1.505790 1092.180000
FILLING
2.640406 3.821895 2.038157 9.492753 2.089521 1.471455 2.165744 4.071345 1.510743 526.040000
2.640406 3.678642 1.632112 8.215623 2.348876 1.383705 2.060993 4.152058 1.530316 892.040000
2.661599 3.603101 1.530237 8.135240 2.577950 1.290736 2.061543 4.040848 1.588093 603.893333
2.647903 3.746895 1.940144 9.512228 2.157357 1.430415 2.121587 4.043588 1.516465 726.226667
2.640406 3.849691 2.168110 9.694510 1.926604 1.490074 2.197689 3.987579 1.505790 772.233333
2.640406 3.849691 2.168110 9.694510 1.926604 1.490074 2.197689 3.987579 1.505790 622.993333
2.640406 3.567309 1.354106 9.694510 1.926604 1.004172 1.702902 3.987579 1.555364 943.846667
2.986999 3.849691 2.168110 9.694510 2.997528 1.004172 0.504120 3.987579 1.505790 765.146667
1.205146 2.639219 1.424867 9.343173 2.985260 1.098747 1.829746 4.007556 1.578313 616.700000
2.399765 2.612566 1.364618 8.304295 2.820971 1.169633 1.966315 4.076880 1.575819 1070.120000
2.640406 3.849691 2.168110 9.694510 1.926604 1.490074 2.197689 3.987579 1.505790 767.293333
2.640406 3.849691 2.168110 9.694510 1.926604 1.490074 2.197689 3.987579 1.505790 715.840000
2.469566 3.299895 1.354106 9.694510 2.820091 1.046549 1.702902 3.987579 1.555364 609.273333
1.334005 2.138301 1.354106 9.694510 1.484627 1.059449 1.702902 3.987579 1.555364 648.046667
2.640406 3.849691 2.168110 9.694510 1.926604 1.086773 0.847922 3.987579 1.505790 573.353333
2.640406 3.849691 2.168110 9.694510 1.926604 1.407473 1.853887 3.987579 1.505790 933.800000
1.275339 2.963841 2.306063 8.623786 2.021894 1.363297 2.029092 3.996011 1.523951 688.673333
2.648731 3.723655 1.302271 9.356521 2.808703 1.231077 1.985441 4.096857 1.598768 636.900000
2.640406 3.849691 2.168110 9.694510 1.926604 1.490074 2.197689 3.987579 1.505790 574.646667
2.640406 3.849691 2.168110 9.694510 1.926604 1.490074 2.197689 3.987579 1.505790 773.206667
2.640406 3.628890 1.360490 7.578386 2.745294 1.210209 1.990822 4.304033 1.537281 899.440000
2.640406 3.630779 1.443940 7.956622 2.575202 1.336448 2.023667 4.256661 1.535582 599.426667
2.646341 3.760470 2.027965 9.453046 2.005919 1.395026 2.155183 3.994317 1.522983 671.640000
2.642796 3.812876 2.120813 9.597985 1.942579 1.458345 2.182237 3.989273 1.506758 630.540000
2.640406 3.803861 1.827641 9.194005 2.188100 1.427692 2.148163 4.094161 1.510432 867.813333
2.640406 3.696676 1.842628 8.514371 2.250297 1.427468 2.078574 4.129242 1.530627 683.413333
2.640406 3.849691 2.168110 9.694510 1.926604 1.490074 2.197689 3.987579 1.505790 449.393333
2.640406 3.849691 2.168110 9.694510 1.926604 1.490074 2.197689 3.987579 1.505790 843.213333
2.640406 3.849691 1.502159 8.013866 1.926604 1.365086 2.197689 3.987579 1.535269 542.893333
2.640406 3.650846 2.168110 9.694510 2.511793 1.490074 2.029048 4.235824 1.505790 885.013333
2.640406 3.849691 2.168110 7.521142 2.808703 1.490074 1.985441 4.324870 1.505790 564.506667
2.640406 3.608823 1.302271 9.694510 1.926604 1.181571 2.197689 3.987579 1.537594 640.786667
2.640406 3.849691 1.502159 8.013866 1.926604 1.490074 2.197689 4.235824 1.535269 1046.453333
2.640406 3.650846 2.168110 9.694510 2.511793 1.365086 2.029048 3.987579 1.505790 643.706667
2.640406 3.849691 2.168110 9.694510 1.926604 1.490074 2.197689 3.987579 1.505790 1092.180000
2.640406 3.849691 2.168110 9.694510 1.926604 1.490074 2.197689 3.987579 1.505790 1092.180000
2.648731 2.963841 2.168110 8.514371 2.985260 1.490074 2.197689 3.987579 1.505790 696.933333
2.669096 3.500305 1.302271 7.952958 2.808703 1.231077 1.985441 4.096857 1.598768 1050.686667
2.640406 3.849691 2.168110 9.694510 1.926604 1.004172 0.504120 3.987579 1.505790 1048.446667
0.935815 1.751480 1.487214 9.694510 2.997528 1.037303 1.810620 3.987579 1.555364 1038.820000
2.640406 3.650846 1.502159 8.013866 2.511793 1.365086 2.029048 4.235824 1.535269 986.373333
0.431704 3.608823 1.211783 3.760667 0.519271 1.181571 2.427311 3.734430 1.873960 644.213333
0.816572 1.870887 1.354106 9.694510 1.307190 1.101826 1.702902 3.987579 1.555364 960.080000
2.648731 3.723655 1.980668 9.356521 2.021894 1.363297 2.139731 3.996011 1.523951 957.100000
2.640406 3.500305 1.302271 7.952958 1.926604 1.231077 1.985441 3.987579 1.505790 955.800000
2.640406 3.849691 2.168110 9.694510 1.926604 1.490074 2.197689 3.987579 1.505790 954.066667
2.640406 3.849691 2.168110 9.694510 1.926604 1.004172 2.197689 3.403265 1.505790 945.740000
3.593761 4.275929 1.353436 10.828318 1.522820 0.293177 1.958108 3.765606 1.573787 944.686667
2.986999 3.567309 1.354106 9.694510 2.997528 1.004172 1.702902 3.987579 1.555364 915.773333
2.640406 3.849691 2.168110 9.694510 1.926604 1.490074 2.197689 3.987579 1.505790 1092.180000
Gen 6 FITNESS 1092.180000 DIVERSITY 86.192199
 VILLAGER_LEADER F 1092.180000 2.640406 3.849691 2.168110 9.694510 1.926604 1.490074 2.197689 3.987579 1.505790 
GEN 7 NUM_GENOME 50 NUM_VILLAGE 1
0.816572 2.612566 1.364618 8.304295 2.820971 1.169633 1.702902 4.076880 1.555364 -100000000000.000000
2.640406 3.723655 1.354106 8.491754 1.926604 1.101826 2.197689 3.987579 1.505790 -100000000000.000000
2.399765 2.612566 1.364618 8.304295 2.820971 1.169633 1.702902 4.076880 1.575819 -100000000000.000000
0.816572 1.870887 1.354106 9.694510 1.307190 1.101826 1.966315 3.987579 1.555364 -100000000000.000000
2.542651 2.759626 1.499899 8.491754 2.485199 1.139723 1.711664 4.065409 1.569374 -100000000000.000000
2.194520 4.480492 1.193372 8.349186 0.745835 1.034082 0.441644 3.999050 2.771872 -100000000000.000000
2.640406 1.870887 1.354106 9.694510 1.307190 1.490074 1.702902 3.987579 1.555364 -100000000000.000000
0.816572 3.849691 2.168110 9.694510 1.926604 1.101826 2.197689 3.987579 1.505790 -100000000000.000000
2.640406 3.500305 1.302271 9.694510 1.926604 1.490074 1.985441 3.987579 1.505790 -100000000000.000000
2.640406 3.111119 2.473609 9.680930 1.823092 1.585015 2.197689 1.989155 2.260010 -100000000000.000000
2.399765 3.849691 2.168110 8.304295 1.926604 1.004172 0.504120 3.987579 1.575819 -100000000000.000000
2.640406 2.612566 1.364618 9.694510 2.820971 1.169633 1.966315 4.076880 1.505790 -100000000000.000000
0.816572 3.849691 1.364618 8.013866 2.021894 0.293177 1.702902 3.987579 1.505790 -100000000000.000000
2.640406 3.849691 2.168110 9.694510 1.926604 1.231646 1.886048 3.987579 1.505790 -100000000000.000000
1.679344 2.435571 1.489081 9.191586 2.742382 1.135724 1.951962 4.028360 1.551316 -100000000000.000000
1.679344 3.849691 1.364618 7.952958 1.926604 1.490074 2.197689 4.096857 1.505790 -100000000000.000000
2.640406 3.849691 2.168110 9.694510 1.926604 1.490074 2.197689 3.987579 1.505790 -100000000000.000000
2.640406 3.849691 2.168110 9.694510 1.926604 1.490074 2.197689 3.987579 1.505790 -100000000000.000000
2.640406 3.849691 1.502159 9.694510 1.926604 1.365086 2.029048 4.235824 1.505790 -100000000000.000000
2.640406 3.650846 2.168110 8.013866 2.511793 1.490074 2.197689 3.987579 1.535269 -100000000000.000000
2.399765 2.612566 2.168110 8.304295 2.820971 1.004172 1.966315 3.987579 1.505790 -100000000000.000000
2.640406 3.849691 1.364618 9.694510 1.926604 1.169633 0.504120 4.076880 1.575819 -100000000000.000000
2.965276 4.608823 3.009629 9.252427 2.796823 1.490074 2.197689 6.023842 1.574701 -100000000000.000000
2.640406 3.849691 2.168110 9.694510 1.926604 1.004172 0.504120 3.987579 1.505790 -100000000000.000000
2.640406 2.612566 1.490007 9.694510 1.926604 1.004172 1.985441 6.023842 1.505790 -100000000000.000000
2.640406 3.849691 1.502159 8.013866 1.926604 1.490074 2.197689 3.987579 1.505790 -100000000000.000000
2.640406 3.849691 1.772828 8.904238 1.926604 1.490074 2.197689 4.058244 1.510610 -100000000000.000000
2.640406 3.849691 1.897441 8.804138 1.926604 1.490074 2.197689 4.165159 1.530449 -100000000000.000000
0.935815 1.751480 1.487214 7.952958 2.997528 1.231077 1.810620 4.096857 1.598768 -100000000000.000000
2.669096 3.500305 1.302271 9.694510 2.808703 1.037303 1.985441 3.987579 1.555364 -100000000000.000000
2.399765 2.612566 1.364618 8.304295 1.926604 1.169633 1.966315 3.987579 1.575819 -100000000000.000000
2.640406 3.849691 2.168110 9.694510 2.820971 1.490074 2.197689 4.076880 1.505790 -100000000000.000000
2.145728 3.682395 1.499366 8.472269 2.071810 1.356853 2.135334 4.174864 1.546640 -100000000000.000000
1.430493 1.918776 1.490007 9.236107 2.852322 1.170524 1.872975 4.048539 1.543993 -100000000000.000000
2.640406 3.849691 2.168110 9.694510 1.926604 1.490074 2.197689 3.987579 1.505790 1092.180000
2.640406 3.849691 2.168110 9.694510 1.926604 1.490074 2.197689 3.987579 1.505790 1092.180000
2.640406 3.849691 2.168110 9.694510 1.926604 1.490074 2.197689 3.987579 1.505790 1092.180000
2.399765 2.612566 1.364618 8.304295 2.820971 1.169633 1.966315 4.076880 1.575819 1070.120000
2.640406 3.723655 1.193372 9.191586 2.485199 1.231646 2.197689 3.987579 1.505790 -100000000000.000000
2.640406 3.849691 2.473609 9.356521 1.926604 1.231077 2.197689 3.987579 2.260010 -100000000000.000000
2.640406 3.849691 1.502159 8.013866 1.926604 1.490074 2.197689 4.235824 1.535269 1046.453333
0.935815 1.751480 1.487214 9.694510 2.997528 1.037303 1.810620 3.987579 1.555364 1038.820000
2.640406 3.650846 1.502159 8.013866 2.511793 1.365086 2.029048 4.235824 1.535269 986.373333
0.816572 1.870887 1.354106 9.694510 1.307190 1.101826 1.702902 3.987579 1.555364 960.080000
2.648731 3.723655 1.980668 9.356521 2.021894 1.363297 2.139731 3.996011 1.523951 957.100000
2.640406 3.500305 1.302271 7.952958 1.926604 1.231077 1.985441 3.987579 1.505790 955.800000
2.640406 3.849691 2.168110 9.694510 1.926604 1.490074 2.197689 3.987579 1.505790 954.066667
2.640406 3.849691 2.168110 9.694510 1.926604 1.004172 2.197689 3.403265 1.505790 945.740000
3.593761 4.275929 1.353436 10.828318 1.522820 0.293177 1.958108 3.765606 1.573787 944.686667
2.640406 3.849691 2.168110 9.694510 1.926604 1.490074 2.197689 3.987579 1.505790 1092.180000
FILLING
0.816572 2.612566 1.364618 8.304295 2.820971 1.169633 1.702902 4.076880 1.555364 678.353333
2.640406 3.723655 1.354106 8.491754 1.926604 1.101826 2.197689 3.987579 1.505790 785.166667
2.399765 2.612566 1.364618 8.304295 2.820971 1.169633 1.702902 4.076880 1.575819 1135.540000
0.816572 1.870887 1.354106 9.694510 1.307190 1.101826 1.966315 3.987579 1.555364 686.493333
2.542651 2.759626 1.499899 8.491754 2.485199 1.139723 1.711664 4.065409 1.569374 874.666667
2.194520 4.480492 1.193372 8.349186 0.745835 1.034082 0.441644 3.999050 2.771872 842.193333
2.640406 1.870887 1.354106 9.694510 1.307190 1.490074 1.702902 3.987579 1.555364 594.480000
0.816572 3.849691 2.168110 9.694510 1.926604 1.101826 2.197689 3.987579 1.505790 475.106667
2.640406 3.500305 1.302271 9.694510 1.926604 1.490074 1.985441 3.987579 1.505790 785.486667
2.640406 3.111119 2.473609 9.680930 1.823092 1.585015 2.197689 1.989155 2.260010 583.640000
2.399765 3.849691 2.168110 8.304295 1.926604 1.004172 0.504120 3.987579 1.575819 628.800000
2.640406 2.612566 1.364618 9.694510 2.820971 1.169633 1.966315 4.076880 1.505790 715.466667
0.816572 3.849691 1.364618 8.013866 2.021894 0.293177 1.702902 3.987579 1.505790 667.340000
2.640406 3.849691 2.168110 9.694510 1.926604 1.231646 1.886048 3.987579 1.505790 885.826667
1.679344 2.435571 1.489081 9.191586 2.742382 1.135724 1.951962 4.028360 1.551316 498.880000
1.679344 3.849691 1.364618 7.952958 1.926604 1.490074 2.197689 4.096857 1.505790 553.873333
2.640406 3.849691 2.168110 9.694510 1.926604 1.490074 2.197689 3.987579 1.505790 970.480000
2.640406 3.849691 2.168110 9.694510 1.926604 1.490074 2.197689 3.987579 1.505790 459.173333
2.640406 3.849691 1.502159 9.694510 1.926604 1.365086 2.029048 4.235824 1.505790 536.400000
2.640406 3.650846 2.168110 8.013866 2.511793 1.490074 2.197689 3.987579 1.535269 750.593333
2.399765 2.612566 2.168110 8.304295 2.820971 1.004172 1.966315 3.987579 1.505790 522.566667
2.640406 3.849691 1.364618 9.694510 1.926604 1.169633 0.504120 4.076880 1.575819 795.753333
2.965276 4.608823 3.009629 9.252427 2.796823 1.490074 2.197689 6.023842 1.574701 810.813333
2.640406 3.849691 2.168110 9.694510 1.926604 1.004172 0.504120 3.987579 1.505790 929.053333
2.640406 2.612566 1.490007 9.694510 1.926604 1.004172 1.985441 6.023842 1.505790 713.180000
2.640406 3.849691 1.502159 8.013866 1.926604 1.490074 2.197689 3.987579 1.505790 1113.600000
2.640406 3.849691 1.772828 8.904238 1.926604 1.490074 2.197689 4.058244 1.510610 557.006667
2.640406 3.849691 1.897441 8.804138 1.926604 1.490074 2.197689 4.165159 1.530449 540.040000
0.935815 1.751480 1.487214 7.952958 2.997528 1.231077 1.810620 4.096857 1.598768 479.340000
2.669096 3.500305 1.302271 9.694510 2.808703 1.037303 1.985441 3.987579 1.555364 730.546667
2.399765 2.612566 1.364618 8.304295 1.926604 1.169633 1.966315 3.987579 1.575819 768.753333
2.640406 3.849691 2.168110 9.694510 2.820971 1.490074 2.197689 4.076880 1.505790 559.600000
2.145728 3.682395 1.499366 8.472269 2.071810 1.356853 2.135334 4.174864 1.546640 642.813333
1.430493 1.918776 1.490007 9.236107 2.852322 1.170524 1.872975 4.048539 1.543993 644.553333
2.640406 3.849691 2.168110 9.694510 1.926604 1.490074 2.197689 3.987579 1.505790 1092.180000
2.640406 3.849691 2.168110 9.694510 1.926604 1.490074 2.197689 3.987579 1.505790 1092.180000
2.640406 3.849691 2.168110 9.694510 1.926604 1.490074 2.197689 3.987579 1.505790 1092.180000
2.399765 2.612566 1.364618 8.304295 2.820971 1.169633 1.966315 4.076880 1.575819 1070.120000
2.640406 3.723655 1.193372 9.191586 2.485199 1.231646 2.197689 3.987579 1.505790 622.286667
2.640406 3.849691 2.473609 9.356521 1.926604 1.231077 2.197689 3.987579 2.260010 675.673333
2.640406 3.849691 1.502159 8.013866 1.926604 1.490074 2.197689 4.235824 1.535269 1046.453333
0.935815 1.751480 1.487214 9.694510 2.997528 1.037303 1.810620 3.987579 1.555364 1038.820000
2.640406 3.650846 1.502159 8.013866 2.511793 1.365086 2.029048 4.235824 1.535269 986.373333
0.816572 1.870887 1.354106 9.694510 1.307190 1.101826 1.702902 3.987579 1.555364 960.080000
2.648731 3.723655 1.980668 9.356521 2.021894 1.363297 2.139731 3.996011 1.523951 957.100000
2.640406 3.500305 1.302271 7.952958 1.926604 1.231077 1.985441 3.987579 1.505790 955.800000
2.640406 3.849691 2.168110 9.694510 1.926604 1.490074 2.197689 3.987579 1.505790 954.066667
2.640406 3.849691 2.168110 9.694510 1.926604 1.004172 2.197689 3.403265 1.505790 945.740000
3.593761 4.275929 1.353436 10.828318 1.522820 0.293177 1.958108 3.765606 1.573787 944.686667
2.640406 3.849691 2.168110 9.694510 1.926604 1.490074 2.197689 3.987579 1.505790 1092.180000
Gen 7 FITNESS 1135.540000 DIVERSITY 106.484880
 VILLAGER_LEADER F 1135.540000 2.399765 2.612566 1.364618 8.304295 2.820971 1.169633 1.702902 4.076880 1.575819 
GEN 8 NUM_GENOME 50 NUM_VILLAGE 1
2.486495 3.075021 1.442066 8.511185 2.636310 1.238602 1.874919 4.070185 1.550186 -100000000000.000000
0.816572 2.612566 1.454816 7.952958 1.926604 1.101826 2.107327 4.076880 1.505790 -100000000000.000000
2.640406 3.707416 2.075583 9.203296 1.926604 1.424342 2.146639 3.987579 1.505790 -100000000000.000000
2.640406 3.642580 1.394798 8.444172 1.926604 1.296809 2.036491 3.987579 1.505790 -100000000000.000000
2.640406 3.849691 1.502159 8.304295 2.820971 1.363297 1.702902 3.987579 1.508460 -100000000000.000000
3.199120 1.493663 1.869215 8.057581 2.744232 1.578429 0.259137 5.085567 1.526134 -100000000000.000000
2.640406 3.849691 2.168110 8.304295 2.074067 1.490074 2.197689 3.987579 1.505790 -100000000000.000000
2.640406 3.500305 1.502159 8.013866 1.926604 1.490074 2.197689 3.987579 1.505790 -100000000000.000000
3.593761 3.849691 1.502159 10.828318 1.522820 1.490074 1.958108 3.765606 1.505790 -100000000000.000000
2.640406 4.275929 1.353436 8.013866 1.926604 0.293177 2.197689 3.987579 1.573787 -100000000000.000000
2.124971 4.074356 1.277615 8.013866 1.926604 2.025870 3.296355 3.441261 2.146103 -100000000000.000000
3.041831 5.139588 0.427825 9.305774 3.334181 1.835525 3.230401 3.987579 1.093581 -100000000000.000000
2.005273 3.014938 1.364618 12.409466 3.531475 0.829058 2.100154 4.076880 1.458143 -100000000000.000000
2.399765 2.612566 1.364618 8.304295 2.820971 1.169633 1.702902 4.076880 1.575819 -100000000000.000000
2.640406 3.849691 1.684014 8.464306 1.926604 1.490074 2.197689 4.129220 1.532599 -100000000000.000000
2.640406 3.849691 1.986255 9.244070 1.926604 1.490074 2.197689 4.094183 1.508460 -100000000000.000000
2.640406 3.849691 2.168110 9.694510 1.926604 1.490074 1.702902 3.987579 1.535269 -100000000000.000000
2.640406 3.849691 2.168110 8.013866 1.926604 1.365086 2.197689 4.235824 1.535269 -100000000000.000000
2.648731 3.849691 1.980668 8.013866 1.926604 1.363297 2.197689 3.996011 1.505790 -100000000000.000000
2.640406 3.723655 1.502159 9.356521 2.021894 1.490074 2.139731 3.987579 1.523951 -100000000000.000000
2.640406 3.849691 2.168110 9.694510 1.926604 1.490074 2.197689 3.987579 1.505790 -100000000000.000000
2.640406 3.849691 2.168110 9.694510 1.926604 1.490074 2.197689 3.987579 1.505790 -100000000000.000000
2.640406 2.612566 2.168110 8.013866 2.820971 1.238602 0.259137 3.987579 1.505790 -100000000000.000000
2.598686 3.482338 1.966444 9.537796 2.194812 1.383120 2.061110 3.992998 1.525006 -100000000000.000000
2.640406 2.612566 1.364618 9.694510 2.820971 1.169633 1.702902 4.076880 1.575819 -100000000000.000000
1.134375 3.849691 2.573766 5.954788 2.142412 1.836092 2.965683 1.503286 2.112108 -100000000000.000000
2.413787 2.840011 1.411407 9.044384 2.732909 1.316854 1.759835 4.066465 1.548100 -100000000000.000000
2.640406 3.849691 1.487214 8.954421 2.820971 1.490074 2.197689 4.235824 1.505790 -100000000000.000000
2.552758 3.369343 1.452260 8.096366 2.074067 1.353845 2.171009 4.014153 1.519134 -100000000000.000000
2.487413 3.092914 1.414517 8.221795 2.673508 1.305862 1.729582 4.050306 1.562475 -100000000000.000000
0.816572 3.849691 1.354106 9.537796 1.926604 1.490074 2.197689 3.987579 1.505790 -100000000000.000000
2.640406 3.849691 2.168110 9.694510 1.926604 1.490074 2.197689 3.987579 1.505790 -100000000000.000000
2.640406 2.612566 1.502159 8.013866 2.820971 1.490074 1.702902 3.987579 1.505790 -100000000000.000000
2.399765 3.849691 1.364618 8.304295 1.926604 1.169633 2.197689 4.076880 1.575819 -100000000000.000000
2.204718 1.480729 0.146782 12.667802 2.536933 1.408717 1.895376 2.110537 1.287183 -100000000000.000000
2.640406 3.849691 1.502159 8.013866 1.926604 1.490074 2.197689 3.987579 1.505790 1113.600000
2.640406 3.849691 2.168110 9.694510 1.926604 1.490074 2.197689 3.987579 1.505790 1092.180000
2.640406 3.849691 2.168110 9.694510 1.926604 1.490074 2.197689 3.987579 1.505790 1092.180000
2.640406 3.849691 2.168110 9.694510 1.926604 1.490074 2.197689 3.987579 1.505790 1092.180000
0.399823 0.466387 1.647217 11.865368 0.267683 2.367311 1.184696 5.177413 1.505790 -100000000000.000000
2.399765 2.612566 1.364618 8.304295 2.820971 1.169633 1.966315 4.076880 1.575819 1070.120000
2.640406 3.849691 1.502159 8.013866 1.926604 1.490074 2.197689 4.235824 1.535269 1046.453333
0.935815 1.751480 1.487214 9.694510 2.997528 1.037303 1.810620 3.987579 1.555364 1038.820000
2.640406 3.650846 1.502159 8.013866 2.511793 1.365086 2.029048 4.235824 1.535269 986.373333
2.640406 3.849691 2.168110 9.694510 1.926604 1.490074 2.197689 3.987579 1.505790 970.480000
0.816572 1.870887 1.354106 9.694510 1.307190 1.101826 1.702902 3.987579 1.555364 960.080000
2.648731 3.723655 1.980668 9.356521 2.021894 1.363297 2.139731 3.996011 1.523951 957.100000
2.640406 3.500305 1.302271 7.952958 1.926604 1.231077 1.985441 3.987579 1.505790 955.800000
2.124971 3.723655 1.502159 8.304295 1.926604 1.037303 2.197689 4.076880 1.505790 -100000000000.000000
2.399765 2.612566 1.364618 8.304295 2.820971 1.169633 1.702902 4.076880 1.575819 1135.540000
FILLING
2.486495 3.075021 1.442066 8.511185 2.636310 1.238602 1.874919 4.070185 1.550186 742.626667
0.816572 2.612566 1.454816 7.952958 1.926604 1.101826 2.107327 4.076880 1.505790 614.413333
2.640406 3.707416 2.075583 9.203296 1.926604 1.424342 2.146639 3.987579 1.505790 649.940000
2.640406 3.642580 1.394798 8.444172 1.926604 1.296809 2.036491 3.987579 1.505790 544.640000
2.640406 3.849691 1.502159 8.304295 2.820971 1.363297 1.702902 3.987579 1.508460 945.913333
3.199120 1.493663 1.869215 8.057581 2.744232 1.578429 0.259137 5.085567 1.526134 534.666667
2.640406 3.849691 2.168110 8.304295 2.074067 1.490074 2.197689 3.987579 1.505790 701.066667
2.640406 3.500305 1.502159 8.013866 1.926604 1.490074 2.197689 3.987579 1.505790 1012.373333
3.593761 3.849691 1.502159 10.828318 1.522820 1.490074 1.958108 3.765606 1.505790 952.286667
2.640406 4.275929 1.353436 8.013866 1.926604 0.293177 2.197689 3.987579 1.573787 591.493333
2.124971 4.074356 1.277615 8.013866 1.926604 2.025870 3.296355 3.441261 2.146103 662.500000
3.041831 5.139588 0.427825 9.305774 3.334181 1.835525 3.230401 3.987579 1.093581 499.226667
2.005273 3.014938 1.364618 12.409466 3.531475 0.829058 2.100154 4.076880 1.458143 706.660000
2.399765 2.612566 1.364618 8.304295 2.820971 1.169633 1.702902 4.076880 1.575819 839.433333
2.640406 3.849691 1.684014 8.464306 1.926604 1.490074 2.197689 4.129220 1.532599 676.293333
2.640406 3.849691 1.986255 9.244070 1.926604 1.490074 2.197689 4.094183 1.508460 513.806667
2.640406 3.849691 2.168110 9.694510 1.926604 1.490074 1.702902 3.987579 1.535269 807.540000
2.640406 3.849691 2.168110 8.013866 1.926604 1.365086 2.197689 4.235824 1.535269 736.420000
2.648731 3.849691 1.980668 8.013866 1.926604 1.363297 2.197689 3.996011 1.505790 754.553333
2.640406 3.723655 1.502159 9.356521 2.021894 1.490074 2.139731 3.987579 1.523951 735.360000
2.640406 3.849691 2.168110 9.694510 1.926604 1.490074 2.197689 3.987579 1.505790 821.053333
2.640406 3.849691 2.168110 9.694510 1.926604 1.490074 2.197689 3.987579 1.505790 843.113333
2.640406 2.612566 2.168110 8.013866 2.820971 1.238602 0.259137 3.987579 1.505790 902.160000
2.598686 3.482338 1.966444 9.537796 2.194812 1.383120 2.061110 3.992998 1.525006 966.626667
2.640406 2.612566 1.364618 9.694510 2.820971 1.169633 1.702902 4.076880 1.575819 793.706667
1.134375 3.849691 2.573766 5.954788 2.142412 1.836092 2.965683 1.503286 2.112108 690.373333
2.413787 2.840011 1.411407 9.044384 2.732909 1.316854 1.759835 4.066465 1.548100 680.760000
2.640406 3.849691 1.487214 8.954421 2.820971 1.490074 2.197689 4.235824 1.505790 772.120000
2.552758 3.369343 1.452260 8.096366 2.074067 1.353845 2.171009 4.014153 1.519134 573.640000
2.487413 3.092914 1.414517 8.221795 2.673508 1.305862 1.729582 4.050306 1.562475 843.060000
0.816572 3.849691 1.354106 9.537796 1.926604 1.490074 2.197689 3.987579 1.505790 473.386667
2.640406 3.849691 2.168110 9.694510 1.926604 1.490074 2.197689 3.987579 1.505790 875.993333
2.640406 2.612566 1.502159 8.013866 2.820971 1.490074 1.702902 3.987579 1.505790 653.313333
2.399765 3.849691 1.364618 8.304295 1.926604 1.169633 2.197689 4.076880 1.575819 815.760000
2.204718 1.480729 0.146782 12.667802 2.536933 1.408717 1.895376 2.110537 1.287183 693.020000
2.640406 3.849691 1.502159 8.013866 1.926604 1.490074 2.197689 3.987579 1.505790 1113.600000
2.640406 3.849691 2.168110 9.694510 1.926604 1.490074 2.197689 3.987579 1.505790 1092.180000
2.640406 3.849691 2.168110 9.694510 1.926604 1.490074 2.197689 3.987579 1.505790 1092.180000
2.640406 3.849691 2.168110 9.694510 1.926604 1.490074 2.197689 3.987579 1.505790 1092.180000
0.399823 0.466387 1.647217 11.865368 0.267683 2.367311 1.184696 5.177413 1.505790 532.906667
2.399765 2.612566 1.364618 8.304295 2.820971 1.169633 1.966315 4.076880 1.575819 1070.120000
2.640406 3.849691 1.502159 8.013866 1.926604 1.490074 2.197689 4.235824 1.535269 1046.453333
0.935815 1.751480 1.487214 9.694510 2.997528 1.037303 1.810620 3.987579 1.555364 1038.820000
2.640406 3.650846 1.502159 8.013866 2.511793 1.365086 2.029048 4.235824 1.535269 986.373333
2.640406 3.849691 2.168110 9.694510 1.926604 1.490074 2.197689 3.987579 1.505790 970.480000
0.816572 1.870887 1.354106 9.694510 1.307190 1.101826 1.702902 3.987579 1.555364 960.080000
2.648731 3.723655 1.980668 9.356521 2.021894 1.363297 2.139731 3.996011 1.523951 957.100000
2.640406 3.500305 1.302271 7.952958 1.926604 1.231077 1.985441 3.987579 1.505790 955.800000
2.124971 3.723655 1.502159 8.304295 1.926604 1.037303 2.197689 4.076880 1.505790 543.833333
2.399765 2.612566 1.364618 8.304295 2.820971 1.169633 1.702902 4.076880 1.575819 1135.540000
Gen 8 FITNESS 1135.540000 DIVERSITY 119.099517
 VILLAGER_LEADER F 1135.540000 2.399765 2.612566 1.364618 8.304295 2.820971 1.169633 1.702902 4.076880 1.575819 
GEN 9 NUM_GENOME 50 NUM_VILLAGE 1
2.640406 3.849691 2.168110 9.694510 1.926604 1.490074 2.197689 3.987579 1.505790 -100000000000.000000
2.640406 3.849691 2.168110 9.694510 1.926604 1.490074 2.197689 3.987579 1.505790 -100000000000.000000
2.399765 2.612566 1.364618 8.304295 2.820971 1.169633 1.827581 4.076880 1.575819 -100000000000.000000
2.399765 2.612566 1.364618 8.304295 2.820971 1.169633 1.841636 4.076880 1.575819 -100000000000.000000
2.541921 3.601248 1.939587 9.410514 2.011282 1.451731 1.967235 4.012923 1.520476 -100000000000.000000
2.498250 2.861009 1.593141 8.588291 2.736293 1.207976 1.933356 4.051536 1.561133 -100000000000.000000
2.861183 4.841087 2.024507 9.580116 3.345640 1.241845 2.528427 3.101520 2.496871 -100000000000.000000
2.640406 3.849691 1.770511 9.281743 1.926604 1.490074 2.197689 3.987579 1.505790 -100000000000.000000
2.399765 3.849691 1.364618 8.304295 1.926604 1.490074 1.966315 4.235824 1.575819 -100000000000.000000
2.640406 2.612566 1.502159 8.013866 2.820971 1.169633 2.197689 4.076880 1.535269 -100000000000.000000
3.442825 3.946096 2.069328 14.996233 2.820971 1.469900 1.980088 2.794958 1.167628 -100000000000.000000
2.399765 2.612566 1.364618 8.304295 2.820971 1.169633 1.702902 4.076880 1.575819 -100000000000.000000
2.399765 3.500305 1.364618 8.304295 2.820971 1.490074 1.702902 3.987579 1.505790 -100000000000.000000
2.640406 2.612566 1.502159 8.013866 1.926604 1.169633 2.197689 4.076880 1.575819 -100000000000.000000
2.640406 3.849691 2.168110 8.013866 1.926604 1.490074 2.197689 3.987579 1.505790 -100000000000.000000
2.640406 3.849691 1.502159 9.694510 1.926604 1.490074 2.197689 3.987579 1.505790 -100000000000.000000
2.640406 3.849691 1.354106 8.013866 1.926604 1.101826 2.197689 3.987579 1.505790 -100000000000.000000
1.000153 2.206823 1.871476 10.108924 1.307190 1.158642 1.864112 3.739976 1.946415 -100000000000.000000
2.640406 2.612566 2.168110 8.304295 1.926604 1.490074 1.702902 4.076880 1.505790 -100000000000.000000
2.399765 3.849691 1.364618 9.694510 2.820971 1.169633 2.197689 3.987579 1.575819 -100000000000.000000
1.000153 3.946096 1.364618 14.996233 2.820971 1.490074 2.139731 3.987579 1.505790 -100000000000.000000
2.640406 2.612566 1.364618 8.304295 2.820971 1.490074 2.197689 3.987579 1.505790 -100000000000.000000
2.640406 3.849691 2.168110 9.694510 1.926604 1.490074 2.197689 3.987579 1.505790 -100000000000.000000
2.640406 3.849691 2.168110 9.694510 1.926604 1.490074 2.197689 3.987579 1.505790 -100000000000.000000
2.640406 3.650846 1.502159 9.694510 1.926604 1.490074 2.197689 4.235824 1.535269 -100000000000.000000
2.640406 3.849691 2.168110 8.013866 2.511793 1.365086 2.029048 3.987579 1.505790 -100000000000.000000
2.640406 2.612566 2.168110 8.304295 1.926604 1.490074 1.702902 4.076880 1.575819 -100000000000.000000
1.758385 3.679124 0.941240 13.432892 2.820971 1.169633 4.121862 5.598387 1.098484 -100000000000.000000
2.640406 3.849691 1.502159 8.013866 1.926604 1.490074 2.197689 3.987579 1.505790 -100000000000.000000
2.640406 3.849691 1.502159 8.013866 1.926604 1.490074 2.197689 3.987579 1.505790 -100000000000.000000
2.399765 3.500305 1.364618 8.304295 1.926604 1.490074 1.864112 4.235824 1.535269 -100000000000.000000
2.399765 2.612566 1.364618 8.304295 2.820971 1.169633 1.702902 4.076880 1.575819 -100000000000.000000
1.612783 2.428971 1.394946 8.458427 2.840383 1.148100 1.714068 4.071552 1.568167 -100000000000.000000
1.722797 1.935075 1.456886 9.540378 2.978116 1.058836 1.799454 3.992907 1.563016 -100000000000.000000
2.399765 2.612566 1.364618 8.304295 2.820971 1.169633 1.702902 4.076880 1.575819 1135.540000
2.640406 3.849691 1.502159 8.013866 1.926604 1.490074 2.197689 3.987579 1.505790 1113.600000
2.640406 3.849691 2.168110 9.694510 1.926604 1.490074 2.197689 3.987579 1.505790 1092.180000
2.640406 3.849691 2.168110 9.694510 1.926604 1.490074 2.197689 3.987579 1.505790 1092.180000
2.640406 3.849691 2.168110 9.694510 1.926604 1.490074 2.197689 3.987579 1.505790 1092.180000
2.399765 2.612566 1.364618 8.304295 2.820971 1.169633 1.966315 4.076880 1.575819 1070.120000
2.640406 3.849691 1.502159 8.013866 1.926604 1.490074 2.197689 4.235824 1.535269 1046.453333
1.040068 3.067750 1.487214 9.694510 3.256375 1.339258 1.425791 2.094293 1.555364 -100000000000.000000
2.640406 3.500305 1.502159 8.013866 1.926604 1.490074 2.197689 3.987579 1.505790 1012.373333
2.640406 3.650846 1.502159 8.013866 2.511793 1.365086 2.029048 4.235824 1.535269 986.373333
2.640406 3.849691 2.168110 9.694510 1.926604 1.490074 2.197689 3.987579 1.505790 970.480000
2.598686 3.482338 1.966444 9.537796 2.194812 1.383120 2.061110 3.992998 1.525006 966.626667
0.295637 1.607404 0.659552 7.328437 1.307190 1.233334 2.380876 3.334965 1.904283 -100000000000.000000
2.640406 3.849691 1.364618 10.108924 1.307190 1.169633 1.966315 3.987579 1.575819 -100000000000.000000
2.640406 3.500305 1.302271 7.952958 1.926604 1.231077 1.985441 3.987579 1.505790 955.800000
2.399765 2.612566 1.364618 8.304295 2.820971 1.169633 1.702902 4.076880 1.575819 1135.540000
FILLING
2.640406 3.849691 2.168110 9.694510 1.926604 1.490074 2.197689 3.987579 1.505790 760.766667
2.640406 3.849691 2.168110 9.694510 1.926604 1.490074 2.197689 3.987579 1.505790 729.786667
2.399765 2.612566 1.364618 8.304295 2.820971 1.169633 1.827581 4.076880 1.575819 953.700000
2.399765 2.612566 1.364618 8.304295 2.820971 1.169633 1.841636 4.076880 1.575819 697.880000
2.541921 3.601248 1.939587 9.410514 2.011282 1.451731 1.967235 4.012923 1.520476 629.700000
2.498250 2.861009 1.593141 8.588291 2.736293 1.207976 1.933356 4.051536 1.561133 876.126667
2.861183 4.841087 2.024507 9.580116 3.345640 1.241845 2.528427 3.101520 2.496871 711.960000
2.640406 3.849691 1.770511 9.281743 1.926604 1.490074 2.197689 3.987579 1.505790 820.826667
2.399765 3.849691 1.364618 8.304295 1.926604 1.490074 1.966315 4.235824 1.575819 764.826667
2.640406 2.612566 1.502159 8.013866 2.820971 1.169633 2.197689 4.076880 1.535269 707.073333
3.442825 3.946096 2.069328 14.996233 2.820971 1.469900 1.980088 2.794958 1.167628 557.240000
2.399765 2.612566 1.364618 8.304295 2.820971 1.169633 1.702902 4.076880 1.575819 1064.793333
2.399765 3.500305 1.364618 8.304295 2.820971 1.490074 1.702902 3.987579 1.505790 722.273333
2.640406 2.612566 1.502159 8.013866 1.926604 1.169633 2.197689 4.076880 1.575819 575.066667
2.640406 3.849691 2.168110 8.013866 1.926604 1.490074 2.197689 3.987579 1.505790 844.386667
2.640406 3.849691 1.502159 9.694510 1.926604 1.490074 2.197689 3.987579 1.505790 1010.966667
2.640406 3.849691 1.354106 8.013866 1.926604 1.101826 2.197689 3.987579 1.505790 719.246667
1.000153 2.206823 1.871476 10.108924 1.307190 1.158642 1.864112 3.739976 1.946415 643.086667
2.640406 2.612566 2.168110 8.304295 1.926604 1.490074 1.702902 4.076880 1.505790 625.340000
2.399765 3.849691 1.364618 9.694510 2.820971 1.169633 2.197689 3.987579 1.575819 939.346667
1.000153 3.946096 1.364618 14.996233 2.820971 1.490074 2.139731 3.987579 1.505790 556.580000
2.640406 2.612566 1.364618 8.304295 2.820971 1.490074 2.197689 3.987579 1.505790 996.220000
2.640406 3.849691 2.168110 9.694510 1.926604 1.490074 2.197689 3.987579 1.505790 874.726667
2.640406 3.849691 2.168110 9.694510 1.926604 1.490074 2.197689 3.987579 1.505790 878.253333
2.640406 3.650846 1.502159 9.694510 1.926604 1.490074 2.197689 4.235824 1.535269 754.113333
2.640406 3.849691 2.168110 8.013866 2.511793 1.365086 2.029048 3.987579 1.505790 465.480000
2.640406 2.612566 2.168110 8.304295 1.926604 1.490074 1.702902 4.076880 1.575819 576.613333
1.758385 3.679124 0.941240 13.432892 2.820971 1.169633 4.121862 5.598387 1.098484 533.173333
2.640406 3.849691 1.502159 8.013866 1.926604 1.490074 2.197689 3.987579 1.505790 1103.380000
2.640406 3.849691 1.502159 8.013866 1.926604 1.490074 2.197689 3.987579 1.505790 604.400000
2.399765 3.500305 1.364618 8.304295 1.926604 1.490074 1.864112 4.235824 1.535269 768.960000
2.399765 2.612566 1.364618 8.304295 2.820971 1.169633 1.702902 4.076880 1.575819 929.513333
1.612783 2.428971 1.394946 8.458427 2.840383 1.148100 1.714068 4.071552 1.568167 848.820000
1.722797 1.935075 1.456886 9.540378 2.978116 1.058836 1.799454 3.992907 1.563016 685.580000
2.399765 2.612566 1.364618 8.304295 2.820971 1.169633 1.702902 4.076880 1.575819 1135.540000
2.640406 3.849691 1.502159 8.013866 1.926604 1.490074 2.197689 3.987579 1.505790 1113.600000
2.640406 3.849691 2.168110 9.694510 1.926604 1.490074 2.197689 3.987579 1.505790 1092.180000
2.640406 3.849691 2.168110 9.694510 1.926604 1.490074 2.197689 3.987579 1.505790 1092.180000
2.640406 3.849691 2.168110 9.694510 1.926604 1.490074 2.197689 3.987579 1.505790 1092.180000
2.399765 2.612566 1.364618 8.304295 2.820971 1.169633 1.966315 4.076880 1.575819 1070.120000
2.640406 3.849691 1.502159 8.013866 1.926604 1.490074 2.197689 4.235824 1.535269 1046.453333
1.040068 3.067750 1.487214 9.694510 3.256375 1.339258 1.425791 2.094293 1.555364 584.140000
2.640406 3.500305 1.502159 8.013866 1.926604 1.490074 2.197689 3.987579 1.505790 1012.373333
2.640406 3.650846 1.502159 8.013866 2.511793 1.365086 2.029048 4.235824 1.535269 986.373333
2.640406 3.849691 2.168110 9.694510 1.926604 1.490074 2.197689 3.987579 1.505790 970.480000
2.598686 3.482338 1.966444 9.537796 2.194812 1.383120 2.061110 3.992998 1.525006 966.626667
0.295637 1.607404 0.659552 7.328437 1.307190 1.233334 2.380876 3.334965 1.904283 452.993333
2.640406 3.849691 1.364618 10.108924 1.307190 1.169633 1.966315 3.987579 1.575819 1039.220000
2.640406 3.500305 1.302271 7.952958 1.926604 1.231077 1.985441 3.987579 1.505790 955.800000
2.399765 2.612566 1.364618 8.304295 2.820971 1.169633 1.702902 4.076880 1.575819 1135.540000
Gen 9 FITNESS 1135.540000 DIVERSITY 109.931646
 VILLAGER_LEADER F 1135.540000 2.399765 2.612566 1.364618 8.304295 2.820971 1.169633 1.702902 4.076880 1.575819 
END_OF_AN_ERA
