CHECKSUM 2899443368
GEN 0 NUM_GENOME 51 NUM_VILLAGE 3
2.667928 4.015625 2.938169 4.209723 2.883450 2.317310 2.460921 2.036225 2.835658 13.417158 -100000000000.000000
0.096133 1.299783 1.640370 3.090609 1.925138 2.108905 1.458571 1.421216 0.252693 15.933103 -100000000000.000000
0.324564 1.636708 0.457930 3.840754 1.595264 0.676257 1.066103 2.053804 0.851466 5.103916 -100000000000.000000
2.497177 0.685751 3.451949 3.986023 1.106906 0.468657 2.771599 2.592151 2.688986 0.905789 -100000000000.000000
1.821802 1.316568 4.343699 0.338450 1.289377 1.535792 2.451460 1.994659 1.136570 4.190802 -100000000000.000000
1.406751 4.527573 4.483169 6.855678 1.418287 2.118238 2.175573 1.863491 4.146916 3.993652 -100000000000.000000
3.126164 2.804193 4.901273 9.549242 0.291971 1.785690 2.623585 2.265358 8.192755 14.079409 -100000000000.000000
2.967009 0.817133 4.002045 1.622974 2.448927 1.313825 2.461043 2.485763 8.065859 19.716788 -100000000000.000000
1.356395 3.211158 2.887204 9.377728 2.786493 1.466369 1.261971 1.457045 7.050142 11.358379 -100000000000.000000
2.219459 4.481491 4.574572 3.814814 2.894345 0.552919 2.833613 1.792261 15.790582 9.109165 -100000000000.000000
4.099246 2.193670 4.590747 5.553148 2.001129 0.329743 1.349315 2.705313 9.807794 3.167821 -100000000000.000000
0.705588 2.704550 1.721091 2.872707 2.449934 1.181088 2.780511 2.849849 2.253914 13.274941 -100000000000.000000
4.865108 3.704794 2.196875 5.690786 0.927549 2.035118 1.976897 2.522263 17.412763 7.105930 -100000000000.000000
3.434419 3.547634 3.031460 9.870401 2.018959 1.290854 1.208662 2.587026 11.348648 5.045196 5994.048000
3.434419 3.547634 3.031460 9.870401 2.018959 1.290854 1.208662 2.587026 11.348648 5.045196 5994.048000
3.434419 3.547634 3.031460 9.870401 2.018959 1.290854 1.208662 2.587026 11.348648 5.045196 5994.048000
3.434419 3.547634 2.350478 12.395545 2.122076 1.429462 1.208662 2.809597 9.943627 4.678477 5994.016000
2.163915 0.963622 1.433912 3.296915 1.156713 1.807175 2.644032 1.988006 2.931242 16.046632 -100000000000.000000
1.719260 3.227485 2.716758 1.969359 1.285897 2.399759 2.638966 1.164129 11.987548 9.294717 -100000000000.000000
4.602344 4.934538 0.087588 1.434370 2.667196 1.293750 1.714316 1.770531 17.872555 16.369518 -100000000000.000000
3.619495 1.891232 1.260567 7.734916 0.957213 0.822355 2.327921 2.596240 14.025025 6.240425 -100000000000.000000
4.530473 0.920591 3.773309 5.725578 2.398572 1.993289 1.655049 1.969634 5.629566 1.040071 -100000000000.000000
1.485946 1.379437 1.940367 8.339488 2.602100 2.498590 1.742393 1.118107 13.754753 6.103702 -100000000000.000000
1.630146 4.966430 1.587268 3.216346 0.045412 1.197269 2.072237 2.107700 14.899014 18.419752 -100000000000.000000
3.543504 1.035035 2.179174 1.535997 1.682150 2.146303 1.921293 2.711905 9.002472 15.014496 -100000000000.000000
4.647969 3.306070 4.907376 0.158391 2.416974 1.668664 2.041414 2.127354 6.668905 3.746452 -100000000000.000000
1.958525 1.069063 3.709983 7.730949 1.606433 0.461541 1.616108 2.174718 12.843959 4.040040 -100000000000.000000
1.787774 4.307993 2.184973 9.498276 2.069613 0.624424 2.403485 2.752861 8.712973 16.680197 -100000000000.000000
0.309458 3.278451 1.046022 5.416730 0.217536 2.221299 2.714103 2.099887 11.378887 2.457350 -100000000000.000000
1.388897 4.569231 1.288339 3.076266 2.703635 1.238829 2.642994 2.105625 11.219581 1.692557 -100000000000.000000
3.434419 3.547634 3.031460 9.870401 2.018959 1.290854 1.208662 2.587026 11.348648 5.045196 5994.048000
3.434419 3.547634 3.031460 9.870401 2.018959 1.290854 1.208662 2.587026 11.348648 5.045196 5994.048000
3.434419 3.547634 3.031460 9.870401 2.018959 1.290854 1.208662 2.587026 11.348648 5.045196 5994.048000
3.434419 3.547634 2.350478 12.395545 2.122076 1.429462 1.208662 2.809597 9.943627 4.678477 5994.016000
3.916288 3.181402 0.702383 2.090213 1.340373 1.053185 2.024384 2.767571 4.925321 12.925810 -100000000000.000000
1.166112 4.316233 3.923154 1.345561 1.791650 1.634959 1.160772 2.136448 11.381085 11.941893 -100000000000.000000
2.562487 4.972991 1.950896 5.972472 1.608264 0.991684 2.740593 1.008423 4.956633 14.204535 -100000000000.000000
1.797693 4.768670 4.166845 8.421888 1.409040 1.033982 2.753899 1.435804 11.754631 7.235939 -100000000000.000000
2.643361 3.211310 2.389752 8.843043 0.288583 0.637516 1.890835 1.102237 12.083682 7.036958 -100000000000.000000
3.138981 2.622913 0.643788 5.276345 2.733299 2.230497 2.114597 1.986419 2.198981 6.737266 -100000000000.000000
3.266091 2.636647 4.108554 5.297708 0.324656 1.040629 1.089175 1.774133 9.407331 8.819849 -100000000000.000000
3.844417 4.310129 4.376202 8.889737 1.182806 1.662151 1.161809 2.419111 0.213141 7.009491 -100000000000.000000
3.339030 0.033265 3.730430 8.746605 0.312662 0.524787 2.900204 2.351299 14.541948 12.686544 -100000000000.000000
2.679830 0.186010 1.837062 0.170904 0.662954 1.244334 1.017029 1.335459 17.478133 6.043275 -100000000000.000000
4.176458 4.536882 2.112491 9.462569 2.634053 2.373171 2.128819 2.141942 8.626179 16.630757 -100000000000.000000
2.304147 1.309854 0.243080 8.463698 0.888089 2.435813 2.436995 1.259163 9.415021 3.883175 -100000000000.000000
4.653310 0.296182 1.985534 4.990997 1.459578 0.792209 2.349590 2.099643 1.640309 18.295846 -100000000000.000000
3.434419 3.547634 3.031460 9.870401 2.018959 1.290854 1.208662 2.587026 11.348648 5.045196 5994.048000
3.434419 3.547634 3.031460 9.870401 2.018959 1.290854 1.208662 2.587026 11.348648 5.045196 5994.048000
3.434419 3.547634 3.031460 9.870401 2.018959 1.290854 1.208662 2.587026 11.348648 5.045196 5994.048000
3.434419 3.547634 2.350478 12.395545 2.122076 1.429462 1.208662 2.809597 9.943627 4.678477 5994.016000
FILLING
2.667928 4.015625 2.938169 4.209723 2.883450 2.317310 2.460921 2.036225 2.835658 13.417158 387.968000
0.096133 1.299783 1.640370 3.090609 1.925138 2.108905 1.458571 1.421216 0.252693 15.933103 50.000000
0.324564 1.636708 0.457930 3.840754 1.595264 0.676257 1.066103 2.053804 0.851466 5.103916 50.000000
2.497177 0.685751 3.451949 3.986023 1.106906 0.468657 2.771599 2.592151 2.688986 0.905789 5991.232000
1.821802 1.316568 4.343699 0.338450 1.289377 1.535792 2.451460 1.994659 1.136570 4.190802 5993.600000
1.406751 4.527573 4.483169 6.855678 1.418287 2.118238 2.175573 1.863491 4.146916 3.993652 5993.696000
3.126164 2.804193 4.901273 9.549242 0.291971 1.785690 2.623585 2.265358 8.192755 14.079409 5992.992000
2.967009 0.817133 4.002045 1.622974 2.448927 1.313825 2.461043 2.485763 8.065859 19.716788 5993.664000
1.356395 3.211158 2.887204 9.377728 2.786493 1.466369 1.261971 1.457045 7.050142 11.358379 5992.128000
2.219459 4.481491 4.574572 3.814814 2.894345 0.552919 2.833613 1.792261 15.790582 9.109165 5992.320000
4.099246 2.193670 4.590747 5.553148 2.001129 0.329743 1.349315 2.705313 9.807794 3.167821 5993.568000
