CHECKSUM 999997590
GEN 0 NUM_GENOME 51 NUM_VILLAGE 3
4.127323 1.718039 0.740074 4.035768 2.680746 1.101056 2.748421 4.305094 2.644032 4.973296 1.125217 2.296518 17.946715 -100000000000.000000
4.853969 2.977996 2.507401 9.950560 2.171606 2.233988 4.900159 3.742714 2.134471 24.854579 1.275369 35.175634 9.027985 -100000000000.000000
2.973876 3.823969 3.352611 5.572375 0.096500 2.195853 1.088336 4.943968 0.609742 2.211066 11.264992 41.601306 3.663442 -100000000000.000000
0.245521 4.741508 2.467879 4.277474 1.560839 0.833433 2.846065 2.812967 0.439503 11.443525 17.828608 37.853633 2.832118 -100000000000.000000
0.193945 3.431806 3.756829 9.586779 1.061678 2.377804 4.375820 2.723426 1.918418 9.319437 14.388867 20.583209 15.144505 -100000000000.000000
2.099826 2.299875 1.879330 6.586810 2.412854 1.683636 1.129261 4.304682 2.823582 23.540757 5.236061 40.383618 2.649617 -100000000000.000000
0.442213 0.599689 3.773156 8.813135 0.763207 2.147847 3.091479 3.064287 1.501144 10.851161 4.412976 9.918516 5.534227 -100000000000.000000
2.407910 3.192999 0.394604 8.455153 0.953093 2.459246 0.775079 1.279641 1.896994 4.459670 9.431135 49.327067 18.374584 -100000000000.000000
2.033143 0.991241 1.153142 8.917814 0.581011 0.853911 1.519150 1.552522 2.411005 24.996490 26.289254 40.366832 7.559435 -100000000000.000000
2.207556 4.121677 3.778954 8.207648 0.751579 2.454009 3.035173 2.882870 2.696686 9.085971 9.315775 43.064669 19.748527 -100000000000.000000
1.376385 4.541765 2.661061 5.520493 2.810846 1.604813 1.669805 3.424650 2.781887 13.838618 8.480789 24.146245 7.335429 -100000000000.000000
1.636708 4.557787 1.772668 1.590014 2.053957 1.999399 3.061129 2.013138 0.438432 26.807459 23.837397 6.877346 9.639576 -100000000000.000000
1.474502 4.593799 2.780541 5.271157 0.707450 2.349269 4.181631 2.391903 2.398810 25.895566 20.769372 38.821070 16.296884 -100000000000.000000
0.740665 3.244140 3.428983 6.785288 1.054822 0.763389 2.610652 3.671522 1.060914 12.760097 11.402879 15.362371 6.955252 -100000000000.000000
0.740665 3.244140 3.428983 6.785288 1.054822 0.763389 2.610652 3.671522 1.060914 12.760097 11.402879 15.362371 6.955252 -100000000000.000000
0.740665 3.244140 3.428983 6.785288 1.054822 0.763389 2.610652 3.671522 1.060914 12.760097 11.402879 15.362371 6.955252 -100000000000.000000
0.740665 3.244140 3.428983 6.785288 1.054822 0.763389 2.610652 3.671522 1.060914 12.760097 11.402879 15.362371 6.955252 -100000000000.000000
1.556444 0.175939 2.893002 2.379528 1.757866 1.354512 3.831706 2.180822 0.316315 20.107425 0.571306 18.399609 7.535630 -100000000000.000000
4.792169 2.824488 3.328349 1.802728 2.857814 2.249229 1.574084 2.796350 2.570119 15.319987 21.763665 14.111759 17.700125 -100000000000.000000
0.639973 0.666372 3.749809 9.960326 1.465529 0.876269 4.371700 4.076022 2.583139 15.122227 14.313791 3.267006 4.386731 -100000000000.000000
0.893582 0.024262 0.044252 2.638936 0.163427 1.278643 1.399258 0.587619 0.889407 12.414930 19.674368 16.521195 18.922086 -100000000000.000000
0.783563 4.618824 1.053346 7.317728 0.254524 1.598837 4.719016 1.087649 2.651448 3.682363 4.661092 28.661458 12.628559 -100000000000.000000
2.224647 3.851283 4.034394 2.289499 0.471877 2.317042 1.037248 1.508850 2.473464 23.364971 0.091556 25.492111 2.016663 -100000000000.000000
2.721030 2.070223 0.787530 5.102390 0.829218 0.923804 2.788797 0.963912 2.953691 13.129978 1.223182 4.002503 13.235878 -100000000000.000000
2.905210 0.203101 4.392071 6.093020 1.505631 1.652751 1.690405 3.951186 0.714225 2.105777 9.567553 19.582202 15.380108 -100000000000.000000
0.968047 3.599963 4.148228 6.661275 1.393750 0.812485 3.535066 4.535127 2.270843 24.300668 2.741173 19.940794 7.458724 -100000000000.000000
1.040986 2.945494 4.036073 5.076449 1.593158 0.343373 3.099307 1.535630 1.920396 2.664266 17.467879 22.876675 11.266823 -100000000000.000000
0.780663 4.160588 1.929228 6.451613 1.826807 1.361092 0.944960 2.509323 1.889084 23.319193 10.744957 34.946745 7.038179 -100000000000.000000
0.456252 0.529954 4.403058 0.490432 2.162358 1.868072 3.198462 1.389645 1.881585 14.981231 4.546648 31.832331 9.892270 -100000000000.000000
2.833186 0.781884 1.193426 1.301004 1.386883 1.801199 1.241188 2.355922 2.236399 22.867824 28.199103 19.765313 15.642567 -100000000000.000000
0.740665 3.244140 3.428983 6.785288 1.054822 0.763389 2.610652 3.671522 1.060914 12.760097 11.402879 15.362371 6.955252 -100000000000.000000
0.740665 3.244140 3.428983 6.785288 1.054822 0.763389 2.610652 3.671522 1.060914 12.760097 11.402879 15.362371 6.955252 -100000000000.000000
0.740665 3.244140 3.428983 6.785288 1.054822 0.763389 2.610652 3.671522 1.060914 12.760097 11.402879 15.362371 6.955252 -100000000000.000000
0.740665 3.244140 3.428983 6.785288 1.054822 0.763389 2.610652 3.671522 1.060914 12.760097 11.402879 15.362371 6.955252 -100000000000.000000
3.542131 0.669118 1.757561 3.959166 0.398450 2.333827 1.418348 4.625492 0.512345 9.879757 28.791467 32.374035 3.385113 -100000000000.000000
1.915494 1.499985 3.430738 1.811274 0.131932 2.472607 2.000916 4.760491 0.596805 7.268593 17.651906 49.697867 18.514969 -100000000000.000000
3.726463 3.808557 4.138462 1.623890 1.275643 1.931385 1.673650 2.525803 2.149138 28.182623 20.997345 7.312235 4.453871 -100000000000.000000
2.248146 3.960692 0.091861 1.069674 1.358226 1.048350 1.066912 1.659780 1.364772 26.715903 20.386670 49.658193 19.411603 -100000000000.000000
4.511093 0.799280 3.985260 4.513688 2.704917 1.352632 4.832179 2.179312 1.731370 13.800165 8.116398 6.584368 17.803278 -100000000000.000000
2.142094 1.773736 2.532121 0.967132 0.533036 2.315027 3.416684 2.481170 0.593426 13.061312 16.813257 3.332621 16.267586 -100000000000.000000
2.740257 3.033387 2.908414 8.872646 2.188543 0.461943 2.681814 1.633824 1.525040 9.687490 25.207984 38.424329 9.560839 -100000000000.000000
2.808161 0.447859 2.114628 4.109928 2.290262 1.210697 4.395596 1.489349 2.381918 16.532182 17.562181 41.688284 2.243721 -100000000000.000000
2.367168 2.494430 2.493973 5.586718 2.503220 0.824503 0.686087 4.829295 1.887271 27.522507 20.874660 19.748527 13.762627 -100000000000.000000
3.280129 3.265328 0.654927 2.758873 1.942808 2.468981 2.719718 1.657720 0.428132 3.226417 3.111057 34.060183 9.306925 -100000000000.000000
2.100131 2.818537 4.109775 3.422956 0.922605 0.515253 2.179998 4.972671 0.657698 5.756096 19.806207 30.030213 7.785272 -100000000000.000000
3.778039 1.368145 4.632557 6.726585 2.529038 0.380636 0.716300 3.276330 1.541603 21.174963 26.216010 23.100986 9.813532 -100000000000.000000
1.578417 3.681143 2.012391 2.758568 1.715751 2.141469 2.194006 4.418806 0.838978 24.827113 13.495285 25.876644 13.058870 -100000000000.000000
0.740665 3.244140 3.428983 6.785288 1.054822 0.763389 2.610652 3.671522 1.060914 12.760097 11.402879 15.362371 6.955252 -100000000000.000000
0.740665 3.244140 3.428983 6.785288 1.054822 0.763389 2.610652 3.671522 1.060914 12.760097 11.402879 15.362371 6.955252 -100000000000.000000
0.740665 3.244140 3.428983 6.785288 1.054822 0.763389 2.610652 3.671522 1.060914 12.760097 11.402879 15.362371 6.955252 -100000000000.000000
0.740665 3.244140 3.428983 6.785288 1.054822 0.763389 2.610652 3.671522 1.060914 12.760097 11.402879 15.362371 6.955252 -100000000000.000000
FILLING
