CHECKSUM 3681646727
GEN 0 NUM_GENOME 51 NUM_VILLAGE 3
4.409772 0.224616 0.091861 1.087680 0.334452 2.198941 0.878765 1.520798 0.785583 -100000000000.000000
1.414075 1.365398 1.749016 6.427503 2.094058 1.883380 3.302973 4.623569 2.470251 -100000000000.000000
0.036470 3.954894 3.910489 7.076632 2.875118 1.293817 3.885403 2.556978 0.778085 -100000000000.000000
0.263222 1.018555 1.320994 5.003204 0.491104 1.806369 1.440184 0.557817 0.452687 -100000000000.000000
1.512803 3.511002 3.916288 1.217078 1.792016 1.377676 4.895627 1.196280 2.481045 -100000000000.000000
2.394940 2.508469 0.214240 9.366436 0.502915 2.157985 4.475249 2.843455 2.890985 -100000000000.000000
1.258431 0.323649 2.562334 1.448103 2.737236 1.052043 1.304086 4.222694 1.110898 -100000000000.000000
2.184362 2.119053 2.906735 3.293558 0.589434 1.273809 1.031480 2.661077 2.560396 -100000000000.000000
0.548418 3.711509 2.770623 3.095798 0.032868 2.239964 1.441282 1.909726 1.716950 -100000000000.000000
2.352672 4.685049 4.966277 8.574786 1.398877 1.695721 4.320612 2.481857 1.067556 -100000000000.000000
2.136143 4.441511 2.974029 4.282662 2.707297 1.522565 4.415510 0.949492 1.392624 -100000000000.000000
2.341227 4.813227 0.340587 5.533921 1.466079 1.665105 3.107410 3.366970 0.753859 -100000000000.000000
2.205267 2.951292 0.203253 0.886868 2.901578 0.527204 2.129597 1.122532 2.969677 -100000000000.000000
3.027515 1.903388 0.955832 2.363048 1.192003 1.474098 3.892265 5.002831 0.922422 -100000000000.000000
3.027515 1.903388 0.955832 2.363048 1.192003 1.474098 3.892265 5.002831 0.922422 -100000000000.000000
3.027515 1.903388 0.955832 2.363048 1.192003 1.474098 3.892265 5.002831 0.922422 -100000000000.000000
3.027515 1.903388 0.955832 2.363048 1.192003 1.474098 3.892265 5.002831 0.922422 -100000000000.000000
4.440443 1.876583 1.240883 4.553056 1.103885 1.387277 3.307505 4.578661 2.876482 -100000000000.000000
4.478744 0.014191 4.127628 6.086306 2.870357 2.429099 4.211020 4.621235 0.737626 -100000000000.000000
4.239937 0.322886 2.233955 1.391034 0.720817 2.099640 3.625294 4.891507 2.135542 -100000000000.000000
2.907193 1.815088 2.392651 4.928434 1.927244 0.941530 2.860073 2.129460 1.670559 -100000000000.000000
3.972594 0.836818 3.183691 0.989715 2.095065 1.731373 4.627827 1.054827 2.615934 -100000000000.000000
4.924772 4.736320 2.610858 4.309519 0.741050 1.054729 2.336146 3.633122 0.987628 -100000000000.000000
0.962096 1.965087 3.454237 7.758110 0.161321 1.876128 2.539125 4.667653 1.344832 -100000000000.000000
0.387127 0.748924 4.565722 9.468978 1.736991 2.211496 4.018342 1.270714 2.161663 -100000000000.000000
1.800287 1.593219 0.470443 6.280099 1.511216 1.993423 4.168310 0.858989 2.431687 -100000000000.000000
2.650380 0.290536 3.240608 5.858028 1.379101 2.163424 4.768593 2.668355 2.953279 -100000000000.000000
4.169286 3.761406 2.416150 6.260262 0.922056 0.485040 2.038133 1.192572 1.420063 -100000000000.000000
3.412122 4.011048 4.770806 6.281014 2.178106 0.399167 4.247414 4.931471 0.935469 -100000000000.000000
0.546892 4.364299 0.681021 0.534379 1.721427 1.431858 3.801492 4.160482 1.055361 -100000000000.000000
3.027515 1.903388 0.955832 2.363048 1.192003 1.474098 3.892265 5.002831 0.922422 -100000000000.000000
3.027515 1.903388 0.955832 2.363048 1.192003 1.474098 3.892265 5.002831 0.922422 -100000000000.000000
3.027515 1.903388 0.955832 2.363048 1.192003 1.474098 3.892265 5.002831 0.922422 -100000000000.000000
3.027515 1.903388 0.955832 2.363048 1.192003 1.474098 3.892265 5.002831 0.922422 -100000000000.000000
2.556078 0.913877 3.992126 3.764153 2.760125 0.958919 0.951552 2.611225 2.407791 -100000000000.000000
4.484085 4.920194 0.765099 6.405530 2.503861 2.196591 3.703848 3.118809 1.823081 -100000000000.000000
3.939634 1.327097 4.535051 6.968902 2.617115 0.616031 1.118137 3.341014 1.731864 -100000000000.000000
3.861812 2.423170 3.831904 9.637745 2.546251 1.284619 2.006546 4.043748 0.541844 -100000000000.000000
3.462630 1.933042 1.016572 3.330790 2.620869 2.399625 3.334696 1.737922 1.779904 -100000000000.000000
4.655446 0.966826 3.109073 8.442335 2.077303 2.468645 4.726707 0.665349 2.985086 -100000000000.000000
2.486343 4.909055 3.437757 1.777093 0.386273 2.015915 2.777947 1.441832 0.813517 -100000000000.000000
1.347392 2.941527 2.971435 2.920011 2.228187 0.709626 3.592334 2.907727 2.739039 -100000000000.000000
3.349254 2.177038 2.029176 8.059633 2.498825 0.487524 4.023698 2.577578 0.843098 -100000000000.000000
4.412214 4.806818 1.955321 4.986419 0.892758 0.519013 4.573992 4.679876 2.483764 -100000000000.000000
4.992370 1.987976 2.130650 7.716300 1.845210 1.235136 2.904294 2.339305 0.892538 -100000000000.000000
4.316843 0.341197 2.247536 6.006348 2.743645 0.774013 2.531571 1.521760 0.974197 -100000000000.000000
1.162603 1.672872 3.844874 0.677816 1.182623 0.651549 4.495300 2.081942 1.246364 -100000000000.000000
3.027515 1.903388 0.955832 2.363048 1.192003 1.474098 3.892265 5.002831 0.922422 -100000000000.000000
3.027515 1.903388 0.955832 2.363048 1.192003 1.474098 3.892265 5.002831 0.922422 -100000000000.000000
3.027515 1.903388 0.955832 2.363048 1.192003 1.474098 3.892265 5.002831 0.922422 -100000000000.000000
3.027515 1.903388 0.955832 2.363048 1.192003 1.474098 3.892265 5.002831 0.922422 -100000000000.000000
FILLING
4.409772 0.224616 0.091861 1.087680 0.334452 2.198941 0.878765 1.520798 0.785583 1226.000000
1.414075 1.365398 1.749016 6.427503 2.094058 1.883380 3.302973 4.623569 2.470251 1149.720000
0.036470 3.954894 3.910489 7.076632 2.875118 1.293817 3.885403 2.556978 0.778085 898.240000
0.263222 1.018555 1.320994 5.003204 0.491104 1.806369 1.440184 0.557817 0.452687 896.520000
1.512803 3.511002 3.916288 1.217078 1.792016 1.377676 4.895627 1.196280 2.481045 859.080000
2.394940 2.508469 0.214240 9.366436 0.502915 2.157985 4.475249 2.843455 2.890985 2105.160000
1.258431 0.323649 2.562334 1.448103 2.737236 1.052043 1.304086 4.222694 1.110898 898.240000
2.184362 2.119053 2.906735 3.293558 0.589434 1.273809 1.031480 2.661077 2.560396 1242.840000
0.548418 3.711509 2.770623 3.095798 0.032868 2.239964 1.441282 1.909726 1.716950 1212.560000
2.352672 4.685049 4.966277 8.574786 1.398877 1.695721 4.320612 2.481857 1.067556 1223.840000
2.136143 4.441511 2.974029 4.282662 2.707297 1.522565 4.415510 0.949492 1.392624 861.960000
2.341227 4.813227 0.340587 5.533921 1.466079 1.665105 3.107410 3.366970 0.753859 2135.040000
2.205267 2.951292 0.203253 0.886868 2.901578 0.527204 2.129597 1.122532 2.969677 909.960000
3.027515 1.903388 0.955832 2.363048 1.192003 1.474098 3.892265 5.002831 0.922422 812.800000
3.027515 1.903388 0.955832 2.363048 1.192003 1.474098 3.892265 5.002831 0.922422 2194.440000
3.027515 1.903388 0.955832 2.363048 1.192003 1.474098 3.892265 5.002831 0.922422 1165.080000
3.027515 1.903388 0.955832 2.363048 1.192003 1.474098 3.892265 5.002831 0.922422 2230.080000
4.440443 1.876583 1.240883 4.553056 1.103885 1.387277 3.307505 4.578661 2.876482 1196.760000
4.478744 0.014191 4.127628 6.086306 2.870357 2.429099 4.211020 4.621235 0.737626 1155.480000
4.239937 0.322886 2.233955 1.391034 0.720817 2.099640 3.625294 4.891507 2.135542 1155.480000
2.907193 1.815088 2.392651 4.928434 1.927244 0.941530 2.860073 2.129460 1.670559 888.840000
3.972594 0.836818 3.183691 0.989715 2.095065 1.731373 4.627827 1.054827 2.615934 900.360000
4.924772 4.736320 2.610858 4.309519 0.741050 1.054729 2.336146 3.633122 0.987628 900.360000
0.962096 1.965087 3.454237 7.758110 0.161321 1.876128 2.539125 4.667653 1.344832 1237.080000
0.387127 0.748924 4.565722 9.468978 1.736991 2.211496 4.018342 1.270714 2.161663 1230.800000
1.800287 1.593219 0.470443 6.280099 1.511216 1.993423 4.168310 0.858989 2.431687 904.200000
2.650380 0.290536 3.240608 5.858028 1.379101 2.163424 4.768593 2.668355 2.953279 892.680000
4.169286 3.761406 2.416150 6.260262 0.922056 0.485040 2.038133 1.192572 1.420063 891.720000
3.412122 4.011048 4.770806 6.281014 2.178106 0.399167 4.247414 4.931471 0.935469 1148.760000
0.546892 4.364299 0.681021 0.534379 1.721427 1.431858 3.801492 4.160482 1.055361 898.240000
3.027515 1.903388 0.955832 2.363048 1.192003 1.474098 3.892265 5.002831 0.922422 1191.200000
3.027515 1.903388 0.955832 2.363048 1.192003 1.474098 3.892265 5.002831 0.922422 1143.960000
3.027515 1.903388 0.955832 2.363048 1.192003 1.474098 3.892265 5.002831 0.922422 2153.160000
3.027515 1.903388 0.955832 2.363048 1.192003 1.474098 3.892265 5.002831 0.922422 2172.360000
2.556078 0.913877 3.992126 3.764153 2.760125 0.958919 0.951552 2.611225 2.407791 1156.440000
4.484085 4.920194 0.765099 6.405530 2.503861 2.196591 3.703848 3.118809 1.823081 2137.920000
3.939634 1.327097 4.535051 6.968902 2.617115 0.616031 1.118137 3.341014 1.731864 1182.360000
3.861812 2.423170 3.831904 9.637745 2.546251 1.284619 2.006546 4.043748 0.541844 900.360000
3.462630 1.933042 1.016572 3.330790 2.620869 2.399625 3.334696 1.737922 1.779904 1231.320000
4.655446 0.966826 3.109073 8.442335 2.077303 2.468645 4.726707 0.665349 2.985086 864.840000
2.486343 4.909055 3.437757 1.777093 0.386273 2.015915 2.777947 1.441832 0.813517 1159.320000
1.347392 2.941527 2.971435 2.920011 2.228187 0.709626 3.592334 2.907727 2.739039 1138.200000
3.349254 2.177038 2.029176 8.059633 2.498825 0.487524 4.023698 2.577578 0.843098 1070.160000
4.412214 4.806818 1.955321 4.986419 0.892758 0.519013 4.573992 4.679876 2.483764 2207.040000
4.992370 1.987976 2.130650 7.716300 1.845210 1.235136 2.904294 2.339305 0.892538 1157.400000
4.316843 0.341197 2.247536 6.006348 2.743645 0.774013 2.531571 1.521760 0.974197 1232.280000
1.162603 1.672872 3.844874 0.677816 1.182623 0.651549 4.495300 2.081942 1.246364 898.240000
3.027515 1.903388 0.955832 2.363048 1.192003 1.474098 3.892265 5.002831 0.922422 1229.840000
3.027515 1.903388 0.955832 2.363048 1.192003 1.474098 3.892265 5.002831 0.922422 1190.480000
3.027515 1.903388 0.955832 2.363048 1.192003 1.474098 3.892265 5.002831 0.922422 1054.280000
3.027515 1.903388 0.955832 2.363048 1.192003 1.474098 3.892265 5.002831 0.922422 1219.280000
Gen 0 FITNESS 2230.080000 DIVERSITY 109.561740
 VILLAGER_LEADER F 2230.080000 3.027515 1.903388 0.955832 2.363048 1.192003 1.474098 3.892265 5.002831 0.922422 
GEN 1 NUM_GENOME 50 NUM_VILLAGE 2
3.027515 1.903388 0.955832 2.363048 1.192003 1.474098 3.892265 5.002831 0.922422 -100000000000.000000
3.125293 1.903388 1.279921 2.667483 1.192003 1.724981 4.535566 5.717292 0.684460 -100000000000.000000
2.184362 2.119053 2.906735 3.293558 0.502915 2.157985 4.475249 2.661077 2.560396 -100000000000.000000
2.394940 2.508469 0.214240 9.366436 0.589434 1.273809 1.031480 2.843455 2.890985 -100000000000.000000
2.443499 2.076741 2.527938 3.091871 0.768717 1.375892 1.855884 2.908538 2.044179 -100000000000.000000
2.768378 1.945700 1.334629 2.564735 1.012720 1.372015 3.067861 4.755370 1.438639 -100000000000.000000
3.027515 1.903388 0.955832 9.366436 1.192003 2.157985 4.475249 5.002831 0.922422 -100000000000.000000
2.394940 2.508469 0.214240 2.363048 0.502915 1.474098 3.892265 2.843455 2.890985 -100000000000.000000
3.027515 1.903388 0.955832 2.363048 1.192003 1.474098 3.892265 5.002831 0.922422 -100000000000.000000
0.649367 2.267402 0.955832 1.451167 1.443233 1.474098 2.694352 4.465911 1.212403 -100000000000.000000
3.027515 1.903388 0.955832 2.363048 1.192003 1.474098 3.892265 5.002831 0.922422 -100000000000.000000
3.161848 2.962007 0.812137 4.165759 2.176677 1.225803 4.711229 5.002831 0.922422 -100000000000.000000
1.142707 2.678317 1.412756 4.792875 1.035182 1.700321 3.090224 4.352570 1.657806 -100000000000.000000
2.734254 3.643395 0.413352 4.651889 1.409271 1.613744 3.528322 4.181041 0.775808 -100000000000.000000
1.347392 2.177038 2.971435 8.059633 2.228187 0.709626 4.023698 2.907727 2.739039 -100000000000.000000
3.349254 2.941527 2.029176 2.920011 2.498825 0.487524 3.592334 2.577578 0.843098 -100000000000.000000
3.027515 1.903388 0.955832 2.363048 1.192003 1.474098 3.892265 5.002831 0.922422 2230.080000
3.027515 1.903388 0.955832 2.363048 1.192003 1.474098 3.892265 5.002831 0.922422 2194.440000
2.341227 4.813227 0.340587 5.533921 1.466079 1.665105 3.107410 3.366970 0.753859 2135.040000
2.394940 2.508469 0.214240 9.366436 0.502915 2.157985 4.475249 2.843455 2.890985 2105.160000
2.184362 2.119053 2.906735 3.293558 0.589434 1.273809 1.031480 2.661077 2.560396 1242.840000
4.409772 0.224616 0.091861 1.087680 0.334452 2.198941 0.878765 1.520798 0.785583 1226.000000
2.352672 4.685049 4.966277 8.574786 1.398877 1.695721 4.320612 2.481857 1.067556 1223.840000
0.548418 3.711509 2.770623 3.095798 0.032868 2.239964 1.441282 1.909726 1.716950 1212.560000
3.027515 1.903388 0.955832 2.363048 1.192003 1.474098 3.892265 5.002831 0.922422 2230.080000
4.033973 0.474471 1.901473 5.335797 2.708436 1.053061 2.741849 1.583655 1.206805 -100000000000.000000
3.745500 1.799768 1.362635 4.001341 2.656078 2.120577 3.124418 1.676027 1.547296 -100000000000.000000
4.405152 1.723459 1.465261 4.884827 1.930806 1.234411 3.204917 4.237669 2.479723 -100000000000.000000
4.352134 0.494321 2.023158 5.674577 1.916724 0.926879 2.634159 1.862752 1.370956 -100000000000.000000
3.604700 4.598092 1.699276 4.668039 0.921656 0.671925 4.476210 4.790528 1.590106 -100000000000.000000
3.835029 2.112114 1.211877 2.681428 1.163105 1.321186 3.990047 4.892179 1.816080 -100000000000.000000
3.027515 0.748924 0.955832 9.468978 1.192003 2.211496 3.892265 5.002831 0.922422 -100000000000.000000
0.387127 1.903388 4.565722 2.363048 1.736991 1.474098 4.018342 1.270714 2.161663 -100000000000.000000
3.167654 2.087237 1.351613 2.759860 1.078982 1.259087 4.248456 4.982317 1.380585 -100000000000.000000
4.272075 4.622969 1.559540 4.589607 1.005779 0.734024 4.217801 4.700390 2.025601 -100000000000.000000
4.606416 6.428219 2.631673 3.908753 1.184209 0.558394 6.483726 6.872176 1.769597 -100000000000.000000
3.192223 2.628125 1.068623 2.712464 1.146433 1.301387 4.272382 4.954873 1.357999 -100000000000.000000
3.027515 1.903388 0.955832 2.363048 1.192003 1.474098 3.892265 5.002831 0.922422 -100000000000.000000
3.027515 1.903388 0.955832 2.363048 1.192003 1.474098 3.892265 5.002831 0.922422 -100000000000.000000
4.311412 4.378343 1.833993 4.238117 0.918791 0.672030 4.396484 4.772527 1.936830 -100000000000.000000
4.032890 2.594978 1.974147 2.268740 1.345386 1.551865 3.068996 7.178912 0.935171 -100000000000.000000
4.412214 4.806818 1.955321 4.986419 0.892758 0.519013 4.573992 4.679876 2.483764 2207.040000
3.027515 1.903388 0.955832 2.363048 1.192003 1.474098 3.892265 5.002831 0.922422 2153.160000
3.745500 1.903388 2.631673 9.468978 1.192003 2.120577 2.539125 5.002831 1.936830 -100000000000.000000
0.962096 1.965087 3.454237 7.758110 0.161321 1.876128 2.539125 4.667653 1.344832 1237.080000
4.316843 0.341197 2.247536 6.006348 2.743645 0.774013 2.531571 1.521760 0.974197 1232.280000
3.462630 1.933042 1.016572 3.330790 2.620869 2.399625 3.334696 1.737922 1.779904 1231.320000
0.387127 0.748924 4.565722 9.468978 1.736991 2.211496 4.018342 1.270714 2.161663 1230.800000
3.027515 1.903388 0.955832 2.363048 1.192003 1.474098 3.892265 5.002831 0.922422 1229.840000
4.412214 4.806818 1.955321 4.986419 0.892758 0.519013 4.573992 4.679876 2.483764 2207.040000
FILLING
3.027515 1.903388 0.955832 2.363048 1.192003 1.474098 3.892265 5.002831 0.922422 1221.720000
3.125293 1.903388 1.279921 2.667483 1.192003 1.724981 4.535566 5.717292 0.684460 1219.280000
2.184362 2.119053 2.906735 3.293558 0.502915 2.157985 4.475249 2.661077 2.560396 1179.480000
2.394940 2.508469 0.214240 9.366436 0.589434 1.273809 1.031480 2.843455 2.890985 1198.160000
2.443499 2.076741 2.527938 3.091871 0.768717 1.375892 1.855884 2.908538 2.044179 1165.080000
2.768378 1.945700 1.334629 2.564735 1.012720 1.372015 3.067861 4.755370 1.438639 1146.840000
3.027515 1.903388 0.955832 9.366436 1.192003 2.157985 4.475249 5.002831 0.922422 863.880000
2.394940 2.508469 0.214240 2.363048 0.502915 1.474098 3.892265 2.843455 2.890985 1054.280000
3.027515 1.903388 0.955832 2.363048 1.192003 1.474098 3.892265 5.002831 0.922422 1137.240000
0.649367 2.267402 0.955832 1.451167 1.443233 1.474098 2.694352 4.465911 1.212403 898.240000
3.027515 1.903388 0.955832 2.363048 1.192003 1.474098 3.892265 5.002831 0.922422 915.520000
3.161848 2.962007 0.812137 4.165759 2.176677 1.225803 4.711229 5.002831 0.922422 2167.680000
1.142707 2.678317 1.412756 4.792875 1.035182 1.700321 3.090224 4.352570 1.657806 2091.720000
2.734254 3.643395 0.413352 4.651889 1.409271 1.613744 3.528322 4.181041 0.775808 2131.200000
1.347392 2.177038 2.971435 8.059633 2.228187 0.709626 4.023698 2.907727 2.739039 1157.000000
3.349254 2.941527 2.029176 2.920011 2.498825 0.487524 3.592334 2.577578 0.843098 2165.640000
3.027515 1.903388 0.955832 2.363048 1.192003 1.474098 3.892265 5.002831 0.922422 2230.080000
3.027515 1.903388 0.955832 2.363048 1.192003 1.474098 3.892265 5.002831 0.922422 2194.440000
2.341227 4.813227 0.340587 5.533921 1.466079 1.665105 3.107410 3.366970 0.753859 2135.040000
2.394940 2.508469 0.214240 9.366436 0.502915 2.157985 4.475249 2.843455 2.890985 2105.160000
2.184362 2.119053 2.906735 3.293558 0.589434 1.273809 1.031480 2.661077 2.560396 1242.840000
4.409772 0.224616 0.091861 1.087680 0.334452 2.198941 0.878765 1.520798 0.785583 1226.000000
2.352672 4.685049 4.966277 8.574786 1.398877 1.695721 4.320612 2.481857 1.067556 1223.840000
0.548418 3.711509 2.770623 3.095798 0.032868 2.239964 1.441282 1.909726 1.716950 1212.560000
3.027515 1.903388 0.955832 2.363048 1.192003 1.474098 3.892265 5.002831 0.922422 2230.080000
4.033973 0.474471 1.901473 5.335797 2.708436 1.053061 2.741849 1.583655 1.206805 1232.280000
3.745500 1.799768 1.362635 4.001341 2.656078 2.120577 3.124418 1.676027 1.547296 1237.080000
4.405152 1.723459 1.465261 4.884827 1.930806 1.234411 3.204917 4.237669 2.479723 823.360000
4.352134 0.494321 2.023158 5.674577 1.916724 0.926879 2.634159 1.862752 1.370956 1229.400000
3.604700 4.598092 1.699276 4.668039 0.921656 0.671925 4.476210 4.790528 1.590106 2184.000000
3.835029 2.112114 1.211877 2.681428 1.163105 1.321186 3.990047 4.892179 1.816080 889.800000
3.027515 0.748924 0.955832 9.468978 1.192003 2.211496 3.892265 5.002831 0.922422 1127.760000
0.387127 1.903388 4.565722 2.363048 1.736991 1.474098 4.018342 1.270714 2.161663 898.240000
3.167654 2.087237 1.351613 2.759860 1.078982 1.259087 4.248456 4.982317 1.380585 1147.800000
4.272075 4.622969 1.559540 4.589607 1.005779 0.734024 4.217801 4.700390 2.025601 1140.560000
4.606416 6.428219 2.631673 3.908753 1.184209 0.558394 6.483726 6.872176 1.769597 2140.800000
3.192223 2.628125 1.068623 2.712464 1.146433 1.301387 4.272382 4.954873 1.357999 2199.360000
3.027515 1.903388 0.955832 2.363048 1.192003 1.474098 3.892265 5.002831 0.922422 2159.880000
3.027515 1.903388 0.955832 2.363048 1.192003 1.474098 3.892265 5.002831 0.922422 1214.480000
4.311412 4.378343 1.833993 4.238117 0.918791 0.672030 4.396484 4.772527 1.936830 2173.840000
4.032890 2.594978 1.974147 2.268740 1.345386 1.551865 3.068996 7.178912 0.935171 1151.640000
4.412214 4.806818 1.955321 4.986419 0.892758 0.519013 4.573992 4.679876 2.483764 2207.040000
3.027515 1.903388 0.955832 2.363048 1.192003 1.474098 3.892265 5.002831 0.922422 2153.160000
3.745500 1.903388 2.631673 9.468978 1.192003 2.120577 2.539125 5.002831 1.936830 1086.480000
0.962096 1.965087 3.454237 7.758110 0.161321 1.876128 2.539125 4.667653 1.344832 1237.080000
4.316843 0.341197 2.247536 6.006348 2.743645 0.774013 2.531571 1.521760 0.974197 1232.280000
3.462630 1.933042 1.016572 3.330790 2.620869 2.399625 3.334696 1.737922 1.779904 1231.320000
0.387127 0.748924 4.565722 9.468978 1.736991 2.211496 4.018342 1.270714 2.161663 1230.800000
3.027515 1.903388 0.955832 2.363048 1.192003 1.474098 3.892265 5.002831 0.922422 1229.840000
4.412214 4.806818 1.955321 4.986419 0.892758 0.519013 4.573992 4.679876 2.483764 2207.040000
Gen 1 FITNESS 2230.080000 DIVERSITY 135.729320
 VILLAGER_LEADER F 2230.080000 3.027515 1.903388 0.955832 2.363048 1.192003 1.474098 3.892265 5.002831 0.922422 
GEN 2 NUM_GENOME 50 NUM_VILLAGE 1
4.394118 4.582346 1.947916 4.811473 0.904990 0.542202 4.506327 4.706725 2.320372 -100000000000.000000
4.329507 4.602816 1.841398 4.413063 0.906559 0.648841 4.464150 4.745677 2.100221 -100000000000.000000
3.389339 0.436467 3.608758 4.205181 3.221943 0.240745 1.521226 3.327600 1.054877 -100000000000.000000
3.161848 4.582346 1.955321 2.712464 1.192003 1.665105 3.892265 4.703316 0.922422 -100000000000.000000
3.225486 2.417303 1.389949 4.673151 1.192003 1.441181 3.892265 5.002831 2.483764 -100000000000.000000
3.027515 1.903388 0.955832 2.363048 1.192003 1.474098 3.892265 5.002831 0.922422 -100000000000.000000
3.161848 4.806818 1.955321 4.986419 2.176677 1.225803 4.573992 5.002831 0.922422 -100000000000.000000
4.412214 2.962007 0.812137 4.165759 0.892758 0.519013 4.711229 4.679876 2.483764 -100000000000.000000
3.343818 3.118449 1.255250 3.004375 1.099763 0.897744 4.357569 4.790676 1.464534 -100000000000.000000
4.260619 4.316494 1.768694 4.694508 0.939428 0.922657 4.488805 4.844073 2.377229 -100000000000.000000
4.606416 1.903388 1.389949 4.694508 0.912750 1.308725 3.892265 2.577578 2.377229 -100000000000.000000
2.064854 2.338577 1.261265 1.085922 0.498726 1.230111 1.807704 5.002831 1.372145 -100000000000.000000
2.374435 6.667468 2.824824 7.287048 0.618528 0.322301 2.574625 6.044344 1.566029 -100000000000.000000
4.329507 4.806818 1.389949 4.668039 1.192003 0.936969 4.573992 4.964656 0.922422 -100000000000.000000
4.434464 5.132283 2.239101 4.763364 0.964045 0.541902 4.758315 4.889749 2.283991 -100000000000.000000
4.584166 6.102753 2.347893 4.131808 1.112922 0.535505 6.299402 6.662303 1.969370 -100000000000.000000
4.331698 4.418326 1.868503 4.289326 0.912750 0.636594 4.483755 4.749087 2.058275 -100000000000.000000
4.391928 4.766836 1.920811 4.935210 0.898799 0.554449 4.486721 4.703316 2.362318 -100000000000.000000
3.027515 1.903388 0.955832 2.363048 1.192003 1.474098 3.892265 5.002831 0.922422 -100000000000.000000
3.027515 1.903388 0.955832 2.363048 1.192003 1.474098 3.892265 5.002831 0.922422 -100000000000.000000
4.412214 1.903388 0.955832 4.986419 1.192003 0.519013 3.892265 5.002831 2.483764 -100000000000.000000
4.606416 1.903388 0.955832 4.131808 0.939428 1.225803 4.711229 4.679876 0.922422 -100000000000.000000
3.027515 1.903388 1.833993 2.363048 0.918791 1.474098 4.396484 4.772527 0.922422 -100000000000.000000
4.311412 4.378343 0.955832 4.238117 1.192003 0.672030 3.892265 5.002831 1.936830 -100000000000.000000
4.311412 1.903388 1.699276 4.986419 1.159744 0.519013 6.483726 5.002831 1.936830 -100000000000.000000
3.225486 2.553494 1.501062 2.676316 1.124899 1.308725 4.087868 4.878425 1.727047 -100000000000.000000
3.637616 2.576887 1.155983 3.605176 1.128789 1.056142 4.035787 4.964656 1.308795 -100000000000.000000
3.802113 4.133319 1.755170 3.744291 0.955972 0.936969 4.430470 4.718051 2.097391 -100000000000.000000
4.412214 2.941527 2.347893 2.363048 2.176677 0.930355 3.892265 5.002831 2.483764 -100000000000.000000
4.311412 4.813227 1.389949 4.986419 0.892758 1.474098 4.711229 4.703316 0.922422 -100000000000.000000
4.606416 1.903388 1.255250 2.363048 1.466079 1.474098 3.892265 5.002831 0.922422 -100000000000.000000
3.027515 1.903388 0.955832 2.363048 1.192003 1.474098 3.892265 5.002831 0.922422 -100000000000.000000
3.027515 1.903388 2.824824 2.363048 1.178692 0.671925 4.072251 4.703316 0.922422 -100000000000.000000
3.048148 2.051527 0.975458 2.521720 1.178692 1.441181 4.072251 4.999773 1.080002 -100000000000.000000
2.449124 1.700607 0.474404 1.459193 1.192003 1.622950 5.972735 3.557087 1.296822 -100000000000.000000
3.027515 1.903388 0.955832 2.363048 1.192003 1.474098 3.892265 5.002831 0.922422 2230.080000
4.412214 4.806818 1.955321 4.986419 0.892758 0.519013 4.573992 4.679876 2.483764 2207.040000
4.412214 4.806818 1.955321 4.986419 0.892758 0.519013 4.573992 4.679876 2.483764 2207.040000
3.192223 2.628125 1.068623 2.712464 1.146433 1.301387 4.272382 4.954873 1.357999 2199.360000
3.027515 1.903388 0.955832 2.363048 1.192003 1.474098 3.892265 5.002831 0.922422 2194.440000
3.604700 4.598092 1.699276 4.668039 0.921656 0.671925 4.476210 4.790528 1.590106 2184.000000
4.311412 4.378343 1.833993 4.238117 0.918791 0.672030 4.396484 4.772527 1.936830 2173.840000
3.161848 2.962007 0.812137 4.165759 2.176677 1.225803 4.711229 5.002831 0.922422 2167.680000
3.349254 2.941527 2.029176 2.920011 2.498825 0.487524 3.592334 2.577578 0.843098 2165.640000
3.027515 1.903388 0.955832 2.363048 1.192003 1.474098 3.892265 5.002831 0.922422 2159.880000
3.027515 1.903388 0.955832 2.363048 1.192003 1.474098 3.892265 5.002831 0.922422 2153.160000
4.606416 6.428219 2.631673 3.908753 1.184209 0.558394 6.483726 6.872176 1.769597 2140.800000
2.341227 4.813227 0.340587 5.533921 1.466079 1.665105 3.107410 3.366970 0.753859 2135.040000
2.734254 3.643395 0.413352 4.651889 1.409271 1.613744 3.528322 4.181041 0.775808 2131.200000
3.027515 1.903388 0.955832 2.363048 1.192003 1.474098 3.892265 5.002831 0.922422 2230.080000
FILLING
4.394118 4.582346 1.947916 4.811473 0.904990 0.542202 4.506327 4.706725 2.320372 2170.440000
4.329507 4.602816 1.841398 4.413063 0.906559 0.648841 4.464150 4.745677 2.100221 2141.640000
3.389339 0.436467 3.608758 4.205181 3.221943 0.240745 1.521226 3.327600 1.054877 1223.640000
3.161848 4.582346 1.955321 2.712464 1.192003 1.665105 3.892265 4.703316 0.922422 1190.240000
3.225486 2.417303 1.389949 4.673151 1.192003 1.441181 3.892265 5.002831 2.483764 913.600000
3.027515 1.903388 0.955832 2.363048 1.192003 1.474098 3.892265 5.002831 0.922422 1210.200000
3.161848 4.806818 1.955321 4.986419 2.176677 1.225803 4.573992 5.002831 0.922422 2160.960000
4.412214 2.962007 0.812137 4.165759 0.892758 0.519013 4.711229 4.679876 2.483764 896.520000
3.343818 3.118449 1.255250 3.004375 1.099763 0.897744 4.357569 4.790676 1.464534 2121.480000
4.260619 4.316494 1.768694 4.694508 0.939428 0.922657 4.488805 4.844073 2.377229 2141.640000
4.606416 1.903388 1.389949 4.694508 0.912750 1.308725 3.892265 2.577578 2.377229 893.640000
2.064854 2.338577 1.261265 1.085922 0.498726 1.230111 1.807704 5.002831 1.372145 904.960000
2.374435 6.667468 2.824824 7.287048 0.618528 0.322301 2.574625 6.044344 1.566029 1113.680000
4.329507 4.806818 1.389949 4.668039 1.192003 0.936969 4.573992 4.964656 0.922422 1211.360000
4.434464 5.132283 2.239101 4.763364 0.964045 0.541902 4.758315 4.889749 2.283991 2153.160000
4.584166 6.102753 2.347893 4.131808 1.112922 0.535505 6.299402 6.662303 1.969370 1059.920000
4.331698 4.418326 1.868503 4.289326 0.912750 0.636594 4.483755 4.749087 2.058275 2171.400000
4.391928 4.766836 1.920811 4.935210 0.898799 0.554449 4.486721 4.703316 2.362318 2164.680000
3.027515 1.903388 0.955832 2.363048 1.192003 1.474098 3.892265 5.002831 0.922422 1225.040000
3.027515 1.903388 0.955832 2.363048 1.192003 1.474098 3.892265 5.002831 0.922422 1226.960000
4.412214 1.903388 0.955832 4.986419 1.192003 0.519013 3.892265 5.002831 2.483764 1219.800000
4.606416 1.903388 0.955832 4.131808 0.939428 1.225803 4.711229 4.679876 0.922422 1187.160000
3.027515 1.903388 1.833993 2.363048 0.918791 1.474098 4.396484 4.772527 0.922422 859.080000
4.311412 4.378343 0.955832 4.238117 1.192003 0.672030 3.892265 5.002831 1.936830 2139.840000
4.311412 1.903388 1.699276 4.986419 1.159744 0.519013 6.483726 5.002831 1.936830 1160.280000
3.225486 2.553494 1.501062 2.676316 1.124899 1.308725 4.087868 4.878425 1.727047 2164.680000
3.637616 2.576887 1.155983 3.605176 1.128789 1.056142 4.035787 4.964656 1.308795 1109.520000
3.802113 4.133319 1.755170 3.744291 0.955972 0.936969 4.430470 4.718051 2.097391 2146.440000
4.412214 2.941527 2.347893 2.363048 2.176677 0.930355 3.892265 5.002831 2.483764 815.680000
4.311412 4.813227 1.389949 4.986419 0.892758 1.474098 4.711229 4.703316 0.922422 2113.800000
4.606416 1.903388 1.255250 2.363048 1.466079 1.474098 3.892265 5.002831 0.922422 1164.120000
3.027515 1.903388 0.955832 2.363048 1.192003 1.474098 3.892265 5.002831 0.922422 1179.920000
3.027515 1.903388 2.824824 2.363048 1.178692 0.671925 4.072251 4.703316 0.922422 1128.600000
3.048148 2.051527 0.975458 2.521720 1.178692 1.441181 4.072251 4.999773 1.080002 1181.600000
2.449124 1.700607 0.474404 1.459193 1.192003 1.622950 5.972735 3.557087 1.296822 2136.000000
3.027515 1.903388 0.955832 2.363048 1.192003 1.474098 3.892265 5.002831 0.922422 2230.080000
4.412214 4.806818 1.955321 4.986419 0.892758 0.519013 4.573992 4.679876 2.483764 2207.040000
4.412214 4.806818 1.955321 4.986419 0.892758 0.519013 4.573992 4.679876 2.483764 2207.040000
3.192223 2.628125 1.068623 2.712464 1.146433 1.301387 4.272382 4.954873 1.357999 2199.360000
3.027515 1.903388 0.955832 2.363048 1.192003 1.474098 3.892265 5.002831 0.922422 2194.440000
3.604700 4.598092 1.699276 4.668039 0.921656 0.671925 4.476210 4.790528 1.590106 2184.000000
4.311412 4.378343 1.833993 4.238117 0.918791 0.672030 4.396484 4.772527 1.936830 2173.840000
3.161848 2.962007 0.812137 4.165759 2.176677 1.225803 4.711229 5.002831 0.922422 2167.680000
3.349254 2.941527 2.029176 2.920011 2.498825 0.487524 3.592334 2.577578 0.843098 2165.640000
3.027515 1.903388 0.955832 2.363048 1.192003 1.474098 3.892265 5.002831 0.922422 2159.880000
3.027515 1.903388 0.955832 2.363048 1.192003 1.474098 3.892265 5.002831 0.922422 2153.160000
4.606416 6.428219 2.631673 3.908753 1.184209 0.558394 6.483726 6.872176 1.769597 2140.800000
2.341227 4.813227 0.340587 5.533921 1.466079 1.665105 3.107410 3.366970 0.753859 2135.040000
2.734254 3.643395 0.413352 4.651889 1.409271 1.613744 3.528322 4.181041 0.775808 2131.200000
3.027515 1.903388 0.955832 2.363048 1.192003 1.474098 3.892265 5.002831 0.922422 2230.080000
Gen 2 FITNESS 2230.080000 DIVERSITY 190.953123
 VILLAGER_LEADER F 2230.080000 3.027515 1.903388 0.955832 2.363048 1.192003 1.474098 3.892265 5.002831 0.922422 
GEN 3 NUM_GENOME 50 NUM_VILLAGE 1
3.027515 1.903388 1.955321 2.363048 0.892758 1.474098 3.892265 5.002831 2.483764 -100000000000.000000
4.412214 4.806818 0.955832 4.986419 1.192003 0.519013 4.573992 4.679876 0.922422 -100000000000.000000
3.697891 4.702097 1.606096 1.860569 1.648239 0.838720 6.127523 5.922113 0.842544 -100000000000.000000
3.160989 2.994790 1.153433 3.539088 1.043574 1.393143 4.060382 4.931267 1.205754 -100000000000.000000
3.027515 1.903388 0.955832 2.363048 1.192003 1.474098 3.892265 5.002831 0.922422 -100000000000.000000
3.027515 1.903388 0.955832 2.363048 1.192003 1.474098 3.892265 5.002831 0.922422 -100000000000.000000
4.097131 4.209360 2.118313 2.403558 1.007324 1.308725 4.821606 5.739200 2.048969 -100000000000.000000
4.412214 2.553494 1.501062 2.676316 0.892758 0.519013 4.573992 4.679876 2.483764 -100000000000.000000
3.027515 1.903388 0.955832 2.363048 1.192003 1.474098 3.892265 5.002831 0.922422 -100000000000.000000
3.027515 1.903388 0.955832 2.363048 1.192003 1.474098 3.892265 5.002831 0.922422 -100000000000.000000
3.816460 2.745881 1.227108 2.864551 1.048204 1.148902 4.370219 4.840856 1.534641 -100000000000.000000
3.707461 4.300570 1.710017 4.137239 1.010979 0.789079 4.385918 4.863103 1.881633 -100000000000.000000
3.027515 1.903388 0.955832 2.363048 1.192003 1.474098 3.892265 5.002831 1.357999 -100000000000.000000
3.192223 2.628125 1.068623 2.712464 1.146433 1.301387 4.272382 4.954873 0.922422 -100000000000.000000
3.027515 4.806818 0.955832 2.363048 0.892758 1.474098 3.892265 4.679876 2.483764 -100000000000.000000
4.412214 1.903388 1.955321 4.986419 1.192003 0.519013 4.573992 5.002831 0.922422 -100000000000.000000
4.412214 1.903388 0.955832 4.986419 1.192003 1.474098 3.892265 5.002831 2.483764 -100000000000.000000
3.027515 4.435684 2.606204 0.936890 0.383102 0.649011 4.404341 4.679876 0.109244 -100000000000.000000
3.027515 1.903388 0.955832 2.363048 1.192003 1.474098 3.892265 5.002831 0.922422 -100000000000.000000
3.027515 1.903388 0.955832 2.363048 1.192003 1.474098 3.892265 5.002831 0.922422 -100000000000.000000
3.297623 2.318479 1.129953 2.613884 1.159662 1.377941 4.112676 4.974956 1.361404 -100000000000.000000
4.972145 3.242321 0.697734 4.228259 1.755890 0.358082 6.702931 4.980939 1.540969 -100000000000.000000
4.236539 3.972429 1.794583 4.207254 0.962862 0.702749 4.459767 4.709992 2.169080 -100000000000.000000
3.203190 2.737777 1.116570 3.142213 1.121899 1.290362 4.006490 4.972715 1.237106 -100000000000.000000
3.027515 4.418326 0.955832 2.363048 1.192003 1.474098 3.892265 4.749087 0.922422 -100000000000.000000
4.331698 1.903388 1.868503 4.289326 0.912750 0.636594 4.483755 5.002831 2.058275 -100000000000.000000
3.027515 1.903388 0.955832 2.363048 1.192003 1.474098 3.892265 5.002831 0.922422 -100000000000.000000
3.027515 1.903388 0.955832 2.363048 1.192003 1.474098 3.892265 5.002831 0.922422 -100000000000.000000
3.172322 2.262744 1.008905 2.548839 1.149116 1.340461 4.163318 4.966704 1.286992 -100000000000.000000
3.047417 2.268769 1.015550 2.526673 1.189320 1.435024 4.001329 4.990999 0.993429 -100000000000.000000
4.412214 1.903388 0.955832 2.363048 0.892758 1.474098 3.892265 5.002831 2.483764 -100000000000.000000
3.027515 4.806818 1.955321 4.986419 1.192003 0.519013 4.573992 4.679876 0.922422 -100000000000.000000
2.625252 1.903388 1.195731 2.115910 1.408830 1.115093 3.892265 4.571589 0.476641 -100000000000.000000
3.027515 1.903388 0.955832 2.363048 1.192003 1.474098 3.892265 5.002831 0.922422 -100000000000.000000
3.027515 1.903388 0.602830 0.911083 0.718558 2.467560 1.646708 2.589609 0.097184 -100000000000.000000
3.027515 1.903388 0.955832 2.363048 1.192003 1.474098 3.892265 5.002831 0.922422 2230.080000
4.412214 4.806818 1.955321 4.986419 0.892758 0.519013 4.573992 4.679876 2.483764 2207.040000
5.202567 3.275496 2.968287 1.567936 0.665989 0.401947 3.823978 3.319123 2.303804 -100000000000.000000
4.394118 1.903388 1.227108 2.548839 1.146433 1.148902 3.892265 4.703316 0.993429 -100000000000.000000
3.027515 1.903388 0.955832 2.363048 1.192003 1.474098 3.892265 5.002831 0.922422 2194.440000
3.604700 4.598092 1.699276 4.668039 0.921656 0.671925 4.476210 4.790528 1.590106 2184.000000
4.311412 4.378343 1.833993 4.238117 0.918791 0.672030 4.396484 4.772527 1.936830 2173.840000
4.331698 4.418326 1.868503 4.289326 0.912750 0.636594 4.483755 4.749087 2.058275 2171.400000
4.394118 4.582346 1.947916 4.811473 0.904990 0.542202 4.506327 4.706725 2.320372 2170.440000
3.161848 2.962007 0.812137 4.165759 2.176677 1.225803 4.711229 5.002831 0.922422 2167.680000
3.349254 2.941527 2.029176 2.920011 2.498825 0.487524 3.592334 2.577578 0.843098 2165.640000
3.225486 2.553494 1.501062 2.676316 1.124899 1.308725 4.087868 4.878425 1.727047 2164.680000
4.391928 4.766836 1.920811 4.935210 0.898799 0.554449 4.486721 4.703316 2.362318 2164.680000
3.161848 4.806818 1.955321 4.986419 2.176677 1.225803 4.573992 5.002831 0.922422 2160.960000
3.027515 1.903388 0.955832 2.363048 1.192003 1.474098 3.892265 5.002831 0.922422 2230.080000
FILLING
3.027515 1.903388 1.955321 2.363048 0.892758 1.474098 3.892265 5.002831 2.483764 1159.320000
4.412214 4.806818 0.955832 4.986419 1.192003 0.519013 4.573992 4.679876 0.922422 1107.600000
3.697891 4.702097 1.606096 1.860569 1.648239 0.838720 6.127523 5.922113 0.842544 1201.760000
3.160989 2.994790 1.153433 3.539088 1.043574 1.393143 4.060382 4.931267 1.205754 2132.040000
3.027515 1.903388 0.955832 2.363048 1.192003 1.474098 3.892265 5.002831 0.922422 1176.800000
3.027515 1.903388 0.955832 2.363048 1.192003 1.474098 3.892265 5.002831 0.922422 2158.920000
4.097131 4.209360 2.118313 2.403558 1.007324 1.308725 4.821606 5.739200 2.048969 2106.120000
4.412214 2.553494 1.501062 2.676316 0.892758 0.519013 4.573992 4.679876 2.483764 1208.280000
3.027515 1.903388 0.955832 2.363048 1.192003 1.474098 3.892265 5.002831 0.922422 1218.840000
3.027515 1.903388 0.955832 2.363048 1.192003 1.474098 3.892265 5.002831 0.922422 1153.560000
3.816460 2.745881 1.227108 2.864551 1.048204 1.148902 4.370219 4.840856 1.534641 2221.440000
3.707461 4.300570 1.710017 4.137239 1.010979 0.789079 4.385918 4.863103 1.881633 1054.280000
3.027515 1.903388 0.955832 2.363048 1.192003 1.474098 3.892265 5.002831 1.357999 1214.040000
3.192223 2.628125 1.068623 2.712464 1.146433 1.301387 4.272382 4.954873 0.922422 2150.280000
3.027515 4.806818 0.955832 2.363048 0.892758 1.474098 3.892265 4.679876 2.483764 1054.280000
4.412214 1.903388 1.955321 4.986419 1.192003 0.519013 4.573992 5.002831 0.922422 1235.160000
4.412214 1.903388 0.955832 4.986419 1.192003 1.474098 3.892265 5.002831 2.483764 1155.480000
3.027515 4.435684 2.606204 0.936890 0.383102 0.649011 4.404341 4.679876 0.109244 1126.160000
3.027515 1.903388 0.955832 2.363048 1.192003 1.474098 3.892265 5.002831 0.922422 1225.040000
3.027515 1.903388 0.955832 2.363048 1.192003 1.474098 3.892265 5.002831 0.922422 1195.040000
3.297623 2.318479 1.129953 2.613884 1.159662 1.377941 4.112676 4.974956 1.361404 2183.880000
4.972145 3.242321 0.697734 4.228259 1.755890 0.358082 6.702931 4.980939 1.540969 1237.080000
4.236539 3.972429 1.794583 4.207254 0.962862 0.702749 4.459767 4.709992 2.169080 2182.920000
3.203190 2.737777 1.116570 3.142213 1.121899 1.290362 4.006490 4.972715 1.237106 2176.200000
3.027515 4.418326 0.955832 2.363048 1.192003 1.474098 3.892265 4.749087 0.922422 1162.400000
4.331698 1.903388 1.868503 4.289326 0.912750 0.636594 4.483755 5.002831 2.058275 1162.200000
3.027515 1.903388 0.955832 2.363048 1.192003 1.474098 3.892265 5.002831 0.922422 845.640000
3.027515 1.903388 0.955832 2.363048 1.192003 1.474098 3.892265 5.002831 0.922422 821.440000
3.172322 2.262744 1.008905 2.548839 1.149116 1.340461 4.163318 4.966704 1.286992 2157.000000
3.047417 2.268769 1.015550 2.526673 1.189320 1.435024 4.001329 4.990999 0.993429 1231.320000
4.412214 1.903388 0.955832 2.363048 0.892758 1.474098 3.892265 5.002831 2.483764 1149.720000
3.027515 4.806818 1.955321 4.986419 1.192003 0.519013 4.573992 4.679876 0.922422 1160.480000
2.625252 1.903388 1.195731 2.115910 1.408830 1.115093 3.892265 4.571589 0.476641 826.240000
3.027515 1.903388 0.955832 2.363048 1.192003 1.474098 3.892265 5.002831 0.922422 2192.520000
3.027515 1.903388 0.602830 0.911083 0.718558 2.467560 1.646708 2.589609 0.097184 1196.960000
3.027515 1.903388 0.955832 2.363048 1.192003 1.474098 3.892265 5.002831 0.922422 2230.080000
4.412214 4.806818 1.955321 4.986419 0.892758 0.519013 4.573992 4.679876 2.483764 2207.040000
5.202567 3.275496 2.968287 1.567936 0.665989 0.401947 3.823978 3.319123 2.303804 1231.320000
4.394118 1.903388 1.227108 2.548839 1.146433 1.148902 3.892265 4.703316 0.993429 1148.760000
3.027515 1.903388 0.955832 2.363048 1.192003 1.474098 3.892265 5.002831 0.922422 2194.440000
3.604700 4.598092 1.699276 4.668039 0.921656 0.671925 4.476210 4.790528 1.590106 2184.000000
4.311412 4.378343 1.833993 4.238117 0.918791 0.672030 4.396484 4.772527 1.936830 2173.840000
4.331698 4.418326 1.868503 4.289326 0.912750 0.636594 4.483755 4.749087 2.058275 2171.400000
4.394118 4.582346 1.947916 4.811473 0.904990 0.542202 4.506327 4.706725 2.320372 2170.440000
3.161848 2.962007 0.812137 4.165759 2.176677 1.225803 4.711229 5.002831 0.922422 2167.680000
3.349254 2.941527 2.029176 2.920011 2.498825 0.487524 3.592334 2.577578 0.843098 2165.640000
3.225486 2.553494 1.501062 2.676316 1.124899 1.308725 4.087868 4.878425 1.727047 2164.680000
4.391928 4.766836 1.920811 4.935210 0.898799 0.554449 4.486721 4.703316 2.362318 2164.680000
3.161848 4.806818 1.955321 4.986419 2.176677 1.225803 4.573992 5.002831 0.922422 2160.960000
3.027515 1.903388 0.955832 2.363048 1.192003 1.474098 3.892265 5.002831 0.922422 2230.080000
Gen 3 FITNESS 2230.080000 DIVERSITY 156.018516
 VILLAGER_LEADER F 2230.080000 3.027515 1.903388 0.955832 2.363048 1.192003 1.474098 3.892265 5.002831 0.922422 
GEN 4 NUM_GENOME 50 NUM_VILLAGE 1
3.027515 1.903388 1.129953 2.363048 1.192003 1.377941 3.892265 4.790528 1.590106 -100000000000.000000
3.027515 1.903388 0.955832 2.363048 1.192003 1.474098 3.892265 5.002831 0.922422 -100000000000.000000
2.609565 2.308614 0.840142 3.656815 1.723162 2.159774 3.940912 5.380892 0.892001 -100000000000.000000
3.034935 1.965094 0.962453 2.419200 1.191868 1.451272 3.952683 4.999471 0.935494 -100000000000.000000
3.816460 2.745881 0.955832 2.864551 1.048204 1.474098 4.370219 5.002831 1.534641 -100000000000.000000
3.027515 1.903388 1.227108 2.363048 1.192003 1.148902 3.892265 4.840856 0.922422 -100000000000.000000
3.027515 1.903388 0.955832 2.363048 1.192003 1.474098 3.892265 5.002831 0.922422 -100000000000.000000
3.027515 1.903388 0.955832 2.363048 1.192003 1.474098 3.892265 5.002831 0.922422 -100000000000.000000
2.344258 2.018209 1.575494 2.804645 1.828247 0.512870 6.035346 6.231906 1.661075 -100000000000.000000
3.297623 2.318479 0.955832 2.363048 1.192003 1.377941 3.892265 5.002831 0.922422 -100000000000.000000
3.299284 2.433841 1.756321 2.761204 2.351047 0.940953 3.670593 2.981504 0.852387 -100000000000.000000
2.759349 2.411074 1.228687 2.404958 1.642976 1.020669 1.712090 8.383525 1.174292 -100000000000.000000
3.920997 1.567528 1.225919 3.026347 1.192003 0.610020 1.701521 7.187126 0.227407 -100000000000.000000
3.696725 1.112358 0.390272 2.003911 1.750240 1.106351 3.038894 5.428601 1.045098 -100000000000.000000
3.027515 1.903388 0.955832 2.363048 1.192003 1.474098 3.892265 5.002831 0.922422 -100000000000.000000
3.027515 1.903388 0.955832 2.363048 1.192003 1.474098 3.892265 5.002831 0.922422 -100000000000.000000
4.236539 3.972429 1.794583 4.207254 0.892758 0.519013 4.459767 4.679876 2.483764 -100000000000.000000
3.297623 2.941527 0.981756 2.920011 0.892758 1.474098 6.035346 4.840856 0.922422 -100000000000.000000
3.588143 2.351896 1.201184 2.586454 1.124971 1.342511 4.322363 4.881905 1.454455 -100000000000.000000
3.255832 2.297372 0.981756 2.641145 1.115236 1.280489 3.940121 4.961782 1.002608 -100000000000.000000
3.142753 2.666503 0.826106 3.761826 1.963524 1.259419 4.613295 5.002831 0.922422 -100000000000.000000
3.046611 2.198891 0.941863 2.766981 1.405156 1.440482 3.990198 5.002831 0.922422 -100000000000.000000
3.816460 2.745881 1.227108 2.864551 1.048204 1.148902 4.370219 4.840856 1.534641 -100000000000.000000
3.142753 4.418326 1.201184 4.811473 1.112617 1.377941 4.298380 4.709992 1.045098 -100000000000.000000
3.604700 1.903388 1.699276 2.363048 0.921656 0.671925 4.476210 5.002831 0.922422 -100000000000.000000
3.027515 4.598092 0.955832 4.668039 1.192003 1.474098 3.892265 4.790528 1.590106 -100000000000.000000
3.604700 4.598092 0.955832 2.363048 1.192003 0.671925 4.476210 5.002831 0.922422 -100000000000.000000
3.027515 1.903388 1.699276 4.668039 0.921656 1.474098 3.892265 4.790528 1.590106 -100000000000.000000
3.421552 3.130897 1.158393 2.966647 1.112617 1.190393 4.167877 4.824064 1.226016 -100000000000.000000
4.018177 3.579309 1.752760 4.382820 0.972144 0.802718 4.298380 4.858643 2.180170 -100000000000.000000
3.152725 2.904141 0.849559 4.061100 1.815235 1.286463 4.505914 5.002831 0.922422 -100000000000.000000
3.036638 1.961254 0.918410 2.467708 1.553445 1.413439 4.097580 5.002831 0.922422 -100000000000.000000
3.701304 0.293734 0.679749 1.466554 0.815400 0.953046 4.814485 1.748800 0.803238 -100000000000.000000
3.027515 1.903388 0.955832 2.363048 1.192003 1.474098 3.892265 5.002831 0.922422 -100000000000.000000
3.027515 2.745881 0.679749 2.363048 1.963524 1.474098 4.459767 4.749087 0.227407 -100000000000.000000
3.027515 1.903388 0.955832 2.363048 1.192003 1.474098 3.892265 5.002831 0.922422 2230.080000
3.816460 2.745881 1.227108 2.864551 1.048204 1.148902 4.370219 4.840856 1.534641 2221.440000
3.297623 1.903388 0.955832 4.811473 1.192003 1.106351 3.952683 4.881905 0.892001 -100000000000.000000
3.027515 1.903388 0.955832 2.363048 1.192003 1.474098 3.892265 5.002831 0.922422 2194.440000
3.027515 1.903388 0.955832 2.363048 1.192003 1.474098 3.892265 5.002831 0.922422 2192.520000
3.604700 4.598092 1.699276 4.668039 0.921656 0.671925 4.476210 4.790528 1.590106 2184.000000
3.297623 2.318479 1.129953 2.613884 1.159662 1.377941 4.112676 4.974956 1.361404 2183.880000
4.236539 3.972429 1.794583 4.207254 0.962862 0.702749 4.459767 4.709992 2.169080 2182.920000
3.296487 2.942868 1.396469 4.049568 0.768619 1.290362 5.709433 7.298109 1.503958 -100000000000.000000
4.311412 4.378343 1.833993 4.238117 0.918791 0.672030 4.396484 4.772527 1.936830 2173.840000
4.331698 4.418326 1.868503 4.289326 0.912750 0.636594 4.483755 4.749087 2.058275 2171.400000
4.394118 4.582346 1.947916 4.811473 0.904990 0.542202 4.506327 4.706725 2.320372 2170.440000
3.161848 2.962007 0.812137 4.165759 2.176677 1.225803 4.711229 5.002831 0.922422 2167.680000
3.349254 2.941527 2.029176 2.920011 2.498825 0.487524 3.592334 2.577578 0.843098 2165.640000
3.027515 1.903388 0.955832 2.363048 1.192003 1.474098 3.892265 5.002831 0.922422 2230.080000
FILLING
3.027515 1.903388 1.129953 2.363048 1.192003 1.377941 3.892265 4.790528 1.590106 923.200000
3.027515 1.903388 0.955832 2.363048 1.192003 1.474098 3.892265 5.002831 0.922422 1226.000000
2.609565 2.308614 0.840142 3.656815 1.723162 2.159774 3.940912 5.380892 0.892001 2108.760000
3.034935 1.965094 0.962453 2.419200 1.191868 1.451272 3.952683 4.999471 0.935494 1216.920000
3.816460 2.745881 0.955832 2.864551 1.048204 1.474098 4.370219 5.002831 1.534641 2173.320000
3.027515 1.903388 1.227108 2.363048 1.192003 1.148902 3.892265 4.840856 0.922422 812.800000
3.027515 1.903388 0.955832 2.363048 1.192003 1.474098 3.892265 5.002831 0.922422 2189.640000
3.027515 1.903388 0.955832 2.363048 1.192003 1.474098 3.892265 5.002831 0.922422 1138.200000
2.344258 2.018209 1.575494 2.804645 1.828247 0.512870 6.035346 6.231906 1.661075 2181.000000
3.297623 2.318479 0.955832 2.363048 1.192003 1.377941 3.892265 5.002831 0.922422 1217.360000
3.299284 2.433841 1.756321 2.761204 2.351047 0.940953 3.670593 2.981504 0.852387 1210.200000
2.759349 2.411074 1.228687 2.404958 1.642976 1.020669 1.712090 8.383525 1.174292 2173.440000
3.920997 1.567528 1.225919 3.026347 1.192003 0.610020 1.701521 7.187126 0.227407 1152.600000
3.696725 1.112358 0.390272 2.003911 1.750240 1.106351 3.038894 5.428601 1.045098 1098.000000
3.027515 1.903388 0.955832 2.363048 1.192003 1.474098 3.892265 5.002831 0.922422 759.280000
3.027515 1.903388 0.955832 2.363048 1.192003 1.474098 3.892265 5.002831 0.922422 2208.960000
4.236539 3.972429 1.794583 4.207254 0.892758 0.519013 4.459767 4.679876 2.483764 2137.800000
3.297623 2.941527 0.981756 2.920011 0.892758 1.474098 6.035346 4.840856 0.922422 2146.440000
3.588143 2.351896 1.201184 2.586454 1.124971 1.342511 4.322363 4.881905 1.454455 2181.960000
3.255832 2.297372 0.981756 2.641145 1.115236 1.280489 3.940121 4.961782 1.002608 2160.840000
3.142753 2.666503 0.826106 3.761826 1.963524 1.259419 4.613295 5.002831 0.922422 2183.040000
3.046611 2.198891 0.941863 2.766981 1.405156 1.440482 3.990198 5.002831 0.922422 2184.840000
3.816460 2.745881 1.227108 2.864551 1.048204 1.148902 4.370219 4.840856 1.534641 1195.040000
3.142753 4.418326 1.201184 4.811473 1.112617 1.377941 4.298380 4.709992 1.045098 1174.880000
3.604700 1.903388 1.699276 2.363048 0.921656 0.671925 4.476210 5.002831 0.922422 1019.280000
3.027515 4.598092 0.955832 4.668039 1.192003 1.474098 3.892265 4.790528 1.590106 2136.960000
3.604700 4.598092 0.955832 2.363048 1.192003 0.671925 4.476210 5.002831 0.922422 1172.000000
3.027515 1.903388 1.699276 4.668039 0.921656 1.474098 3.892265 4.790528 1.590106 1238.040000
3.421552 3.130897 1.158393 2.966647 1.112617 1.190393 4.167877 4.824064 1.226016 2117.640000
4.018177 3.579309 1.752760 4.382820 0.972144 0.802718 4.298380 4.858643 2.180170 984.600000
3.152725 2.904141 0.849559 4.061100 1.815235 1.286463 4.505914 5.002831 0.922422 1212.320000
3.036638 1.961254 0.918410 2.467708 1.553445 1.413439 4.097580 5.002831 0.922422 811.840000
3.701304 0.293734 0.679749 1.466554 0.815400 0.953046 4.814485 1.748800 0.803238 1234.200000
3.027515 1.903388 0.955832 2.363048 1.192003 1.474098 3.892265 5.002831 0.922422 1214.040000
3.027515 2.745881 0.679749 2.363048 1.963524 1.474098 4.459767 4.749087 0.227407 1209.440000
3.027515 1.903388 0.955832 2.363048 1.192003 1.474098 3.892265 5.002831 0.922422 2230.080000
3.816460 2.745881 1.227108 2.864551 1.048204 1.148902 4.370219 4.840856 1.534641 2221.440000
3.297623 1.903388 0.955832 4.811473 1.192003 1.106351 3.952683 4.881905 0.892001 855.240000
3.027515 1.903388 0.955832 2.363048 1.192003 1.474098 3.892265 5.002831 0.922422 2194.440000
3.027515 1.903388 0.955832 2.363048 1.192003 1.474098 3.892265 5.002831 0.922422 2192.520000
3.604700 4.598092 1.699276 4.668039 0.921656 0.671925 4.476210 4.790528 1.590106 2184.000000
3.297623 2.318479 1.129953 2.613884 1.159662 1.377941 4.112676 4.974956 1.361404 2183.880000
4.236539 3.972429 1.794583 4.207254 0.962862 0.702749 4.459767 4.709992 2.169080 2182.920000
3.296487 2.942868 1.396469 4.049568 0.768619 1.290362 5.709433 7.298109 1.503958 2162.760000
4.311412 4.378343 1.833993 4.238117 0.918791 0.672030 4.396484 4.772527 1.936830 2173.840000
4.331698 4.418326 1.868503 4.289326 0.912750 0.636594 4.483755 4.749087 2.058275 2171.400000
4.394118 4.582346 1.947916 4.811473 0.904990 0.542202 4.506327 4.706725 2.320372 2170.440000
3.161848 2.962007 0.812137 4.165759 2.176677 1.225803 4.711229 5.002831 0.922422 2167.680000
3.349254 2.941527 2.029176 2.920011 2.498825 0.487524 3.592334 2.577578 0.843098 2165.640000
3.027515 1.903388 0.955832 2.363048 1.192003 1.474098 3.892265 5.002831 0.922422 2230.080000
Gen 4 FITNESS 2230.080000 DIVERSITY 141.288082
 VILLAGER_LEADER F 2230.080000 3.027515 1.903388 0.955832 2.363048 1.192003 1.474098 3.892265 5.002831 0.922422 
GEN 5 NUM_GENOME 50 NUM_VILLAGE 1
3.835879 3.714700 1.736109 3.831071 1.002596 0.889050 4.384604 4.767236 2.075968 -100000000000.000000
3.428175 2.161117 1.014305 2.739231 1.152270 1.287797 3.967428 4.945588 1.015534 -100000000000.000000
3.027515 1.903388 0.955832 2.363048 1.192003 1.474098 3.892265 5.002831 0.922422 -100000000000.000000
3.349566 2.612785 1.055809 2.189966 1.192003 2.064354 6.220889 4.361558 0.623960 -100000000000.000000
3.027515 1.903388 0.955832 2.363048 1.192003 1.474098 3.892265 5.002831 0.922422 -100000000000.000000
3.027515 1.903388 0.955832 2.363048 1.192003 1.474098 3.892265 5.002831 0.922422 -100000000000.000000
3.046611 2.318479 0.941863 2.613884 1.405156 1.377941 3.990198 5.002831 0.922422 -100000000000.000000
3.297623 2.198891 1.129953 2.766981 1.159662 1.440482 4.112676 4.974956 1.361404 -100000000000.000000
3.514054 2.350628 1.136021 3.300640 1.125462 1.296371 4.195278 4.940090 1.146946 -100000000000.000000
3.750000 3.525189 1.614394 3.269662 1.029403 0.880476 4.156753 4.772733 1.944556 -100000000000.000000
3.297623 2.318479 0.955832 2.363048 1.192003 1.474098 3.892265 5.002831 1.361404 -100000000000.000000
3.297623 2.128350 0.955832 2.363048 1.192003 0.671925 4.195278 5.002831 1.534641 -100000000000.000000
3.816460 2.745881 1.227108 2.864551 1.048204 1.148902 4.370219 4.840856 1.534641 -100000000000.000000
3.816460 2.745881 1.227108 2.864551 1.048204 1.148902 4.370219 4.840856 1.534641 -100000000000.000000
3.027515 1.903388 0.955832 2.363048 1.192003 1.474098 3.892265 5.002831 0.922422 -100000000000.000000
3.027515 1.903388 0.955832 2.363048 1.192003 1.474098 3.892265 5.002831 0.922422 -100000000000.000000
3.316786 2.062638 1.020531 2.445862 1.162275 1.397623 3.950142 4.937120 1.008886 -100000000000.000000
1.768643 3.102155 1.162410 3.237452 0.958266 1.339669 7.677075 8.927395 1.411145 -100000000000.000000
4.915610 1.263398 1.058207 2.088680 0.597505 1.103658 5.128477 7.835775 2.659981 -100000000000.000000
1.768643 1.903388 0.955832 2.363048 1.192003 0.889050 4.384604 5.002831 1.534641 -100000000000.000000
3.027515 1.903388 0.955832 4.668039 0.921656 1.474098 4.476210 5.002831 1.590106 -100000000000.000000
3.027515 1.903388 0.955832 4.238117 1.159662 1.474098 3.892265 6.231906 1.361404 -100000000000.000000
3.027515 1.903388 0.955832 2.363048 1.192003 1.474098 3.892265 5.002831 0.922422 -100000000000.000000
3.027515 1.903388 0.955832 2.363048 1.192003 1.474098 3.892265 5.002831 0.922422 -100000000000.000000
3.046611 1.903388 0.941863 2.766981 1.405156 1.474098 3.892265 5.002831 0.922422 -100000000000.000000
2.326614 1.974061 0.955832 1.035723 1.756326 1.872258 6.006796 4.226382 1.136697 -100000000000.000000
1.545475 2.361868 0.755220 4.442540 1.192003 1.582188 4.031143 3.511173 0.710700 -100000000000.000000
3.027515 1.903388 0.955832 2.363048 1.192003 1.474098 3.892265 5.002831 0.922422 -100000000000.000000
3.027515 1.903388 0.955832 2.363048 1.192003 1.474098 3.892265 5.002831 0.922422 -100000000000.000000
3.027515 1.903388 0.955832 2.363048 1.192003 1.474098 3.892265 5.002831 0.922422 -100000000000.000000
3.027515 1.903388 0.955832 2.363048 1.192003 1.474098 3.892265 5.002831 0.922422 -100000000000.000000
3.027515 1.903388 0.955832 2.363048 1.192003 1.474098 3.892265 5.002831 0.922422 -100000000000.000000
3.301880 2.126935 1.155900 2.490230 1.160140 1.352716 4.260798 4.895773 1.348595 -100000000000.000000
4.657157 2.820389 0.727908 4.469171 0.682050 0.339357 1.967033 4.565013 1.510723 -100000000000.000000
3.027515 1.903388 0.955832 2.363048 1.192003 1.474098 3.892265 5.002831 0.922422 2230.080000
3.027515 1.903388 0.955832 2.363048 1.192003 1.474098 3.892265 5.002831 0.922422 2230.080000
3.816460 2.745881 1.227108 2.864551 1.048204 1.148902 4.370219 4.840856 1.534641 2221.440000
3.027515 1.903388 0.955832 2.363048 1.192003 1.474098 3.892265 5.002831 0.922422 2208.960000
3.027515 2.062638 0.941863 4.207254 1.048204 1.339669 6.006796 5.002831 0.623960 -100000000000.000000
2.948390 2.280203 0.847221 1.454953 1.303258 1.084679 3.299936 7.098056 0.964978 -100000000000.000000
2.671366 2.334096 1.467305 3.557909 0.399292 2.199596 5.441089 6.360596 0.752871 -100000000000.000000
3.027515 1.903388 1.162410 2.363048 1.192003 1.474098 4.112676 5.002831 0.922422 -100000000000.000000
3.604700 4.598092 1.699276 4.668039 0.921656 0.671925 4.476210 4.790528 1.590106 2184.000000
3.297623 2.318479 1.129953 2.613884 1.159662 1.377941 4.112676 4.974956 1.361404 2183.880000
3.142753 2.666503 0.826106 3.761826 1.963524 1.259419 4.613295 5.002831 0.922422 2183.040000
4.236539 3.972429 1.794583 4.207254 0.962862 0.702749 4.459767 4.709992 2.169080 2182.920000
3.588143 2.351896 1.201184 2.586454 1.124971 1.342511 4.322363 4.881905 1.454455 2181.960000
2.344258 2.018209 1.575494 2.804645 1.828247 0.512870 6.035346 6.231906 1.661075 2181.000000
4.311412 4.378343 1.833993 4.238117 0.918791 0.672030 4.396484 4.772527 1.936830 2173.840000
3.027515 1.903388 0.955832 2.363048 1.192003 1.474098 3.892265 5.002831 0.922422 2230.080000
FILLING
3.835879 3.714700 1.736109 3.831071 1.002596 0.889050 4.384604 4.767236 2.075968 2225.280000
3.428175 2.161117 1.014305 2.739231 1.152270 1.287797 3.967428 4.945588 1.015534 2191.560000
3.027515 1.903388 0.955832 2.363048 1.192003 1.474098 3.892265 5.002831 0.922422 1143.000000
3.349566 2.612785 1.055809 2.189966 1.192003 2.064354 6.220889 4.361558 0.623960 2173.320000
3.027515 1.903388 0.955832 2.363048 1.192003 1.474098 3.892265 5.002831 0.922422 1174.880000
3.027515 1.903388 0.955832 2.363048 1.192003 1.474098 3.892265 5.002831 0.922422 1214.480000
3.046611 2.318479 0.941863 2.613884 1.405156 1.377941 3.990198 5.002831 0.922422 2173.320000
3.297623 2.198891 1.129953 2.766981 1.159662 1.440482 4.112676 4.974956 1.361404 2163.720000
3.514054 2.350628 1.136021 3.300640 1.125462 1.296371 4.195278 4.940090 1.146946 1146.840000
3.750000 3.525189 1.614394 3.269662 1.029403 0.880476 4.156753 4.772733 1.944556 2175.240000
3.297623 2.318479 0.955832 2.363048 1.192003 1.474098 3.892265 5.002831 1.361404 1220.240000
3.297623 2.128350 0.955832 2.363048 1.192003 0.671925 4.195278 5.002831 1.534641 2223.360000
3.816460 2.745881 1.227108 2.864551 1.048204 1.148902 4.370219 4.840856 1.534641 1147.800000
3.816460 2.745881 1.227108 2.864551 1.048204 1.148902 4.370219 4.840856 1.534641 2208.000000
3.027515 1.903388 0.955832 2.363048 1.192003 1.474098 3.892265 5.002831 0.922422 827.200000
3.027515 1.903388 0.955832 2.363048 1.192003 1.474098 3.892265 5.002831 0.922422 1054.280000
3.316786 2.062638 1.020531 2.445862 1.162275 1.397623 3.950142 4.937120 1.008886 2158.920000
1.768643 3.102155 1.162410 3.237452 0.958266 1.339669 7.677075 8.927395 1.411145 1128.800000
4.915610 1.263398 1.058207 2.088680 0.597505 1.103658 5.128477 7.835775 2.659981 1195.800000
1.768643 1.903388 0.955832 2.363048 1.192003 0.889050 4.384604 5.002831 1.534641 1077.320000
3.027515 1.903388 0.955832 4.668039 0.921656 1.474098 4.476210 5.002831 1.590106 1174.160000
3.027515 1.903388 0.955832 4.238117 1.159662 1.474098 3.892265 6.231906 1.361404 897.480000
3.027515 1.903388 0.955832 2.363048 1.192003 1.474098 3.892265 5.002831 0.922422 1185.680000
3.027515 1.903388 0.955832 2.363048 1.192003 1.474098 3.892265 5.002831 0.922422 1154.520000
3.046611 1.903388 0.941863 2.766981 1.405156 1.474098 3.892265 5.002831 0.922422 2168.520000
2.326614 1.974061 0.955832 1.035723 1.756326 1.872258 6.006796 4.226382 1.136697 1063.520000
1.545475 2.361868 0.755220 4.442540 1.192003 1.582188 4.031143 3.511173 0.710700 1206.560000
3.027515 1.903388 0.955832 2.363048 1.192003 1.474098 3.892265 5.002831 0.922422 1189.080000
3.027515 1.903388 0.955832 2.363048 1.192003 1.474098 3.892265 5.002831 0.922422 826.240000
3.027515 1.903388 0.955832 2.363048 1.192003 1.474098 3.892265 5.002831 0.922422 2203.080000
3.027515 1.903388 0.955832 2.363048 1.192003 1.474098 3.892265 5.002831 0.922422 2120.520000
3.027515 1.903388 0.955832 2.363048 1.192003 1.474098 3.892265 5.002831 0.922422 1189.280000
3.301880 2.126935 1.155900 2.490230 1.160140 1.352716 4.260798 4.895773 1.348595 2195.400000
4.657157 2.820389 0.727908 4.469171 0.682050 0.339357 1.967033 4.565013 1.510723 869.640000
3.027515 1.903388 0.955832 2.363048 1.192003 1.474098 3.892265 5.002831 0.922422 2230.080000
3.027515 1.903388 0.955832 2.363048 1.192003 1.474098 3.892265 5.002831 0.922422 2230.080000
3.816460 2.745881 1.227108 2.864551 1.048204 1.148902 4.370219 4.840856 1.534641 2221.440000
3.027515 1.903388 0.955832 2.363048 1.192003 1.474098 3.892265 5.002831 0.922422 2208.960000
3.027515 2.062638 0.941863 4.207254 1.048204 1.339669 6.006796 5.002831 0.623960 1241.880000
2.948390 2.280203 0.847221 1.454953 1.303258 1.084679 3.299936 7.098056 0.964978 1186.640000
2.671366 2.334096 1.467305 3.557909 0.399292 2.199596 5.441089 6.360596 0.752871 1019.280000
3.027515 1.903388 1.162410 2.363048 1.192003 1.474098 4.112676 5.002831 0.922422 1149.720000
3.604700 4.598092 1.699276 4.668039 0.921656 0.671925 4.476210 4.790528 1.590106 2184.000000
3.297623 2.318479 1.129953 2.613884 1.159662 1.377941 4.112676 4.974956 1.361404 2183.880000
3.142753 2.666503 0.826106 3.761826 1.963524 1.259419 4.613295 5.002831 0.922422 2183.040000
4.236539 3.972429 1.794583 4.207254 0.962862 0.702749 4.459767 4.709992 2.169080 2182.920000
3.588143 2.351896 1.201184 2.586454 1.124971 1.342511 4.322363 4.881905 1.454455 2181.960000
2.344258 2.018209 1.575494 2.804645 1.828247 0.512870 6.035346 6.231906 1.661075 2181.000000
4.311412 4.378343 1.833993 4.238117 0.918791 0.672030 4.396484 4.772527 1.936830 2173.840000
3.027515 1.903388 0.955832 2.363048 1.192003 1.474098 3.892265 5.002831 0.922422 2230.080000
Gen 5 FITNESS 2230.080000 DIVERSITY 120.058618
 VILLAGER_LEADER F 2230.080000 3.027515 1.903388 0.955832 2.363048 1.192003 1.474098 3.892265 5.002831 0.922422 
GEN 6 NUM_GENOME 50 NUM_VILLAGE 1
3.027515 3.714700 1.736109 3.831071 1.192003 1.474098 4.384604 5.002831 0.922422 -100000000000.000000
3.835879 1.903388 0.955832 2.363048 1.002596 0.889050 3.892265 4.767236 2.075968 -100000000000.000000
1.708512 4.629891 1.011773 4.013578 0.782729 1.218906 5.495968 2.192653 1.664021 -100000000000.000000
3.027515 1.903388 1.227108 2.363048 1.048204 1.474098 4.370219 4.840856 1.534641 -100000000000.000000
3.027515 1.903388 0.955832 2.363048 1.192003 1.474098 3.892265 5.002831 0.922422 -100000000000.000000
3.027515 1.903388 0.955832 2.363048 1.192003 1.474098 3.892265 5.002831 0.922422 -100000000000.000000
3.297623 1.903388 1.507634 2.363048 1.048204 1.474098 3.892265 5.002831 1.417042 -100000000000.000000
3.027515 1.903388 0.955832 2.363048 1.192003 1.474098 3.892265 5.002831 0.922422 -100000000000.000000
3.835879 2.745881 1.227108 3.831071 1.048204 1.148902 4.370219 4.767236 1.534641 -100000000000.000000
3.816460 3.714700 1.736109 2.864551 1.002596 0.889050 4.384604 4.840856 2.075968 -100000000000.000000
3.229300 2.173422 1.080113 2.559828 1.172148 1.389133 4.099258 4.990231 1.290189 -100000000000.000000
3.095838 2.048445 1.005672 2.417104 1.179517 1.462906 3.905684 4.987556 0.993637 -100000000000.000000
3.301880 2.126935 0.955832 2.363048 1.192003 1.474098 3.892265 4.895773 1.348595 -100000000000.000000
3.027515 1.903388 1.155900 2.490230 1.160140 1.352716 4.260798 5.002831 0.922422 -100000000000.000000
3.618706 3.245640 1.571810 3.454457 1.048826 0.812346 4.319260 4.888170 2.042789 -100000000000.000000
3.514797 2.597409 1.120131 2.739661 1.145773 0.748630 4.260622 4.881897 1.567820 -100000000000.000000
1.708512 1.903388 1.184307 2.864551 1.192003 1.358514 4.299314 4.945588 0.922422 -100000000000.000000
3.027515 1.903388 0.955832 2.363048 1.192003 1.474098 3.892265 5.002831 0.922422 -100000000000.000000
3.027515 4.598092 0.955832 4.668039 0.921656 1.474098 4.476210 5.002831 1.590106 -100000000000.000000
0.425064 3.197196 0.752089 1.818764 0.585281 0.904732 2.829488 4.790528 0.257675 -100000000000.000000
3.027515 1.903388 0.955832 2.363048 1.192003 1.474098 3.892265 5.002831 0.922422 -100000000000.000000
3.297623 1.903388 0.955832 2.363048 1.192003 1.148902 3.892265 4.895065 0.922422 -100000000000.000000
3.119432 2.734622 1.184307 2.494456 1.158270 1.289619 3.977555 4.982921 1.320433 -100000000000.000000
3.027515 1.903388 1.129953 3.761826 1.192003 1.148902 3.892265 5.002831 0.922422 -100000000000.000000
3.212724 2.070569 0.955832 2.363048 1.192003 0.787509 4.105940 5.002831 1.417042 -100000000000.000000
3.112414 1.961169 0.955832 2.363048 1.192003 1.358514 3.981604 5.002831 1.040021 -100000000000.000000
3.670489 3.174803 1.506545 3.511528 1.045033 0.994328 4.243745 4.895065 1.393785 -100000000000.000000
2.243233 2.698178 1.890390 2.343728 1.149565 1.199298 4.033124 5.526675 1.429020 -100000000000.000000
3.027515 1.903388 0.955832 2.363048 1.192003 1.474098 3.892265 5.002831 0.922422 -100000000000.000000
3.027515 1.903388 0.955832 2.363048 1.192003 1.474098 3.892265 5.002831 0.922422 -100000000000.000000
3.816460 1.160684 1.010602 3.509182 1.273586 0.688747 4.069130 7.333551 1.043366 -100000000000.000000
3.816460 2.745881 1.227108 2.864551 1.048204 1.148902 4.370219 4.840856 1.534641 -100000000000.000000
3.027515 1.903388 0.955832 2.363048 1.192003 1.474098 3.892265 5.002831 0.922422 -100000000000.000000
3.027515 1.903388 0.955832 2.363048 1.192003 1.474098 3.892265 5.002831 0.922422 -100000000000.000000
3.297623 2.070569 0.955832 3.511528 1.192003 1.474098 4.033124 4.888170 2.169080 -100000000000.000000
2.589395 1.094556 0.682461 2.755664 0.161675 1.474098 5.703844 4.405120 1.136626 -100000000000.000000
3.027515 1.903388 0.955832 2.363048 1.192003 1.474098 3.892265 5.002831 0.922422 2230.080000
3.835879 3.714700 1.736109 3.831071 1.002596 0.889050 4.384604 4.767236 2.075968 2225.280000
3.297623 2.128350 0.955832 2.363048 1.192003 0.671925 4.195278 5.002831 1.534641 2223.360000
3.816460 2.745881 1.227108 2.864551 1.048204 1.148902 4.370219 4.840856 1.534641 2221.440000
3.027515 1.903388 0.955832 2.363048 1.192003 1.474098 3.892265 5.002831 0.922422 2208.960000
5.846220 1.830536 1.909875 1.653741 0.970219 1.182777 3.711110 7.665637 2.403436 -100000000000.000000
3.095838 1.903388 1.506545 2.363048 0.161675 1.218906 4.384604 4.888170 1.590106 -100000000000.000000
3.301880 2.126935 1.155900 2.490230 1.160140 1.352716 4.260798 4.895773 1.348595 2195.400000
3.428175 2.161117 1.014305 2.739231 1.152270 1.287797 3.967428 4.945588 1.015534 2191.560000
3.604700 4.598092 1.699276 4.668039 0.921656 0.671925 4.476210 4.790528 1.590106 2184.000000
3.297623 2.318479 1.129953 2.613884 1.159662 1.377941 4.112676 4.974956 1.361404 2183.880000
3.142753 2.666503 0.826106 3.761826 1.963524 1.259419 4.613295 5.002831 0.922422 2183.040000
8.028138 4.733173 2.000494 5.826053 0.721791 0.871033 3.039006 6.997714 2.986908 -100000000000.000000
3.027515 1.903388 0.955832 2.363048 1.192003 1.474098 3.892265 5.002831 0.922422 2230.080000
FILLING
3.027515 3.714700 1.736109 3.831071 1.192003 1.474098 4.384604 5.002831 0.922422 2114.760000
3.835879 1.903388 0.955832 2.363048 1.002596 0.889050 3.892265 4.767236 2.075968 788.040000
1.708512 4.629891 1.011773 4.013578 0.782729 1.218906 5.495968 2.192653 1.664021 1135.320000
3.027515 1.903388 1.227108 2.363048 1.048204 1.474098 4.370219 4.840856 1.534641 1226.000000
3.027515 1.903388 0.955832 2.363048 1.192003 1.474098 3.892265 5.002831 0.922422 909.000000
3.027515 1.903388 0.955832 2.363048 1.192003 1.474098 3.892265 5.002831 0.922422 2130.120000
3.297623 1.903388 1.507634 2.363048 1.048204 1.474098 3.892265 5.002831 1.417042 1143.000000
3.027515 1.903388 0.955832 2.363048 1.192003 1.474098 3.892265 5.002831 0.922422 1129.280000
3.835879 2.745881 1.227108 3.831071 1.048204 1.148902 4.370219 4.767236 1.534641 1233.680000
3.816460 3.714700 1.736109 2.864551 1.002596 0.889050 4.384604 4.840856 2.075968 1054.280000
3.229300 2.173422 1.080113 2.559828 1.172148 1.389133 4.099258 4.990231 1.290189 2219.520000
3.095838 2.048445 1.005672 2.417104 1.179517 1.462906 3.905684 4.987556 0.993637 2177.160000
3.301880 2.126935 0.955832 2.363048 1.192003 1.474098 3.892265 4.895773 1.348595 1054.280000
3.027515 1.903388 1.155900 2.490230 1.160140 1.352716 4.260798 5.002831 0.922422 1161.440000
3.618706 3.245640 1.571810 3.454457 1.048826 0.812346 4.319260 4.888170 2.042789 2152.200000
3.514797 2.597409 1.120131 2.739661 1.145773 0.748630 4.260622 4.881897 1.567820 2196.360000
1.708512 1.903388 1.184307 2.864551 1.192003 1.358514 4.299314 4.945588 0.922422 2186.760000
3.027515 1.903388 0.955832 2.363048 1.192003 1.474098 3.892265 5.002831 0.922422 2148.360000
3.027515 4.598092 0.955832 4.668039 0.921656 1.474098 4.476210 5.002831 1.590106 2146.560000
0.425064 3.197196 0.752089 1.818764 0.585281 0.904732 2.829488 4.790528 0.257675 830.080000
3.027515 1.903388 0.955832 2.363048 1.192003 1.474098 3.892265 5.002831 0.922422 1219.800000
3.297623 1.903388 0.955832 2.363048 1.192003 1.148902 3.892265 4.895065 0.922422 2170.440000
3.119432 2.734622 1.184307 2.494456 1.158270 1.289619 3.977555 4.982921 1.320433 2203.200000
3.027515 1.903388 1.129953 3.761826 1.192003 1.148902 3.892265 5.002831 0.922422 1156.440000
3.212724 2.070569 0.955832 2.363048 1.192003 0.787509 4.105940 5.002831 1.417042 2207.040000
3.112414 1.961169 0.955832 2.363048 1.192003 1.358514 3.981604 5.002831 1.040021 1290.440000
3.670489 3.174803 1.506545 3.511528 1.045033 0.994328 4.243745 4.895065 1.393785 2232.960000
2.243233 2.698178 1.890390 2.343728 1.149565 1.199298 4.033124 5.526675 1.429020 2160.840000
3.027515 1.903388 0.955832 2.363048 1.192003 1.474098 3.892265 5.002831 0.922422 1140.120000
3.027515 1.903388 0.955832 2.363048 1.192003 1.474098 3.892265 5.002831 0.922422 2206.920000
3.816460 1.160684 1.010602 3.509182 1.273586 0.688747 4.069130 7.333551 1.043366 817.800000
3.816460 2.745881 1.227108 2.864551 1.048204 1.148902 4.370219 4.840856 1.534641 2152.200000
3.027515 1.903388 0.955832 2.363048 1.192003 1.474098 3.892265 5.002831 0.922422 1140.120000
3.027515 1.903388 0.955832 2.363048 1.192003 1.474098 3.892265 5.002831 0.922422 2188.680000
3.297623 2.070569 0.955832 3.511528 1.192003 1.474098 4.033124 4.888170 2.169080 1157.400000
2.589395 1.094556 0.682461 2.755664 0.161675 1.474098 5.703844 4.405120 1.136626 862.920000
3.027515 1.903388 0.955832 2.363048 1.192003 1.474098 3.892265 5.002831 0.922422 2230.080000
3.835879 3.714700 1.736109 3.831071 1.002596 0.889050 4.384604 4.767236 2.075968 2225.280000
3.297623 2.128350 0.955832 2.363048 1.192003 0.671925 4.195278 5.002831 1.534641 2223.360000
3.816460 2.745881 1.227108 2.864551 1.048204 1.148902 4.370219 4.840856 1.534641 2221.440000
3.027515 1.903388 0.955832 2.363048 1.192003 1.474098 3.892265 5.002831 0.922422 2208.960000
5.846220 1.830536 1.909875 1.653741 0.970219 1.182777 3.711110 7.665637 2.403436 1222.680000
3.095838 1.903388 1.506545 2.363048 0.161675 1.218906 4.384604 4.888170 1.590106 908.040000
3.301880 2.126935 1.155900 2.490230 1.160140 1.352716 4.260798 4.895773 1.348595 2195.400000
3.428175 2.161117 1.014305 2.739231 1.152270 1.287797 3.967428 4.945588 1.015534 2191.560000
3.604700 4.598092 1.699276 4.668039 0.921656 0.671925 4.476210 4.790528 1.590106 2184.000000
3.297623 2.318479 1.129953 2.613884 1.159662 1.377941 4.112676 4.974956 1.361404 2183.880000
3.142753 2.666503 0.826106 3.761826 1.963524 1.259419 4.613295 5.002831 0.922422 2183.040000
8.028138 4.733173 2.000494 5.826053 0.721791 0.871033 3.039006 6.997714 2.986908 1019.280000
3.027515 1.903388 0.955832 2.363048 1.192003 1.474098 3.892265 5.002831 0.922422 2230.080000
Gen 6 FITNESS 2232.960000 DIVERSITY 116.788716
 VILLAGER_LEADER F 2232.960000 3.670489 3.174803 1.506545 3.511528 1.045033 0.994328 4.243745 4.895065 1.393785 
GEN 7 NUM_GENOME 50 NUM_VILLAGE 1
3.027515 1.903388 0.955832 2.363048 1.192003 0.889050 3.892265 4.767236 0.922422 -100000000000.000000
3.835879 3.714700 1.736109 3.831071 1.002596 1.474098 4.384604 5.002831 2.075968 -100000000000.000000
3.027515 2.070569 0.955832 2.363048 1.192003 1.474098 3.892265 5.002831 0.922422 -100000000000.000000
3.212724 1.903388 0.955832 2.363048 1.192003 0.787509 4.105940 5.002831 1.417042 -100000000000.000000
3.027515 1.903388 0.955832 2.363048 1.192003 1.474098 3.892265 5.002831 0.922422 -100000000000.000000
3.027515 1.903388 0.955832 2.363048 1.192003 1.474098 3.892265 5.002831 0.922422 -100000000000.000000
3.027515 3.174803 0.955832 2.363048 1.045033 0.994328 3.892265 4.895065 1.393785 -100000000000.000000
3.670489 1.903388 1.506545 3.511528 1.192003 1.474098 4.243745 5.002831 0.922422 -100000000000.000000
3.027515 2.173422 0.955832 2.363048 1.192003 1.474098 4.099258 4.990231 1.290189 -100000000000.000000
2.578293 2.386786 1.080113 2.864022 0.967261 1.389133 3.892265 6.154455 0.627759 -100000000000.000000
3.670489 1.903388 1.506545 3.511528 1.192003 1.474098 4.243745 5.002831 1.393785 -100000000000.000000
3.027515 3.174803 0.955832 2.363048 1.045033 0.994328 3.892265 4.895065 0.922422 -100000000000.000000
3.051902 1.933123 0.973376 2.380398 1.181438 1.455529 3.924016 4.997265 1.064595 -100000000000.000000
3.204913 2.143687 1.062569 2.542478 1.182713 1.407701 4.067506 4.995797 1.148016 -100000000000.000000
3.490479 2.883534 1.431893 3.383326 1.058417 1.095404 4.170816 4.936356 1.302256 -100000000000.000000
3.207525 2.194657 1.030483 2.491250 1.178620 1.373022 3.965194 4.961540 1.013951 -100000000000.000000
3.281239 2.027934 0.955832 2.363048 1.192003 0.911490 4.114265 5.002831 1.460247 -100000000000.000000
4.865596 2.127817 1.427018 2.363048 0.969589 1.234533 4.956710 3.199824 1.504585 -100000000000.000000
4.593855 1.903388 0.893198 1.135313 0.579312 0.655670 4.187066 6.855920 1.300763 -100000000000.000000
3.835879 2.745881 1.227108 2.559828 1.192003 0.655670 4.260798 5.002831 0.922422 -100000000000.000000
3.723711 2.542911 1.121865 2.765009 1.069631 1.230147 4.102686 4.930297 1.459095 -100000000000.000000
3.677178 2.260017 0.156920 2.252841 1.009421 1.595565 3.862649 2.607319 1.325649 -100000000000.000000
3.027515 1.903388 0.955832 2.363048 0.969589 0.911490 3.965194 4.997265 2.075968 -100000000000.000000
2.578293 2.126935 0.955832 3.511528 1.192003 0.748630 3.892265 6.855920 1.534641 -100000000000.000000
3.670489 3.174803 1.506545 3.511528 1.045033 0.994328 4.243745 4.840856 1.534641 -100000000000.000000
6.422007 2.848243 1.227108 3.794193 1.330880 1.313552 6.436723 5.182557 1.393785 -100000000000.000000
3.670489 3.714700 1.736109 3.831071 1.002596 0.994328 4.243745 4.895065 1.393785 -100000000000.000000
3.677178 2.734622 1.715924 2.363048 1.192003 0.671925 3.892265 5.002831 0.922422 -100000000000.000000
3.027515 1.903388 0.955832 2.363048 1.192003 1.474098 3.892265 5.002831 0.922422 -100000000000.000000
3.027515 1.903388 0.955832 2.363048 1.192003 1.474098 3.892265 5.002831 0.922422 -100000000000.000000
3.670489 1.903388 1.506545 2.363048 1.045033 1.474098 3.892265 5.002831 0.922422 -100000000000.000000
3.027515 3.174803 0.955832 3.511528 1.192003 0.994328 4.243745 4.895065 1.393785 -100000000000.000000
3.804230 3.514577 1.715924 3.741312 1.009525 0.912990 4.351306 4.791581 1.703144 -100000000000.000000
3.702138 3.374926 1.526730 3.601287 1.038104 0.970388 4.277043 4.870719 1.766609 -100000000000.000000
3.670489 3.174803 1.506545 3.511528 1.045033 0.994328 4.243745 4.895065 1.393785 2232.960000
3.027515 1.903388 0.955832 2.363048 1.192003 1.474098 3.892265 5.002831 0.922422 2230.080000
2.447262 2.887888 0.780009 2.786155 1.371972 1.339851 3.986840 4.694560 1.417294 -100000000000.000000
3.804230 3.714700 1.227108 2.542478 1.045033 1.287797 4.243745 5.002831 1.567820 -100000000000.000000
3.027515 1.903388 0.893198 2.363048 1.160140 1.455529 4.099258 5.002831 0.922422 -100000000000.000000
3.816460 2.745881 1.227108 2.864551 1.048204 1.148902 4.370219 4.840856 1.534641 2221.440000
3.229300 2.173422 1.080113 2.559828 1.172148 1.389133 4.099258 4.990231 1.290189 2219.520000
3.027515 1.903388 0.955832 2.363048 1.192003 1.474098 3.892265 5.002831 0.922422 2208.960000
2.536919 0.313217 0.813644 1.808941 1.990551 0.811893 4.105940 6.463923 0.390251 -100000000000.000000
3.027515 1.903388 0.955832 2.363048 1.192003 1.474098 3.892265 5.002831 0.922422 2206.920000
3.119432 2.734622 1.184307 2.494456 1.158270 1.289619 3.977555 4.982921 1.320433 2203.200000
3.514797 2.597409 1.120131 2.739661 1.145773 0.748630 4.260622 4.881897 1.567820 2196.360000
3.301880 2.126935 1.155900 2.490230 1.160140 1.352716 4.260798 4.895773 1.348595 2195.400000
3.428175 2.161117 1.014305 2.739231 1.152270 1.287797 3.967428 4.945588 1.015534 2191.560000
3.027515 1.903388 0.955832 2.363048 1.192003 1.474098 3.892265 5.002831 0.922422 2188.680000
3.670489 3.174803 1.506545 3.511528 1.045033 0.994328 4.243745 4.895065 1.393785 2232.960000
FILLING
3.027515 1.903388 0.955832 2.363048 1.192003 0.889050 3.892265 4.767236 0.922422 2203.080000
3.835879 3.714700 1.736109 3.831071 1.002596 1.474098 4.384604 5.002831 2.075968 2173.320000
3.027515 2.070569 0.955832 2.363048 1.192003 1.474098 3.892265 5.002831 0.922422 2194.440000
3.212724 1.903388 0.955832 2.363048 1.192003 0.787509 4.105940 5.002831 1.417042 1196.760000
3.027515 1.903388 0.955832 2.363048 1.192003 1.474098 3.892265 5.002831 0.922422 2151.240000
3.027515 1.903388 0.955832 2.363048 1.192003 1.474098 3.892265 5.002831 0.922422 1200.600000
3.027515 3.174803 0.955832 2.363048 1.045033 0.994328 3.892265 4.895065 1.393785 1054.280000
3.670489 1.903388 1.506545 3.511528 1.192003 1.474098 4.243745 5.002831 0.922422 1176.600000
3.027515 2.173422 0.955832 2.363048 1.192003 1.474098 4.099258 4.990231 1.290189 2166.600000
2.578293 2.386786 1.080113 2.864022 0.967261 1.389133 3.892265 6.154455 0.627759 2213.760000
3.670489 1.903388 1.506545 3.511528 1.192003 1.474098 4.243745 5.002831 1.393785 1210.200000
3.027515 3.174803 0.955832 2.363048 1.045033 0.994328 3.892265 4.895065 0.922422 1200.800000
3.051902 1.933123 0.973376 2.380398 1.181438 1.455529 3.924016 4.997265 1.064595 1149.720000
3.204913 2.143687 1.062569 2.542478 1.182713 1.407701 4.067506 4.995797 1.148016 864.840000
3.490479 2.883534 1.431893 3.383326 1.058417 1.095404 4.170816 4.936356 1.302256 1211.160000
3.207525 2.194657 1.030483 2.491250 1.178620 1.373022 3.965194 4.961540 1.013951 1023.440000
3.281239 2.027934 0.955832 2.363048 1.192003 0.911490 4.114265 5.002831 1.460247 2188.680000
4.865596 2.127817 1.427018 2.363048 0.969589 1.234533 4.956710 3.199824 1.504585 874.440000
4.593855 1.903388 0.893198 1.135313 0.579312 0.655670 4.187066 6.855920 1.300763 1169.120000
3.835879 2.745881 1.227108 2.559828 1.192003 0.655670 4.260798 5.002831 0.922422 2219.520000
3.723711 2.542911 1.121865 2.765009 1.069631 1.230147 4.102686 4.930297 1.459095 2178.120000
3.677178 2.260017 0.156920 2.252841 1.009421 1.595565 3.862649 2.607319 1.325649 1210.200000
3.027515 1.903388 0.955832 2.363048 0.969589 0.911490 3.965194 4.997265 2.075968 1191.960000
2.578293 2.126935 0.955832 3.511528 1.192003 0.748630 3.892265 6.855920 1.534641 2200.320000
3.670489 3.174803 1.506545 3.511528 1.045033 0.994328 4.243745 4.840856 1.534641 2175.240000
6.422007 2.848243 1.227108 3.794193 1.330880 1.313552 6.436723 5.182557 1.393785 890.760000
3.670489 3.714700 1.736109 3.831071 1.002596 0.994328 4.243745 4.895065 1.393785 2171.400000
3.677178 2.734622 1.715924 2.363048 1.192003 0.671925 3.892265 5.002831 0.922422 2140.680000
3.027515 1.903388 0.955832 2.363048 1.192003 1.474098 3.892265 5.002831 0.922422 1141.080000
3.027515 1.903388 0.955832 2.363048 1.192003 1.474098 3.892265 5.002831 0.922422 1228.880000
3.670489 1.903388 1.506545 2.363048 1.045033 1.474098 3.892265 5.002831 0.922422 1239.960000
3.027515 3.174803 0.955832 3.511528 1.192003 0.994328 4.243745 4.895065 1.393785 1159.760000
3.804230 3.514577 1.715924 3.741312 1.009525 0.912990 4.351306 4.791581 1.703144 2195.400000
3.702138 3.374926 1.526730 3.601287 1.038104 0.970388 4.277043 4.870719 1.766609 2191.560000
3.670489 3.174803 1.506545 3.511528 1.045033 0.994328 4.243745 4.895065 1.393785 2232.960000
3.027515 1.903388 0.955832 2.363048 1.192003 1.474098 3.892265 5.002831 0.922422 2230.080000
2.447262 2.887888 0.780009 2.786155 1.371972 1.339851 3.986840 4.694560 1.417294 1129.280000
3.804230 3.714700 1.227108 2.542478 1.045033 1.287797 4.243745 5.002831 1.567820 1038.480000
3.027515 1.903388 0.893198 2.363048 1.160140 1.455529 4.099258 5.002831 0.922422 2176.200000
3.816460 2.745881 1.227108 2.864551 1.048204 1.148902 4.370219 4.840856 1.534641 2221.440000
3.229300 2.173422 1.080113 2.559828 1.172148 1.389133 4.099258 4.990231 1.290189 2219.520000
3.027515 1.903388 0.955832 2.363048 1.192003 1.474098 3.892265 5.002831 0.922422 2208.960000
2.536919 0.313217 0.813644 1.808941 1.990551 0.811893 4.105940 6.463923 0.390251 827.400000
3.027515 1.903388 0.955832 2.363048 1.192003 1.474098 3.892265 5.002831 0.922422 2206.920000
3.119432 2.734622 1.184307 2.494456 1.158270 1.289619 3.977555 4.982921 1.320433 2203.200000
3.514797 2.597409 1.120131 2.739661 1.145773 0.748630 4.260622 4.881897 1.567820 2196.360000
3.301880 2.126935 1.155900 2.490230 1.160140 1.352716 4.260798 4.895773 1.348595 2195.400000
3.428175 2.161117 1.014305 2.739231 1.152270 1.287797 3.967428 4.945588 1.015534 2191.560000
3.027515 1.903388 0.955832 2.363048 1.192003 1.474098 3.892265 5.002831 0.922422 2188.680000
3.670489 3.174803 1.506545 3.511528 1.045033 0.994328 4.243745 4.895065 1.393785 2232.960000
Gen 7 FITNESS 2232.960000 DIVERSITY 94.744556
 VILLAGER_LEADER F 2232.960000 3.670489 3.174803 1.506545 3.511528 1.045033 0.994328 4.243745 4.895065 1.393785 
GEN 8 NUM_GENOME 50 NUM_VILLAGE 1
3.830352 2.745881 1.227108 2.694183 1.182812 0.772956 4.301736 4.984772 1.089510 -100000000000.000000
3.821987 2.745881 1.227108 2.730197 1.057395 1.031616 4.329281 4.858915 1.367553 -100000000000.000000
3.670489 3.174803 1.506545 3.511528 1.045033 0.994328 4.243745 4.895065 1.393785 -100000000000.000000
3.670489 3.174803 1.506545 3.511528 1.045033 0.994328 4.243745 4.895065 1.393785 -100000000000.000000
2.944182 2.263163 1.080113 2.701637 1.037832 1.389133 3.956489 5.991482 0.715866 -100000000000.000000
3.773951 2.130042 1.227108 2.851335 1.045033 1.389133 3.892265 4.910094 0.922422 -100000000000.000000
3.816460 2.745881 1.506545 2.864551 1.048204 1.148902 4.370219 4.895065 1.393785 -100000000000.000000
3.670489 3.174803 1.227108 3.511528 1.045033 0.994328 4.243745 4.840856 1.534641 -100000000000.000000
3.193124 2.033358 1.225872 2.851335 1.157331 1.241670 4.055832 4.959975 1.117705 -100000000000.000000
3.504880 3.044833 1.236504 3.023241 1.079705 1.226756 4.080177 4.937921 1.198502 -100000000000.000000
3.027515 1.903388 0.955832 3.741312 1.009525 1.474098 3.892265 4.791581 0.922422 -100000000000.000000
3.804230 3.514577 1.715924 2.363048 1.192003 0.912990 4.351306 5.002831 1.703144 -100000000000.000000
3.119432 2.734622 1.227108 2.559828 1.172148 1.389133 4.243745 4.858915 1.320433 -100000000000.000000
2.578293 2.386786 1.080113 2.559828 0.967261 0.655670 3.892265 5.002831 0.627759 -100000000000.000000
1.824767 1.186972 0.955832 3.020431 0.554463 0.586988 3.136379 5.002831 0.411947 -100000000000.000000
3.816460 3.514577 1.410656 2.559828 1.074978 1.148902 4.099258 5.002831 0.922422 -100000000000.000000
3.027515 2.320030 0.955832 2.494456 1.162058 0.655670 4.053287 6.008976 0.922422 -100000000000.000000
2.742858 2.677689 1.176002 2.935924 0.983932 1.279135 3.957417 6.008976 0.983986 -100000000000.000000
3.670489 3.174803 1.506545 3.511528 1.045033 0.994328 4.243745 4.895065 1.393785 -100000000000.000000
3.670489 3.174803 1.506545 3.511528 1.045033 0.994328 4.243745 4.895065 1.393785 -100000000000.000000
3.636302 2.689576 1.072874 2.476105 1.192003 0.954864 4.173145 5.002831 0.922422 -100000000000.000000
3.227092 1.959693 1.110066 2.446771 1.192003 1.174903 3.979917 5.002831 0.922422 -100000000000.000000
3.401071 2.320030 1.163555 2.625146 1.162595 1.330727 4.242521 4.982752 1.325755 -100000000000.000000
3.644689 2.599273 1.143667 2.799233 1.057757 1.207307 4.226955 4.848335 1.499075 -100000000000.000000
3.118095 2.130042 1.065106 2.614135 1.162058 1.442887 4.061249 4.976264 1.128559 -100000000000.000000
3.579909 2.948148 1.397271 3.260441 1.074978 1.025539 4.074760 4.921632 1.187648 -100000000000.000000
3.835879 3.174803 1.506545 2.490230 1.045033 0.655670 3.892265 4.895065 0.922422 -100000000000.000000
1.967897 3.626681 1.390229 4.282249 1.238132 1.389133 0.492913 9.187874 0.971424 -100000000000.000000
3.027515 2.745881 0.955832 2.363048 1.192003 0.655670 4.260798 5.002831 0.922422 -100000000000.000000
3.835879 1.903388 1.227108 2.559828 1.192003 1.474098 3.892265 5.002831 0.922422 -100000000000.000000
3.712997 3.067689 1.402647 3.143610 1.045355 1.063236 4.264675 4.887421 1.412454 -100000000000.000000
3.670489 1.903388 1.110066 2.739661 1.182812 1.226756 3.892265 4.858915 1.393785 -100000000000.000000
3.349111 2.903600 1.284648 3.068725 1.098503 1.244589 4.053287 4.967892 1.324699 -100000000000.000000
3.440810 3.005825 1.406204 2.937260 1.104801 1.039358 4.168012 4.910094 1.389520 -100000000000.000000
3.670489 3.174803 1.506545 3.511528 1.045033 0.994328 4.243745 4.895065 1.393785 2232.960000
4.279863 5.056624 2.858495 4.415733 0.296454 1.101366 2.832838 4.489091 2.599813 -100000000000.000000
3.027515 1.903388 0.955832 2.363048 1.192003 1.474098 3.892265 5.002831 0.922422 2230.080000
3.816460 2.745881 1.227108 2.864551 1.048204 1.148902 4.370219 4.840856 1.534641 2221.440000
3.835879 2.745881 1.227108 2.559828 1.192003 0.655670 4.260798 5.002831 0.922422 2219.520000
3.681430 1.464063 0.948049 3.869852 0.617981 1.454313 4.484278 5.693128 1.336411 -100000000000.000000
2.578293 2.386786 1.080113 2.864022 0.967261 1.389133 3.892265 6.154455 0.627759 2213.760000
3.027515 1.903388 0.466118 2.920154 1.192003 2.215209 1.976050 5.002831 1.714814 -100000000000.000000
3.027515 3.283513 0.672480 2.733634 0.836969 1.402745 3.190776 4.770249 1.093885 -100000000000.000000
3.119432 2.734622 1.184307 2.494456 1.158270 1.289619 3.977555 4.982921 1.320433 2203.200000
3.712997 1.903388 1.110066 2.446771 0.967261 0.994328 4.226955 4.895065 1.534641 -100000000000.000000
3.336128 3.733654 0.905122 3.270410 1.253847 0.748630 2.879977 10.430723 1.439585 -100000000000.000000
3.514797 2.597409 1.120131 2.739661 1.145773 0.748630 4.260622 4.881897 1.567820 2196.360000
3.804230 3.514577 1.715924 3.741312 1.009525 0.912990 4.351306 4.791581 1.703144 2195.400000
3.301880 2.126935 1.155900 2.490230 1.160140 1.352716 4.260798 4.895773 1.348595 2195.400000
3.670489 3.174803 1.506545 3.511528 1.045033 0.994328 4.243745 4.895065 1.393785 2232.960000
FILLING
3.830352 2.745881 1.227108 2.694183 1.182812 0.772956 4.301736 4.984772 1.089510 2213.760000
3.821987 2.745881 1.227108 2.730197 1.057395 1.031616 4.329281 4.858915 1.367553 1048.080000
3.670489 3.174803 1.506545 3.511528 1.045033 0.994328 4.243745 4.895065 1.393785 2208.000000
3.670489 3.174803 1.506545 3.511528 1.045033 0.994328 4.243745 4.895065 1.393785 2176.200000
2.944182 2.263163 1.080113 2.701637 1.037832 1.389133 3.956489 5.991482 0.715866 2237.760000
3.773951 2.130042 1.227108 2.851335 1.045033 1.389133 3.892265 4.910094 0.922422 1143.960000
3.816460 2.745881 1.506545 2.864551 1.048204 1.148902 4.370219 4.895065 1.393785 2166.600000
3.670489 3.174803 1.227108 3.511528 1.045033 0.994328 4.243745 4.840856 1.534641 2174.280000
3.193124 2.033358 1.225872 2.851335 1.157331 1.241670 4.055832 4.959975 1.117705 2152.200000
3.504880 3.044833 1.236504 3.023241 1.079705 1.226756 4.080177 4.937921 1.198502 2132.040000
3.027515 1.903388 0.955832 3.741312 1.009525 1.474098 3.892265 4.791581 0.922422 894.600000
3.804230 3.514577 1.715924 2.363048 1.192003 0.912990 4.351306 5.002831 1.703144 2179.600000
3.119432 2.734622 1.227108 2.559828 1.172148 1.389133 4.243745 4.858915 1.320433 2192.640000
2.578293 2.386786 1.080113 2.559828 0.967261 0.655670 3.892265 5.002831 0.627759 2157.960000
1.824767 1.186972 0.955832 3.020431 0.554463 0.586988 3.136379 5.002831 0.411947 1181.400000
3.816460 3.514577 1.410656 2.559828 1.074978 1.148902 4.099258 5.002831 0.922422 2183.040000
3.027515 2.320030 0.955832 2.494456 1.162058 0.655670 4.053287 6.008976 0.922422 2189.760000
2.742858 2.677689 1.176002 2.935924 0.983932 1.279135 3.957417 6.008976 0.983986 2141.640000
3.670489 3.174803 1.506545 3.511528 1.045033 0.994328 4.243745 4.895065 1.393785 2181.960000
3.670489 3.174803 1.506545 3.511528 1.045033 0.994328 4.243745 4.895065 1.393785 2169.480000
3.636302 2.689576 1.072874 2.476105 1.192003 0.954864 4.173145 5.002831 0.922422 2168.520000
3.227092 1.959693 1.110066 2.446771 1.192003 1.174903 3.979917 5.002831 0.922422 1255.440000
3.401071 2.320030 1.163555 2.625146 1.162595 1.330727 4.242521 4.982752 1.325755 1135.320000
3.644689 2.599273 1.143667 2.799233 1.057757 1.207307 4.226955 4.848335 1.499075 1141.080000
3.118095 2.130042 1.065106 2.614135 1.162058 1.442887 4.061249 4.976264 1.128559 2195.400000
3.579909 2.948148 1.397271 3.260441 1.074978 1.025539 4.074760 4.921632 1.187648 2192.520000
3.835879 3.174803 1.506545 2.490230 1.045033 0.655670 3.892265 4.895065 0.922422 2154.120000
1.967897 3.626681 1.390229 4.282249 1.238132 1.389133 0.492913 9.187874 0.971424 1183.520000
3.027515 2.745881 0.955832 2.363048 1.192003 0.655670 4.260798 5.002831 0.922422 1054.280000
3.835879 1.903388 1.227108 2.559828 1.192003 1.474098 3.892265 5.002831 0.922422 2178.120000
3.712997 3.067689 1.402647 3.143610 1.045355 1.063236 4.264675 4.887421 1.412454 2173.320000
3.670489 1.903388 1.110066 2.739661 1.182812 1.226756 3.892265 4.858915 1.393785 1162.200000
3.349111 2.903600 1.284648 3.068725 1.098503 1.244589 4.053287 4.967892 1.324699 2174.280000
3.440810 3.005825 1.406204 2.937260 1.104801 1.039358 4.168012 4.910094 1.389520 1157.840000
3.670489 3.174803 1.506545 3.511528 1.045033 0.994328 4.243745 4.895065 1.393785 2232.960000
4.279863 5.056624 2.858495 4.415733 0.296454 1.101366 2.832838 4.489091 2.599813 1191.000000
3.027515 1.903388 0.955832 2.363048 1.192003 1.474098 3.892265 5.002831 0.922422 2230.080000
3.816460 2.745881 1.227108 2.864551 1.048204 1.148902 4.370219 4.840856 1.534641 2221.440000
3.835879 2.745881 1.227108 2.559828 1.192003 0.655670 4.260798 5.002831 0.922422 2219.520000
3.681430 1.464063 0.948049 3.869852 0.617981 1.454313 4.484278 5.693128 1.336411 880.200000
2.578293 2.386786 1.080113 2.864022 0.967261 1.389133 3.892265 6.154455 0.627759 2213.760000
3.027515 1.903388 0.466118 2.920154 1.192003 2.215209 1.976050 5.002831 1.714814 2176.200000
3.027515 3.283513 0.672480 2.733634 0.836969 1.402745 3.190776 4.770249 1.093885 1177.760000
3.119432 2.734622 1.184307 2.494456 1.158270 1.289619 3.977555 4.982921 1.320433 2203.200000
3.712997 1.903388 1.110066 2.446771 0.967261 0.994328 4.226955 4.895065 1.534641 892.680000
3.336128 3.733654 0.905122 3.270410 1.253847 0.748630 2.879977 10.430723 1.439585 1182.800000
3.514797 2.597409 1.120131 2.739661 1.145773 0.748630 4.260622 4.881897 1.567820 2196.360000
3.804230 3.514577 1.715924 3.741312 1.009525 0.912990 4.351306 4.791581 1.703144 2195.400000
3.301880 2.126935 1.155900 2.490230 1.160140 1.352716 4.260798 4.895773 1.348595 2195.400000
3.670489 3.174803 1.506545 3.511528 1.045033 0.994328 4.243745 4.895065 1.393785 2232.960000
Gen 8 FITNESS 2237.760000 DIVERSITY 101.984770
 VILLAGER_LEADER F 2237.760000 2.944182 2.263163 1.080113 2.701637 1.037832 1.389133 3.956489 5.991482 0.715866 
GEN 9 NUM_GENOME 50 NUM_VILLAGE 1
3.076358 1.946355 1.110046 2.578731 1.161098 1.436889 4.018463 4.981398 1.224602 -100000000000.000000
3.147892 2.320030 1.715924 2.701637 1.037832 1.389133 3.892265 4.858915 0.627759 -100000000000.000000
2.944182 2.263163 1.227108 2.864551 1.037832 1.389133 4.370219 4.840856 1.534641 -100000000000.000000
3.816460 2.745881 1.080113 2.701637 1.048204 1.148902 3.956489 5.991482 0.715866 -100000000000.000000
2.944182 3.174803 1.080113 3.511528 1.045033 0.994328 4.243745 4.895065 1.393785 -100000000000.000000
5.536486 3.997739 1.506545 1.246354 0.849834 1.535720 3.956489 4.732644 0.927295 -100000000000.000000
3.067969 2.287513 1.101907 2.505100 1.174862 1.300940 4.012502 4.985195 1.159473 -100000000000.000000
3.630035 2.790678 1.360470 3.369476 1.062175 1.167486 4.123508 4.912700 1.156734 -100000000000.000000
3.670489 3.174803 1.506545 3.511528 1.045033 0.994328 4.243745 4.895065 1.393785 -100000000000.000000
4.978064 4.526518 1.152923 5.457354 1.379118 1.086207 5.714649 1.306180 0.985565 -100000000000.000000
3.027515 3.174803 1.506545 2.694183 1.009525 0.829716 4.370219 5.991482 0.715866 -100000000000.000000
3.497543 2.789464 1.353529 3.314296 1.044613 1.053045 4.198659 5.139518 1.298655 -100000000000.000000
3.816460 3.514577 1.715924 2.864551 1.192003 1.148902 4.370219 4.840856 1.534641 -100000000000.000000
3.804230 2.745881 1.227108 2.363048 1.048204 0.912990 4.351306 5.002831 1.703144 -100000000000.000000
2.652878 2.494931 1.223915 3.150301 1.504341 1.896308 7.055586 6.037252 1.294945 -100000000000.000000
3.696083 2.701345 1.199645 2.811271 1.112187 1.343757 4.344713 4.860601 1.367557 -100000000000.000000
3.538457 2.630128 1.163973 2.722010 1.156646 0.760011 4.267555 4.935254 1.516005 -100000000000.000000
3.806692 2.713162 1.183267 2.711834 1.171939 0.761575 4.294803 4.931416 1.141325 -100000000000.000000
2.248854 3.008677 0.802579 1.975818 0.994021 0.725756 4.243745 4.895065 1.141201 -100000000000.000000
3.670489 3.174803 1.506545 3.511528 1.045033 0.994328 4.243745 4.895065 1.393785 -100000000000.000000
3.830352 2.745881 1.227108 2.694183 1.045033 0.772956 4.301736 4.895065 1.089510 -100000000000.000000
3.670489 3.174803 1.506545 3.511528 1.182812 0.994328 4.243745 4.984772 1.393785 -100000000000.000000
3.670489 3.174803 1.506545 3.511528 1.045033 0.994328 4.243745 4.895065 1.393785 -100000000000.000000
3.670489 3.174803 1.506545 3.511528 1.045033 0.994328 4.243745 4.895065 1.393785 -100000000000.000000
3.670489 2.745881 1.506545 3.511528 1.045033 0.994328 4.260798 5.002831 0.922422 -100000000000.000000
3.835879 3.174803 1.227108 2.559828 1.192003 0.655670 4.243745 4.895065 1.393785 -100000000000.000000
3.724110 1.519077 0.900008 4.183041 1.279798 0.698839 5.113684 5.067327 1.038286 -100000000000.000000
3.027515 2.263163 0.955832 2.494456 1.037832 1.389133 4.053287 6.008976 0.922422 -100000000000.000000
3.670489 2.263163 1.080113 2.701637 1.045033 1.389133 3.956489 4.895065 1.393785 -100000000000.000000
1.720381 2.909356 0.982546 3.511528 0.954083 1.070276 4.243745 4.864121 0.581976 -100000000000.000000
3.167288 2.277150 0.988011 2.388648 1.192003 1.300052 3.996557 5.002831 0.922422 -100000000000.000000
3.027515 2.745881 1.360470 4.183041 1.045033 1.343757 4.243745 4.981398 1.298655 -100000000000.000000
2.578293 2.263163 1.080113 2.701637 1.037832 1.389133 3.956489 6.154455 0.715866 -100000000000.000000
2.944182 2.386786 1.080113 2.864022 0.967261 1.389133 3.892265 5.991482 0.627759 -100000000000.000000
2.944182 2.263163 1.080113 2.701637 1.037832 1.389133 3.956489 5.991482 0.715866 2237.760000
3.670489 3.174803 1.506545 3.511528 1.045033 0.994328 4.243745 4.895065 1.393785 2232.960000
3.670489 3.174803 1.506545 3.511528 1.045033 0.994328 4.243745 4.895065 1.393785 2232.960000
3.027515 1.903388 0.955832 2.363048 1.192003 1.474098 3.892265 5.002831 0.922422 2230.080000
3.816460 2.745881 1.227108 2.864551 1.048204 1.148902 4.370219 4.840856 1.534641 2221.440000
3.835879 2.745881 1.025062 1.590517 0.994066 0.732095 4.071506 5.002831 1.308945 -100000000000.000000
2.578293 2.386786 1.080113 2.864022 0.967261 1.389133 3.892265 6.154455 0.627759 2213.760000
3.830352 2.745881 1.227108 2.694183 1.182812 0.772956 4.301736 4.984772 1.089510 2213.760000
3.670489 3.174803 1.506545 3.511528 1.045033 0.994328 4.243745 4.895065 1.393785 2208.000000
3.119432 2.734622 1.184307 2.494456 1.158270 1.289619 3.977555 4.982921 1.320433 2203.200000
3.514797 2.597409 1.120131 2.739661 1.145773 0.748630 4.260622 4.881897 1.567820 2196.360000
3.301880 2.126935 1.155900 2.490230 1.160140 1.352716 4.260798 4.895773 1.348595 2195.400000
3.058061 5.522413 3.224186 5.951635 0.751310 0.996320 3.117621 2.040040 2.450031 -100000000000.000000
3.118095 2.130042 1.065106 2.614135 1.162058 1.442887 4.061249 4.976264 1.128559 2195.400000
3.119432 2.734622 1.227108 2.559828 1.172148 1.389133 4.243745 4.858915 1.320433 2192.640000
2.944182 2.263163 1.080113 2.701637 1.037832 1.389133 3.956489 5.991482 0.715866 2237.760000
FILLING
3.076358 1.946355 1.110046 2.578731 1.161098 1.436889 4.018463 4.981398 1.224602 1230.800000
3.147892 2.320030 1.715924 2.701637 1.037832 1.389133 3.892265 4.858915 0.627759 1224.080000
2.944182 2.263163 1.227108 2.864551 1.037832 1.389133 4.370219 4.840856 1.534641 2165.640000
3.816460 2.745881 1.080113 2.701637 1.048204 1.148902 3.956489 5.991482 0.715866 2185.800000
2.944182 3.174803 1.080113 3.511528 1.045033 0.994328 4.243745 4.895065 1.393785 2116.680000
5.536486 3.997739 1.506545 1.246354 0.849834 1.535720 3.956489 4.732644 0.927295 2157.120000
3.067969 2.287513 1.101907 2.505100 1.174862 1.300940 4.012502 4.985195 1.159473 2181.000000
3.630035 2.790678 1.360470 3.369476 1.062175 1.167486 4.123508 4.912700 1.156734 1212.560000
3.670489 3.174803 1.506545 3.511528 1.045033 0.994328 4.243745 4.895065 1.393785 2146.440000
4.978064 4.526518 1.152923 5.457354 1.379118 1.086207 5.714649 1.306180 0.985565 1162.200000
3.027515 3.174803 1.506545 2.694183 1.009525 0.829716 4.370219 5.991482 0.715866 2133.000000
3.497543 2.789464 1.353529 3.314296 1.044613 1.053045 4.198659 5.139518 1.298655 2219.520000
3.816460 3.514577 1.715924 2.864551 1.192003 1.148902 4.370219 4.840856 1.534641 2097.480000
3.804230 2.745881 1.227108 2.363048 1.048204 0.912990 4.351306 5.002831 1.703144 2197.440000
2.652878 2.494931 1.223915 3.150301 1.504341 1.896308 7.055586 6.037252 1.294945 2189.760000
3.696083 2.701345 1.199645 2.811271 1.112187 1.343757 4.344713 4.860601 1.367557 2203.080000
3.538457 2.630128 1.163973 2.722010 1.156646 0.760011 4.267555 4.935254 1.516005 1226.960000
3.806692 2.713162 1.183267 2.711834 1.171939 0.761575 4.294803 4.931416 1.141325 2170.440000
2.248854 3.008677 0.802579 1.975818 0.994021 0.725756 4.243745 4.895065 1.141201 1213.280000
3.670489 3.174803 1.506545 3.511528 1.045033 0.994328 4.243745 4.895065 1.393785 1224.080000
3.830352 2.745881 1.227108 2.694183 1.045033 0.772956 4.301736 4.895065 1.089510 1203.480000
3.670489 3.174803 1.506545 3.511528 1.182812 0.994328 4.243745 4.984772 1.393785 2224.320000
3.670489 3.174803 1.506545 3.511528 1.045033 0.994328 4.243745 4.895065 1.393785 2182.920000
3.670489 3.174803 1.506545 3.511528 1.045033 0.994328 4.243745 4.895065 1.393785 2210.880000
3.670489 2.745881 1.506545 3.511528 1.045033 0.994328 4.260798 5.002831 0.922422 1219.280000
3.835879 3.174803 1.227108 2.559828 1.192003 0.655670 4.243745 4.895065 1.393785 2196.480000
3.724110 1.519077 0.900008 4.183041 1.279798 0.698839 5.113684 5.067327 1.038286 1147.800000
3.027515 2.263163 0.955832 2.494456 1.037832 1.389133 4.053287 6.008976 0.922422 917.440000
3.670489 2.263163 1.080113 2.701637 1.045033 1.389133 3.956489 4.895065 1.393785 1146.840000
1.720381 2.909356 0.982546 3.511528 0.954083 1.070276 4.243745 4.864121 0.581976 825.280000
3.167288 2.277150 0.988011 2.388648 1.192003 1.300052 3.996557 5.002831 0.922422 1157.600000
3.027515 2.745881 1.360470 4.183041 1.045033 1.343757 4.243745 4.981398 1.298655 1220.240000
2.578293 2.263163 1.080113 2.701637 1.037832 1.389133 3.956489 6.154455 0.715866 2152.200000
2.944182 2.386786 1.080113 2.864022 0.967261 1.389133 3.892265 5.991482 0.627759 2178.120000
2.944182 2.263163 1.080113 2.701637 1.037832 1.389133 3.956489 5.991482 0.715866 2237.760000
3.670489 3.174803 1.506545 3.511528 1.045033 0.994328 4.243745 4.895065 1.393785 2232.960000
3.670489 3.174803 1.506545 3.511528 1.045033 0.994328 4.243745 4.895065 1.393785 2232.960000
3.027515 1.903388 0.955832 2.363048 1.192003 1.474098 3.892265 5.002831 0.922422 2230.080000
3.816460 2.745881 1.227108 2.864551 1.048204 1.148902 4.370219 4.840856 1.534641 2221.440000
3.835879 2.745881 1.025062 1.590517 0.994066 0.732095 4.071506 5.002831 1.308945 1110.800000
2.578293 2.386786 1.080113 2.864022 0.967261 1.389133 3.892265 6.154455 0.627759 2213.760000
3.830352 2.745881 1.227108 2.694183 1.182812 0.772956 4.301736 4.984772 1.089510 2213.760000
3.670489 3.174803 1.506545 3.511528 1.045033 0.994328 4.243745 4.895065 1.393785 2208.000000
3.119432 2.734622 1.184307 2.494456 1.158270 1.289619 3.977555 4.982921 1.320433 2203.200000
3.514797 2.597409 1.120131 2.739661 1.145773 0.748630 4.260622 4.881897 1.567820 2196.360000
3.301880 2.126935 1.155900 2.490230 1.160140 1.352716 4.260798 4.895773 1.348595 2195.400000
3.058061 5.522413 3.224186 5.951635 0.751310 0.996320 3.117621 2.040040 2.450031 1019.280000
3.118095 2.130042 1.065106 2.614135 1.162058 1.442887 4.061249 4.976264 1.128559 2195.400000
3.119432 2.734622 1.227108 2.559828 1.172148 1.389133 4.243745 4.858915 1.320433 2192.640000
2.944182 2.263163 1.080113 2.701637 1.037832 1.389133 3.956489 5.991482 0.715866 2237.760000
Gen 9 FITNESS 2237.760000 DIVERSITY 103.867904
 VILLAGER_LEADER F 2237.760000 2.944182 2.263163 1.080113 2.701637 1.037832 1.389133 3.956489 5.991482 0.715866 
END_OF_AN_ERA
