CHECKSUM 3681646727
GEN 0 NUM_GENOME 51 NUM_VILLAGE 3
0.327921 0.102695 3.392285 3.682363 0.337840 1.456365 3.137074 1.820048 2.043913 -100000000000.000000
1.221503 3.710440 0.429243 8.943144 1.189764 0.886676 2.959227 2.632511 1.866176 -100000000000.000000
2.647328 2.891171 0.694906 6.417432 0.479476 0.919977 1.044664 4.037568 1.238618 -100000000000.000000
0.889920 0.434584 4.128239 7.164525 2.138920 0.844041 4.911420 2.975845 2.199072 -100000000000.000000
3.234504 0.660115 3.273263 8.769189 0.502548 2.369546 3.356944 1.242424 1.043001 -100000000000.000000
3.636586 4.349803 4.517502 0.428175 1.594348 2.425810 3.191321 2.657506 0.971148 -100000000000.000000
4.852138 2.050233 3.485824 2.535783 0.370067 0.342634 4.764336 2.377209 1.479144 -100000000000.000000
0.103916 0.292520 4.603717 8.724326 1.527879 0.964156 3.995132 2.333399 0.331065 -100000000000.000000
1.127049 2.299265 3.821680 4.188360 1.432661 1.524311 0.900876 0.855281 0.727573 -100000000000.000000
4.186071 1.787774 3.508255 7.268899 1.979614 2.041160 1.559389 4.982971 0.594086 -100000000000.000000
0.327921 1.855373 1.240272 7.773064 1.762261 2.122401 4.988739 3.186377 2.000241 -100000000000.000000
0.411084 2.195959 3.124180 5.985290 2.054231 0.535261 1.353938 1.474929 2.565093 -100000000000.000000
3.885159 1.536302 4.524216 3.807184 0.440748 1.989731 1.134892 4.215827 1.166601 -100000000000.000000
3.027515 1.903388 0.748009 2.363048 1.192003 1.474098 3.969726 5.883135 0.922422 -100000000000.000000
3.027515 1.903388 0.748009 2.363048 1.192003 1.474098 3.969726 5.883135 0.922422 -100000000000.000000
3.027515 1.903388 0.748009 2.363048 1.192003 1.474098 3.969726 5.883135 0.922422 -100000000000.000000
3.027515 1.903388 0.748009 2.363048 1.192003 1.474098 3.969726 5.883135 0.922422 -100000000000.000000
4.032716 0.400861 3.180944 6.336558 2.267190 0.769918 2.143330 4.289163 1.905976 -100000000000.000000
1.761834 4.170660 1.093783 7.954344 2.139103 2.498926 3.094638 2.178625 1.348457 -100000000000.000000
3.326823 3.778649 2.748039 9.842524 2.093600 1.632072 4.703085 3.668279 2.724454 -100000000000.000000
4.955748 3.130131 3.304544 1.883602 2.573168 0.631541 3.650838 1.722541 2.679299 -100000000000.000000
3.143712 2.564776 2.074953 7.395245 0.268899 1.007730 2.830271 2.899213 1.201044 -100000000000.000000
4.597003 0.598773 1.940977 2.490616 1.030366 1.407553 3.972198 4.954268 2.907712 -100000000000.000000
2.748497 2.755211 4.611347 2.800378 1.502792 1.025925 3.849696 1.252312 1.079669 -100000000000.000000
0.446181 3.429212 4.606006 5.826594 2.000671 0.726881 4.169683 1.468062 0.588235 -100000000000.000000
0.065004 2.458571 0.702536 4.076968 0.182104 2.394925 3.123341 3.669378 0.332218 -100000000000.000000
2.184210 2.651448 2.053285 9.920957 2.898831 0.805100 2.111606 1.799860 2.547047 -100000000000.000000
4.206519 2.292703 2.437819 8.164617 2.722587 2.332954 4.714484 2.386685 2.435725 -100000000000.000000
2.874691 4.745170 4.396039 7.414167 0.798914 1.724323 1.692602 3.849559 2.907300 -100000000000.000000
4.282815 2.105625 4.050874 5.114902 2.855892 0.404807 4.362911 3.133641 0.487213 -100000000000.000000
3.027515 1.903388 0.748009 2.363048 1.192003 1.474098 3.969726 5.883135 0.922422 -100000000000.000000
3.027515 1.903388 0.748009 2.363048 1.192003 1.474098 3.969726 5.883135 0.922422 -100000000000.000000
3.027515 1.903388 0.748009 2.363048 1.192003 1.474098 3.969726 5.883135 0.922422 -100000000000.000000
3.027515 1.903388 0.748009 2.363048 1.192003 1.474098 3.969726 5.883135 0.922422 -100000000000.000000
3.484146 4.269997 4.636830 5.819575 2.899106 1.074267 1.977294 1.631077 2.112964 -100000000000.000000
0.531480 2.134159 4.793847 2.766198 2.699698 2.160671 2.399594 2.157888 0.977410 -100000000000.000000
3.484603 4.032716 2.252113 1.528062 2.959899 1.691760 4.288888 2.767235 2.872033 -100000000000.000000
4.453261 4.806360 1.908170 8.640400 2.297494 2.004770 4.192892 1.920164 2.678393 -100000000000.000000
3.471786 1.234779 2.734458 4.628132 2.103580 0.802078 4.183416 2.028245 2.951137 -100000000000.000000
3.468734 1.880703 0.866420 8.537553 0.845698 0.373855 4.259224 1.683676 2.920978 -100000000000.000000
4.531693 1.657460 3.184301 6.475723 0.979919 0.697742 2.161870 3.987716 1.573821 -100000000000.000000
3.284555 3.620716 4.042329 7.359844 2.388592 1.255748 2.847713 2.201971 1.866259 -100000000000.000000
3.904386 4.487442 2.381512 1.975463 1.289193 1.924134 3.735847 4.070803 2.492169 -100000000000.000000
3.270363 0.337840 3.050630 3.242286 1.751915 2.097089 4.671911 1.103854 1.666851 -100000000000.000000
0.445112 3.532212 4.348735 4.948576 0.868954 1.068493 4.885464 3.999527 1.806436 -100000000000.000000
2.348704 0.055391 4.764092 7.425153 0.278329 1.822483 0.588305 4.701437 0.792010 -100000000000.000000
4.606311 1.901456 0.418561 9.050874 1.878170 1.330006 3.858898 2.922285 2.086102 -100000000000.000000
3.027515 1.903388 0.748009 2.363048 1.192003 1.474098 3.969726 5.883135 0.922422 -100000000000.000000
3.027515 1.903388 0.748009 2.363048 1.192003 1.474098 3.969726 5.883135 0.922422 -100000000000.000000
3.027515 1.903388 0.748009 2.363048 1.192003 1.474098 3.969726 5.883135 0.922422 -100000000000.000000
3.027515 1.903388 0.748009 2.363048 1.192003 1.474098 3.969726 5.883135 0.922422 -100000000000.000000
FILLING
0.327921 0.102695 3.392285 3.682363 0.337840 1.456365 3.137074 1.820048 2.043913 903.040000
1.221503 3.710440 0.429243 8.943144 1.189764 0.886676 2.959227 2.632511 1.866176 1054.280000
2.647328 2.891171 0.694906 6.417432 0.479476 0.919977 1.044664 4.037568 1.238618 2142.600000
0.889920 0.434584 4.128239 7.164525 2.138920 0.844041 4.911420 2.975845 2.199072 820.480000
3.234504 0.660115 3.273263 8.769189 0.502548 2.369546 3.356944 1.242424 1.043001 1019.280000
3.636586 4.349803 4.517502 0.428175 1.594348 2.425810 3.191321 2.657506 0.971148 2132.040000
4.852138 2.050233 3.485824 2.535783 0.370067 0.342634 4.764336 2.377209 1.479144 817.600000
0.103916 0.292520 4.603717 8.724326 1.527879 0.964156 3.995132 2.333399 0.331065 898.240000
1.127049 2.299265 3.821680 4.188360 1.432661 1.524311 0.900876 0.855281 0.727573 896.520000
4.186071 1.787774 3.508255 7.268899 1.979614 2.041160 1.559389 4.982971 0.594086 1209.240000
0.327921 1.855373 1.240272 7.773064 1.762261 2.122401 4.988739 3.186377 2.000241 898.240000
0.411084 2.195959 3.124180 5.985290 2.054231 0.535261 1.353938 1.474929 2.565093 866.760000
3.885159 1.536302 4.524216 3.807184 0.440748 1.989731 1.134892 4.215827 1.166601 807.040000
3.027515 1.903388 0.748009 2.363048 1.192003 1.474098 3.969726 5.883135 0.922422 1210.200000
3.027515 1.903388 0.748009 2.363048 1.192003 1.474098 3.969726 5.883135 0.922422 808.000000
3.027515 1.903388 0.748009 2.363048 1.192003 1.474098 3.969726 5.883135 0.922422 1215.960000
3.027515 1.903388 0.748009 2.363048 1.192003 1.474098 3.969726 5.883135 0.922422 2223.360000
4.032716 0.400861 3.180944 6.336558 2.267190 0.769918 2.143330 4.289163 1.905976 1019.280000
1.761834 4.170660 1.093783 7.954344 2.139103 2.498926 3.094638 2.178625 1.348457 1167.000000
3.326823 3.778649 2.748039 9.842524 2.093600 1.632072 4.703085 3.668279 2.724454 1233.360000
4.955748 3.130131 3.304544 1.883602 2.573168 0.631541 3.650838 1.722541 2.679299 1165.080000
3.143712 2.564776 2.074953 7.395245 0.268899 1.007730 2.830271 2.899213 1.201044 826.240000
4.597003 0.598773 1.940977 2.490616 1.030366 1.407553 3.972198 4.954268 2.907712 927.040000
2.748497 2.755211 4.611347 2.800378 1.502792 1.025925 3.849696 1.252312 1.079669 861.000000
0.446181 3.429212 4.606006 5.826594 2.000671 0.726881 4.169683 1.468062 0.588235 863.880000
0.065004 2.458571 0.702536 4.076968 0.182104 2.394925 3.123341 3.669378 0.332218 812.800000
2.184210 2.651448 2.053285 9.920957 2.898831 0.805100 2.111606 1.799860 2.547047 1229.840000
4.206519 2.292703 2.437819 8.164617 2.722587 2.332954 4.714484 2.386685 2.435725 1019.280000
2.874691 4.745170 4.396039 7.414167 0.798914 1.724323 1.692602 3.849559 2.907300 1143.000000
4.282815 2.105625 4.050874 5.114902 2.855892 0.404807 4.362911 3.133641 0.487213 1165.080000
3.027515 1.903388 0.748009 2.363048 1.192003 1.474098 3.969726 5.883135 0.922422 802.240000
3.027515 1.903388 0.748009 2.363048 1.192003 1.474098 3.969726 5.883135 0.922422 810.880000
3.027515 1.903388 0.748009 2.363048 1.192003 1.474098 3.969726 5.883135 0.922422 1215.000000
3.027515 1.903388 0.748009 2.363048 1.192003 1.474098 3.969726 5.883135 0.922422 2227.200000
3.484146 4.269997 4.636830 5.819575 2.899106 1.074267 1.977294 1.631077 2.112964 1130.520000
0.531480 2.134159 4.793847 2.766198 2.699698 2.160671 2.399594 2.157888 0.977410 1212.560000
3.484603 4.032716 2.252113 1.528062 2.959899 1.691760 4.288888 2.767235 2.872033 1138.640000
4.453261 4.806360 1.908170 8.640400 2.297494 2.004770 4.192892 1.920164 2.678393 817.600000
3.471786 1.234779 2.734458 4.628132 2.103580 0.802078 4.183416 2.028245 2.951137 1166.040000
3.468734 1.880703 0.866420 8.537553 0.845698 0.373855 4.259224 1.683676 2.920978 1239.960000
4.531693 1.657460 3.184301 6.475723 0.979919 0.697742 2.161870 3.987716 1.573821 821.440000
3.284555 3.620716 4.042329 7.359844 2.388592 1.255748 2.847713 2.201971 1.866259 1238.480000
3.904386 4.487442 2.381512 1.975463 1.289193 1.924134 3.735847 4.070803 2.492169 1052.240000
3.270363 0.337840 3.050630 3.242286 1.751915 2.097089 4.671911 1.103854 1.666851 1019.280000
0.445112 3.532212 4.348735 4.948576 0.868954 1.068493 4.885464 3.999527 1.806436 1208.480000
2.348704 0.055391 4.764092 7.425153 0.278329 1.822483 0.588305 4.701437 0.792010 899.200000
4.606311 1.901456 0.418561 9.050874 1.878170 1.330006 3.858898 2.922285 2.086102 1163.160000
3.027515 1.903388 0.748009 2.363048 1.192003 1.474098 3.969726 5.883135 0.922422 918.400000
3.027515 1.903388 0.748009 2.363048 1.192003 1.474098 3.969726 5.883135 0.922422 2187.720000
3.027515 1.903388 0.748009 2.363048 1.192003 1.474098 3.969726 5.883135 0.922422 2184.840000
3.027515 1.903388 0.748009 2.363048 1.192003 1.474098 3.969726 5.883135 0.922422 817.600000
Gen 0 FITNESS 2227.200000 DIVERSITY 111.105925
 VILLAGER_LEADER F 2227.200000 3.027515 1.903388 0.748009 2.363048 1.192003 1.474098 3.969726 5.883135 0.922422 
GEN 1 NUM_GENOME 50 NUM_VILLAGE 2
2.874691 3.130131 3.304544 1.883602 2.573168 0.631541 3.650838 1.722541 2.679299 -100000000000.000000
4.955748 4.745170 4.396039 7.414167 0.798914 1.724323 1.692602 3.849559 2.907300 -100000000000.000000
3.293742 3.573954 2.487843 7.996862 2.040431 1.592718 4.600662 4.893774 2.387423 -100000000000.000000
3.060596 2.108083 1.008205 4.208710 1.245172 1.513452 4.072149 4.657640 1.259453 -100000000000.000000
4.282815 2.105625 2.053285 5.114902 1.245172 0.631541 2.111606 5.883135 0.922422 -100000000000.000000
1.127049 1.903388 3.821680 4.188360 1.432661 1.474098 0.900876 0.855281 0.727573 -100000000000.000000
3.027515 1.903388 0.748009 2.363048 1.192003 1.474098 3.969726 5.883135 0.922422 -100000000000.000000
3.027515 1.903388 0.748009 2.363048 1.192003 1.474098 3.969726 5.883135 0.922422 -100000000000.000000
2.504884 2.537234 5.736560 5.296490 3.361167 0.672600 4.980802 2.211848 0.400926 -100000000000.000000
4.282815 2.105625 2.053285 5.114902 2.898831 0.404807 2.111606 3.133641 2.547047 -100000000000.000000
4.597003 0.598773 1.093783 2.490616 2.139103 2.498926 3.972198 2.178625 1.348457 -100000000000.000000
1.761834 4.170660 1.940977 7.954344 1.030366 1.407553 3.094638 4.954268 2.907712 -100000000000.000000
1.828235 3.314497 2.060799 15.555223 2.602783 0.581945 2.421721 1.166270 2.756345 -100000000000.000000
4.798901 3.000995 2.605417 2.447237 2.619225 0.671994 3.340723 1.758704 2.601197 -100000000000.000000
3.423957 2.761253 3.551195 5.725984 2.659280 0.797607 4.276690 3.082597 0.649153 -100000000000.000000
2.620692 3.515032 1.593462 7.343262 2.335715 2.106126 3.180859 2.229669 1.186517 -100000000000.000000
3.027515 1.903388 0.748009 2.363048 1.192003 1.474098 3.969726 5.883135 0.922422 2227.200000
3.326823 3.778649 2.748039 9.842524 2.093600 1.632072 4.703085 3.668279 2.724454 1233.360000
2.184210 2.651448 2.053285 9.920957 2.898831 0.805100 2.111606 1.799860 2.547047 1229.840000
3.027515 1.903388 0.748009 2.363048 1.192003 1.474098 3.969726 5.883135 0.922422 1215.000000
1.761834 4.170660 1.093783 7.954344 2.139103 2.498926 3.094638 2.178625 1.348457 1167.000000
4.282815 2.105625 4.050874 5.114902 2.855892 0.404807 4.362911 3.133641 0.487213 1165.080000
4.955748 3.130131 3.304544 1.883602 2.573168 0.631541 3.650838 1.722541 2.679299 1165.080000
1.828235 1.903388 4.396039 7.414167 2.602783 2.498926 3.969726 4.893774 2.547047 -100000000000.000000
3.027515 1.903388 0.748009 2.363048 1.192003 1.474098 3.969726 5.883135 0.922422 2227.200000
3.636586 1.903388 4.517502 2.363048 1.192003 2.425810 3.191321 2.657506 0.922422 -100000000000.000000
3.027515 4.349803 0.748009 0.428175 1.594348 1.474098 3.969726 5.883135 0.971148 -100000000000.000000
2.901727 2.052314 0.735887 3.669206 1.023984 1.309350 3.368172 4.841947 1.029344 -100000000000.000000
2.773116 2.742245 0.707028 5.111274 0.647495 1.084725 1.646218 5.078756 1.131696 -100000000000.000000
3.247860 2.389961 1.431325 1.486890 1.235456 1.653935 3.716924 5.215569 0.928023 -100000000000.000000
3.416241 3.863230 3.834186 1.304333 1.550895 2.245973 3.444123 3.325072 0.965547 -100000000000.000000
3.471786 1.880703 0.866420 4.628132 0.845698 0.373855 4.183416 1.683676 2.920978 -100000000000.000000
3.468734 1.234779 2.734458 8.537553 2.103580 0.802078 4.259224 2.028245 2.951137 -100000000000.000000
3.161991 2.389961 4.348735 7.617916 1.550895 1.255748 4.140386 4.148178 1.518756 -100000000000.000000
3.171566 2.620685 0.791617 5.091922 3.771834 1.588667 3.939442 0.593687 3.239575 -100000000000.000000
3.161991 2.097901 2.337782 4.682295 1.794285 1.429506 3.785582 4.676317 1.132813 -100000000000.000000
3.150079 3.426203 2.452556 5.040597 1.786310 1.300340 3.031857 3.408789 1.655868 -100000000000.000000
2.647328 2.891171 4.348735 4.948576 0.868954 0.919977 1.044664 4.037568 1.238618 -100000000000.000000
0.445112 3.532212 0.694906 6.417432 0.479476 1.068493 4.885464 3.999527 1.806436 -100000000000.000000
3.079163 1.900146 0.777575 3.282685 1.137989 1.214580 4.140386 3.418633 1.518756 -100000000000.000000
3.417086 1.883945 0.836854 7.617916 0.899712 0.633373 4.088564 4.148178 2.324644 -100000000000.000000
3.027515 1.903388 0.748009 2.363048 1.192003 1.474098 3.969726 5.883135 0.922422 2223.360000
3.027515 1.903388 0.748009 2.363048 1.192003 1.474098 3.969726 5.883135 0.922422 2184.840000
2.647328 2.891171 0.694906 6.417432 0.479476 0.919977 1.044664 4.037568 1.238618 2142.600000
3.636586 4.349803 4.517502 0.428175 1.594348 2.425810 3.191321 2.657506 0.971148 2132.040000
3.161991 2.389961 0.866420 8.537553 1.192003 2.245973 3.368172 4.676317 0.922422 -100000000000.000000
3.284555 3.620716 4.042329 7.359844 2.388592 1.255748 2.847713 2.201971 1.866259 1238.480000
3.027515 1.903388 0.748009 2.363048 1.192003 1.474098 3.969726 5.883135 0.922422 1215.960000
0.386324 1.749117 0.865145 0.747128 2.496526 1.277145 2.399594 0.971358 0.977410 -100000000000.000000
3.027515 1.903388 0.748009 2.363048 1.192003 1.474098 3.969726 5.883135 0.922422 2223.360000
FILLING
2.874691 3.130131 3.304544 1.883602 2.573168 0.631541 3.650838 1.722541 2.679299 883.080000
4.955748 4.745170 4.396039 7.414167 0.798914 1.724323 1.692602 3.849559 2.907300 901.320000
3.293742 3.573954 2.487843 7.996862 2.040431 1.592718 4.600662 4.893774 2.387423 1231.760000
3.060596 2.108083 1.008205 4.208710 1.245172 1.513452 4.072149 4.657640 1.259453 819.520000
4.282815 2.105625 2.053285 5.114902 1.245172 0.631541 2.111606 5.883135 0.922422 919.360000
1.127049 1.903388 3.821680 4.188360 1.432661 1.474098 0.900876 0.855281 0.727573 918.400000
3.027515 1.903388 0.748009 2.363048 1.192003 1.474098 3.969726 5.883135 0.922422 2181.960000
3.027515 1.903388 0.748009 2.363048 1.192003 1.474098 3.969726 5.883135 0.922422 1219.280000
2.504884 2.537234 5.736560 5.296490 3.361167 0.672600 4.980802 2.211848 0.400926 627.520000
4.282815 2.105625 2.053285 5.114902 2.898831 0.404807 2.111606 3.133641 2.547047 1163.160000
4.597003 0.598773 1.093783 2.490616 2.139103 2.498926 3.972198 2.178625 1.348457 815.680000
1.761834 4.170660 1.940977 7.954344 1.030366 1.407553 3.094638 4.954268 2.907712 2190.720000
1.828235 3.314497 2.060799 15.555223 2.602783 0.581945 2.421721 1.166270 2.756345 906.120000
4.798901 3.000995 2.605417 2.447237 2.619225 0.671994 3.340723 1.758704 2.601197 1022.160000
3.423957 2.761253 3.551195 5.725984 2.659280 0.797607 4.276690 3.082597 0.649153 1249.040000
2.620692 3.515032 1.593462 7.343262 2.335715 2.106126 3.180859 2.229669 1.186517 2111.880000
3.027515 1.903388 0.748009 2.363048 1.192003 1.474098 3.969726 5.883135 0.922422 2227.200000
3.326823 3.778649 2.748039 9.842524 2.093600 1.632072 4.703085 3.668279 2.724454 1233.360000
2.184210 2.651448 2.053285 9.920957 2.898831 0.805100 2.111606 1.799860 2.547047 1229.840000
3.027515 1.903388 0.748009 2.363048 1.192003 1.474098 3.969726 5.883135 0.922422 1215.000000
1.761834 4.170660 1.093783 7.954344 2.139103 2.498926 3.094638 2.178625 1.348457 1167.000000
4.282815 2.105625 4.050874 5.114902 2.855892 0.404807 4.362911 3.133641 0.487213 1165.080000
4.955748 3.130131 3.304544 1.883602 2.573168 0.631541 3.650838 1.722541 2.679299 1165.080000
1.828235 1.903388 4.396039 7.414167 2.602783 2.498926 3.969726 4.893774 2.547047 1236.240000
3.027515 1.903388 0.748009 2.363048 1.192003 1.474098 3.969726 5.883135 0.922422 2227.200000
3.636586 1.903388 4.517502 2.363048 1.192003 2.425810 3.191321 2.657506 0.922422 1221.720000
3.027515 4.349803 0.748009 0.428175 1.594348 1.474098 3.969726 5.883135 0.971148 898.240000
2.901727 2.052314 0.735887 3.669206 1.023984 1.309350 3.368172 4.841947 1.029344 1212.120000
2.773116 2.742245 0.707028 5.111274 0.647495 1.084725 1.646218 5.078756 1.131696 2205.120000
3.247860 2.389961 1.431325 1.486890 1.235456 1.653935 3.716924 5.215569 0.928023 2173.320000
3.416241 3.863230 3.834186 1.304333 1.550895 2.245973 3.444123 3.325072 0.965547 2194.440000
3.471786 1.880703 0.866420 4.628132 0.845698 0.373855 4.183416 1.683676 2.920978 888.840000
3.468734 1.234779 2.734458 8.537553 2.103580 0.802078 4.259224 2.028245 2.951137 1766.000000
3.161991 2.389961 4.348735 7.617916 1.550895 1.255748 4.140386 4.148178 1.518756 684.280000
3.171566 2.620685 0.791617 5.091922 3.771834 1.588667 3.939442 0.593687 3.239575 1232.280000
3.161991 2.097901 2.337782 4.682295 1.794285 1.429506 3.785582 4.676317 1.132813 1157.400000
3.150079 3.426203 2.452556 5.040597 1.786310 1.300340 3.031857 3.408789 1.655868 2200.200000
2.647328 2.891171 4.348735 4.948576 0.868954 0.919977 1.044664 4.037568 1.238618 813.760000
0.445112 3.532212 0.694906 6.417432 0.479476 1.068493 4.885464 3.999527 1.806436 1116.120000
3.079163 1.900146 0.777575 3.282685 1.137989 1.214580 4.140386 3.418633 1.518756 918.400000
3.417086 1.883945 0.836854 7.617916 0.899712 0.633373 4.088564 4.148178 2.324644 821.440000
3.027515 1.903388 0.748009 2.363048 1.192003 1.474098 3.969726 5.883135 0.922422 2223.360000
3.027515 1.903388 0.748009 2.363048 1.192003 1.474098 3.969726 5.883135 0.922422 2184.840000
2.647328 2.891171 0.694906 6.417432 0.479476 0.919977 1.044664 4.037568 1.238618 2142.600000
3.636586 4.349803 4.517502 0.428175 1.594348 2.425810 3.191321 2.657506 0.971148 2132.040000
3.161991 2.389961 0.866420 8.537553 1.192003 2.245973 3.368172 4.676317 0.922422 814.720000
3.284555 3.620716 4.042329 7.359844 2.388592 1.255748 2.847713 2.201971 1.866259 1238.480000
3.027515 1.903388 0.748009 2.363048 1.192003 1.474098 3.969726 5.883135 0.922422 1215.960000
0.386324 1.749117 0.865145 0.747128 2.496526 1.277145 2.399594 0.971358 0.977410 898.240000
3.027515 1.903388 0.748009 2.363048 1.192003 1.474098 3.969726 5.883135 0.922422 2223.360000
Gen 1 FITNESS 2227.200000 DIVERSITY 160.274819
 VILLAGER_LEADER F 2227.200000 3.027515 1.903388 0.748009 2.363048 1.192003 1.474098 3.969726 5.883135 0.922422 
GEN 2 NUM_GENOME 50 NUM_VILLAGE 1
3.027515 1.903388 0.748009 2.363048 1.192003 1.474098 3.969726 5.883135 0.922422 -100000000000.000000
3.027515 1.903388 0.748009 2.363048 1.192003 1.474098 3.969726 5.883135 0.922422 -100000000000.000000
3.027515 1.903388 0.748009 2.363048 1.192003 1.474098 3.969726 5.883135 0.922422 -100000000000.000000
3.027515 1.903388 0.707028 2.363048 1.192003 1.474098 3.191321 5.078756 0.922422 -100000000000.000000
3.027515 2.742245 0.707028 5.111274 1.192003 1.084725 3.969726 5.078756 1.131696 -100000000000.000000
2.773116 1.903388 0.748009 2.363048 0.647495 1.474098 1.646218 5.883135 0.922422 -100000000000.000000
3.256161 3.482090 3.615172 1.371922 1.335647 2.062263 3.540356 4.263312 0.954142 -100000000000.000000
3.187595 2.284528 0.967023 2.295459 1.407251 1.657808 3.873493 4.944895 0.933827 -100000000000.000000
2.666866 3.451800 1.356559 7.228751 1.841918 1.999002 2.797604 3.196700 1.178128 -100000000000.000000
2.726942 2.805477 0.943931 5.225785 1.141292 1.191849 2.029473 4.111725 1.140085 -100000000000.000000
3.150079 3.426203 2.452556 5.040597 1.786310 1.300340 3.969726 5.883135 1.655868 -100000000000.000000
3.027515 1.903388 0.748009 2.363048 1.192003 1.474098 3.031857 3.408789 0.922422 -100000000000.000000
3.027515 3.451800 0.748009 5.111274 1.335647 1.300340 3.969726 4.263312 0.922422 -100000000000.000000
3.027515 1.903388 0.748009 2.363048 1.192003 1.474098 3.969726 5.883135 0.922422 -100000000000.000000
2.161753 1.903388 0.652780 4.926499 1.430465 2.100859 6.807932 5.078756 1.129107 -100000000000.000000
3.057035 2.891171 0.748009 6.417432 2.335715 1.474098 3.782430 5.078756 0.922422 -100000000000.000000
2.647328 2.891171 0.694906 6.417432 1.192003 0.919977 3.969726 5.883135 1.238618 -100000000000.000000
3.027515 1.903388 0.748009 2.363048 0.479476 1.474098 1.044664 4.037568 0.922422 -100000000000.000000
3.057035 2.107274 1.203464 2.672396 1.363421 1.444862 3.782430 5.564605 1.000532 -100000000000.000000
3.120559 3.222317 1.997101 4.731249 1.614892 1.329576 3.219153 3.727319 1.577758 -100000000000.000000
3.150079 3.426203 2.452556 5.040597 1.786310 1.300340 3.031857 3.408789 1.655868 -100000000000.000000
3.150079 3.426203 2.452556 5.040597 1.786310 1.300340 3.031857 3.408789 1.655868 -100000000000.000000
2.773116 2.742245 0.748009 5.111274 1.192003 1.084725 3.969726 5.078756 1.131696 -100000000000.000000
3.027515 1.903388 0.707028 2.363048 0.647495 1.474098 1.646218 5.883135 0.922422 -100000000000.000000
2.792643 2.635306 0.724652 4.915006 0.858924 1.234870 1.977907 5.216944 1.082503 -100000000000.000000
3.007988 2.010327 0.730385 2.559316 0.980574 1.323953 3.638037 5.744947 0.971615 -100000000000.000000
3.027515 1.903388 0.748009 2.363048 1.192003 1.474098 3.969726 5.883135 0.922422 -100000000000.000000
3.027515 1.903388 0.748009 2.363048 1.192003 1.474098 3.969726 5.883135 0.922422 -100000000000.000000
3.027515 1.903388 0.748009 2.363048 1.192003 1.474098 3.969726 5.883135 0.922422 -100000000000.000000
3.027515 1.903388 0.748009 2.363048 1.192003 1.474098 3.969726 5.883135 0.922422 -100000000000.000000
2.773116 3.426203 0.748009 2.363048 1.192003 1.474098 2.797604 5.744947 0.922422 -100000000000.000000
2.773116 2.742245 0.707028 2.363048 0.647495 1.084725 3.969726 5.883135 0.922422 -100000000000.000000
3.027515 1.903388 0.748009 2.363048 1.192003 1.474098 3.969726 5.883135 0.922422 -100000000000.000000
3.027515 1.903388 0.748009 2.363048 1.192003 1.474098 3.969726 5.883135 0.922422 -100000000000.000000
3.027515 1.903388 0.748009 2.363048 1.192003 1.474098 3.969726 5.883135 0.922422 2227.200000
3.027515 1.524280 0.788607 2.363048 1.523121 1.627661 6.629637 4.919035 1.239360 -100000000000.000000
3.027515 1.903388 0.748009 2.363048 1.192003 1.474098 3.969726 5.883135 0.922422 2223.360000
3.027515 1.903388 0.748009 2.363048 1.192003 1.474098 3.969726 5.883135 0.922422 2223.360000
2.773116 2.742245 0.707028 5.111274 0.647495 1.084725 1.646218 5.078756 1.131696 2205.120000
3.150079 3.426203 2.452556 5.040597 1.786310 1.300340 3.031857 3.408789 1.655868 2200.200000
0.542789 3.198946 1.609883 1.037431 2.173996 0.376600 3.638674 4.657743 0.789067 -100000000000.000000
1.761834 4.170660 1.940977 7.954344 1.030366 1.407553 3.094638 4.954268 2.907712 2190.720000
3.027515 1.903388 0.748009 2.363048 1.192003 1.474098 3.969726 5.883135 0.922422 2184.840000
3.027515 1.903388 0.748009 2.363048 1.192003 1.474098 3.969726 5.883135 0.922422 2181.960000
3.150079 2.284528 2.734458 2.363048 1.192003 1.444862 3.969726 3.196700 0.971148 -100000000000.000000
2.647328 2.891171 0.694906 6.417432 0.479476 0.919977 1.044664 4.037568 1.238618 2142.600000
3.636586 4.349803 4.517502 0.428175 1.594348 2.425810 3.191321 2.657506 0.971148 2132.040000
2.620692 3.515032 1.593462 7.343262 2.335715 2.106126 3.180859 2.229669 1.186517 2111.880000
3.468734 1.234779 2.734458 8.537553 2.103580 0.802078 4.259224 2.028245 2.951137 1766.000000
3.027515 1.903388 0.748009 2.363048 1.192003 1.474098 3.969726 5.883135 0.922422 2227.200000
FILLING
3.027515 1.903388 0.748009 2.363048 1.192003 1.474098 3.969726 5.883135 0.922422 2181.960000
3.027515 1.903388 0.748009 2.363048 1.192003 1.474098 3.969726 5.883135 0.922422 1114.640000
3.027515 1.903388 0.748009 2.363048 1.192003 1.474098 3.969726 5.883135 0.922422 813.760000
3.027515 1.903388 0.707028 2.363048 1.192003 1.474098 3.191321 5.078756 0.922422 2194.440000
3.027515 2.742245 0.707028 5.111274 1.192003 1.084725 3.969726 5.078756 1.131696 2123.400000
2.773116 1.903388 0.748009 2.363048 0.647495 1.474098 1.646218 5.883135 0.922422 823.360000
3.256161 3.482090 3.615172 1.371922 1.335647 2.062263 3.540356 4.263312 0.954142 1228.880000
3.187595 2.284528 0.967023 2.295459 1.407251 1.657808 3.873493 4.944895 0.933827 2215.680000
2.666866 3.451800 1.356559 7.228751 1.841918 1.999002 2.797604 3.196700 1.178128 1193.360000
2.726942 2.805477 0.943931 5.225785 1.141292 1.191849 2.029473 4.111725 1.140085 825.280000
3.150079 3.426203 2.452556 5.040597 1.786310 1.300340 3.969726 5.883135 1.655868 808.960000
3.027515 1.903388 0.748009 2.363048 1.192003 1.474098 3.031857 3.408789 0.922422 808.960000
3.027515 3.451800 0.748009 5.111274 1.335647 1.300340 3.969726 4.263312 0.922422 1200.800000
3.027515 1.903388 0.748009 2.363048 1.192003 1.474098 3.969726 5.883135 0.922422 2219.520000
2.161753 1.903388 0.652780 4.926499 1.430465 2.100859 6.807932 5.078756 1.129107 2221.440000
3.057035 2.891171 0.748009 6.417432 2.335715 1.474098 3.782430 5.078756 0.922422 1145.360000
2.647328 2.891171 0.694906 6.417432 1.192003 0.919977 3.969726 5.883135 1.238618 816.640000
3.027515 1.903388 0.748009 2.363048 0.479476 1.474098 1.044664 4.037568 0.922422 894.600000
3.057035 2.107274 1.203464 2.672396 1.363421 1.444862 3.782430 5.564605 1.000532 861.880000
3.120559 3.222317 1.997101 4.731249 1.614892 1.329576 3.219153 3.727319 1.577758 2177.160000
3.150079 3.426203 2.452556 5.040597 1.786310 1.300340 3.031857 3.408789 1.655868 812.800000
3.150079 3.426203 2.452556 5.040597 1.786310 1.300340 3.031857 3.408789 1.655868 813.760000
2.773116 2.742245 0.748009 5.111274 1.192003 1.084725 3.969726 5.078756 1.131696 2141.640000
3.027515 1.903388 0.707028 2.363048 0.647495 1.474098 1.646218 5.883135 0.922422 1154.520000
2.792643 2.635306 0.724652 4.915006 0.858924 1.234870 1.977907 5.216944 1.082503 1208.720000
3.007988 2.010327 0.730385 2.559316 0.980574 1.323953 3.638037 5.744947 0.971615 2227.200000
3.027515 1.903388 0.748009 2.363048 1.192003 1.474098 3.969726 5.883135 0.922422 2225.280000
3.027515 1.903388 0.748009 2.363048 1.192003 1.474098 3.969726 5.883135 0.922422 2182.920000
3.027515 1.903388 0.748009 2.363048 1.192003 1.474098 3.969726 5.883135 0.922422 2195.400000
3.027515 1.903388 0.748009 2.363048 1.192003 1.474098 3.969726 5.883135 0.922422 1213.080000
2.773116 3.426203 0.748009 2.363048 1.192003 1.474098 2.797604 5.744947 0.922422 1131.600000
2.773116 2.742245 0.707028 2.363048 0.647495 1.084725 3.969726 5.883135 0.922422 1054.280000
3.027515 1.903388 0.748009 2.363048 1.192003 1.474098 3.969726 5.883135 0.922422 903.040000
3.027515 1.903388 0.748009 2.363048 1.192003 1.474098 3.969726 5.883135 0.922422 2181.960000
3.027515 1.903388 0.748009 2.363048 1.192003 1.474098 3.969726 5.883135 0.922422 2227.200000
3.027515 1.524280 0.788607 2.363048 1.523121 1.627661 6.629637 4.919035 1.239360 1177.040000
3.027515 1.903388 0.748009 2.363048 1.192003 1.474098 3.969726 5.883135 0.922422 2223.360000
3.027515 1.903388 0.748009 2.363048 1.192003 1.474098 3.969726 5.883135 0.922422 2223.360000
2.773116 2.742245 0.707028 5.111274 0.647495 1.084725 1.646218 5.078756 1.131696 2205.120000
3.150079 3.426203 2.452556 5.040597 1.786310 1.300340 3.031857 3.408789 1.655868 2200.200000
0.542789 3.198946 1.609883 1.037431 2.173996 0.376600 3.638674 4.657743 0.789067 898.240000
1.761834 4.170660 1.940977 7.954344 1.030366 1.407553 3.094638 4.954268 2.907712 2190.720000
3.027515 1.903388 0.748009 2.363048 1.192003 1.474098 3.969726 5.883135 0.922422 2184.840000
3.027515 1.903388 0.748009 2.363048 1.192003 1.474098 3.969726 5.883135 0.922422 2181.960000
3.150079 2.284528 2.734458 2.363048 1.192003 1.444862 3.969726 3.196700 0.971148 1159.320000
2.647328 2.891171 0.694906 6.417432 0.479476 0.919977 1.044664 4.037568 1.238618 2142.600000
3.636586 4.349803 4.517502 0.428175 1.594348 2.425810 3.191321 2.657506 0.971148 2132.040000
2.620692 3.515032 1.593462 7.343262 2.335715 2.106126 3.180859 2.229669 1.186517 2111.880000
3.468734 1.234779 2.734458 8.537553 2.103580 0.802078 4.259224 2.028245 2.951137 1766.000000
3.027515 1.903388 0.748009 2.363048 1.192003 1.474098 3.969726 5.883135 0.922422 2227.200000
Gen 2 FITNESS 2227.200000 DIVERSITY 178.516918
 VILLAGER_LEADER F 2227.200000 3.007988 2.010327 0.730385 2.559316 0.980574 1.323953 3.638037 5.744947 0.971615 
GEN 3 NUM_GENOME 50 NUM_VILLAGE 1
3.027515 1.903388 0.748009 2.363048 1.192003 1.474098 3.969726 5.883135 0.922422 -100000000000.000000
3.027515 1.903388 0.748009 2.363048 1.192003 1.474098 3.969726 5.883135 0.922422 -100000000000.000000
3.027515 1.903388 0.748009 2.363048 1.192003 1.474098 3.969726 5.883135 0.922422 -100000000000.000000
3.027515 1.903388 0.748009 2.363048 1.192003 1.474098 3.969726 5.883135 0.922422 -100000000000.000000
3.027515 1.903388 0.748009 2.363048 1.192003 1.474098 3.969726 5.883135 0.922422 -100000000000.000000
3.027515 1.903388 0.748009 2.363048 1.192003 1.474098 3.969726 5.883135 0.922422 -100000000000.000000
3.027515 1.903388 0.748009 2.363048 1.192003 1.474098 3.969726 5.883135 0.922422 -100000000000.000000
3.027515 1.903388 0.748009 2.363048 1.192003 1.474098 3.969726 5.883135 0.922422 -100000000000.000000
3.027515 1.903388 0.748009 2.363048 1.192003 1.474098 3.969726 5.883135 0.922422 -100000000000.000000
3.027515 1.903388 0.748009 2.363048 1.192003 1.474098 3.969726 5.883135 0.922422 -100000000000.000000
3.025965 1.918041 0.742434 2.418245 1.127412 1.452644 3.931880 5.821933 0.930627 -100000000000.000000
3.009538 1.995674 0.735960 2.504119 1.045165 1.345407 3.675883 5.806149 0.963410 -100000000000.000000
3.027515 1.903388 0.748009 2.363048 1.192003 1.474098 3.969726 5.883135 0.922422 -100000000000.000000
3.027515 1.903388 0.748009 2.363048 1.192003 1.474098 3.969726 5.883135 0.922422 -100000000000.000000
3.100926 1.903388 0.748009 2.526885 1.192003 1.474098 3.969726 5.883135 2.907712 -100000000000.000000
3.027515 1.903388 0.748009 2.363048 1.192003 1.474098 3.969726 5.883135 0.922422 -100000000000.000000
3.025962 1.926769 0.745304 2.476095 1.157927 1.451195 3.924019 5.819980 0.930796 -100000000000.000000
3.009541 1.986946 0.733090 2.446269 1.014650 1.346856 3.683744 5.808102 0.963241 -100000000000.000000
3.114184 2.066760 0.955832 2.317764 1.366055 1.550809 3.892265 5.002831 0.932562 -100000000000.000000
3.100926 2.121156 0.759200 2.340743 1.233199 1.581097 3.950954 5.825199 0.923687 -100000000000.000000
3.027515 1.903388 0.748009 2.559316 0.980574 1.474098 3.638037 5.883135 0.922422 -100000000000.000000
3.027515 1.903388 0.744539 5.111274 1.192003 1.474098 3.969726 5.883135 0.971615 -100000000000.000000
3.027515 1.903388 0.719063 2.363048 1.192003 1.474098 3.366133 5.210983 0.922422 -100000000000.000000
3.027515 1.903388 0.735974 2.363048 1.192003 1.474098 3.794914 5.750908 0.922422 -100000000000.000000
2.161753 1.903388 0.748009 2.363048 1.430465 1.474098 3.969726 5.078756 0.922422 -100000000000.000000
3.027515 1.903388 0.652780 4.926499 1.192003 2.100859 6.807932 5.883135 1.129107 -100000000000.000000
3.027515 1.903388 0.748009 2.363048 1.192003 1.474098 3.969726 5.883135 0.922422 -100000000000.000000
3.027515 1.903388 0.748009 2.363048 1.192003 1.474098 3.969726 5.883135 0.922422 -100000000000.000000
3.027515 1.903388 0.748009 2.363048 1.192003 1.474098 3.969726 5.883135 0.922422 -100000000000.000000
3.027515 1.903388 0.748009 2.363048 1.192003 1.474098 3.969726 5.883135 0.922422 -100000000000.000000
3.082727 2.078736 0.760903 2.536613 1.048141 1.446826 3.761551 5.577971 0.949918 -100000000000.000000
3.112856 2.216119 0.936505 2.318162 1.339684 1.534935 3.749979 5.111871 0.955524 -100000000000.000000
3.025995 1.952407 0.744539 2.395479 1.139100 1.424078 3.901792 5.811560 0.932465 -100000000000.000000
3.009508 1.961308 0.733855 2.526885 1.033477 1.373973 3.705971 5.816522 0.961572 -100000000000.000000
3.027515 1.903388 0.748009 2.363048 1.192003 1.474098 3.969726 5.883135 0.922422 2227.200000
3.007988 2.010327 0.730385 2.559316 0.980574 1.323953 3.638037 5.744947 0.971615 2227.200000
3.027515 1.903388 0.748009 2.363048 1.192003 1.474098 3.969726 5.883135 0.922422 2227.200000
3.027515 1.903388 0.748009 2.363048 1.192003 1.474098 3.969726 5.883135 0.922422 2225.280000
3.027515 1.903388 0.748009 2.363048 1.192003 1.474098 3.969726 5.883135 0.922422 2223.360000
3.027515 1.903388 0.748009 2.363048 1.192003 1.474098 3.969726 5.883135 0.922422 2223.360000
2.161753 1.903388 0.652780 4.926499 1.430465 2.100859 6.807932 5.078756 1.129107 2221.440000
3.027515 1.903388 0.748009 2.363048 1.192003 1.474098 3.969726 5.883135 0.922422 2219.520000
3.187595 2.284528 0.967023 2.295459 1.407251 1.657808 3.873493 4.944895 0.933827 2215.680000
2.773116 2.742245 0.707028 5.111274 0.647495 1.084725 1.646218 5.078756 1.131696 2205.120000
3.809476 3.195701 2.194380 7.553853 3.255007 1.468631 2.693903 1.735489 1.253345 -100000000000.000000
3.027515 1.903388 0.748009 2.363048 1.192003 1.474098 3.969726 5.883135 0.922422 2195.400000
3.027515 1.903388 0.707028 2.363048 1.192003 1.474098 3.191321 5.078756 0.922422 2194.440000
1.761834 4.170660 1.940977 7.954344 1.030366 1.407553 3.094638 4.954268 2.907712 2190.720000
3.027515 1.903388 0.748009 2.363048 1.192003 1.474098 3.969726 5.883135 0.922422 2184.840000
3.027515 1.903388 0.748009 2.363048 1.192003 1.474098 3.969726 5.883135 0.922422 2227.200000
FILLING
3.027515 1.903388 0.748009 2.363048 1.192003 1.474098 3.969726 5.883135 0.922422 2163.720000
3.027515 1.903388 0.748009 2.363048 1.192003 1.474098 3.969726 5.883135 0.922422 820.480000
3.027515 1.903388 0.748009 2.363048 1.192003 1.474098 3.969726 5.883135 0.922422 811.840000
3.027515 1.903388 0.748009 2.363048 1.192003 1.474098 3.969726 5.883135 0.922422 1207.320000
3.027515 1.903388 0.748009 2.363048 1.192003 1.474098 3.969726 5.883135 0.922422 2192.520000
3.027515 1.903388 0.748009 2.363048 1.192003 1.474098 3.969726 5.883135 0.922422 796.480000
3.027515 1.903388 0.748009 2.363048 1.192003 1.474098 3.969726 5.883135 0.922422 809.920000
3.027515 1.903388 0.748009 2.363048 1.192003 1.474098 3.969726 5.883135 0.922422 2182.920000
3.027515 1.903388 0.748009 2.363048 1.192003 1.474098 3.969726 5.883135 0.922422 2232.960000
3.027515 1.903388 0.748009 2.363048 1.192003 1.474098 3.969726 5.883135 0.922422 1150.280000
3.025965 1.918041 0.742434 2.418245 1.127412 1.452644 3.931880 5.821933 0.930627 2222.400000
3.009538 1.995674 0.735960 2.504119 1.045165 1.345407 3.675883 5.806149 0.963410 2190.600000
3.027515 1.903388 0.748009 2.363048 1.192003 1.474098 3.969726 5.883135 0.922422 919.360000
3.027515 1.903388 0.748009 2.363048 1.192003 1.474098 3.969726 5.883135 0.922422 1054.280000
3.100926 1.903388 0.748009 2.526885 1.192003 1.474098 3.969726 5.883135 2.907712 806.080000
3.027515 1.903388 0.748009 2.363048 1.192003 1.474098 3.969726 5.883135 0.922422 2225.280000
3.025962 1.926769 0.745304 2.476095 1.157927 1.451195 3.924019 5.819980 0.930796 2182.920000
3.009541 1.986946 0.733090 2.446269 1.014650 1.346856 3.683744 5.808102 0.963241 2198.280000
3.114184 2.066760 0.955832 2.317764 1.366055 1.550809 3.892265 5.002831 0.932562 2229.120000
3.100926 2.121156 0.759200 2.340743 1.233199 1.581097 3.950954 5.825199 0.923687 2178.120000
3.027515 1.903388 0.748009 2.559316 0.980574 1.474098 3.638037 5.883135 0.922422 940.480000
3.027515 1.903388 0.744539 5.111274 1.192003 1.474098 3.969726 5.883135 0.971615 1234.640000
3.027515 1.903388 0.719063 2.363048 1.192003 1.474098 3.366133 5.210983 0.922422 2141.640000
3.027515 1.903388 0.735974 2.363048 1.192003 1.474098 3.794914 5.750908 0.922422 814.720000
2.161753 1.903388 0.748009 2.363048 1.430465 1.474098 3.969726 5.078756 0.922422 771.520000
3.027515 1.903388 0.652780 4.926499 1.192003 2.100859 6.807932 5.883135 1.129107 937.600000
3.027515 1.903388 0.748009 2.363048 1.192003 1.474098 3.969726 5.883135 0.922422 916.480000
3.027515 1.903388 0.748009 2.363048 1.192003 1.474098 3.969726 5.883135 0.922422 814.720000
3.027515 1.903388 0.748009 2.363048 1.192003 1.474098 3.969726 5.883135 0.922422 1146.840000
3.027515 1.903388 0.748009 2.363048 1.192003 1.474098 3.969726 5.883135 0.922422 1183.520000
3.082727 2.078736 0.760903 2.536613 1.048141 1.446826 3.761551 5.577971 0.949918 2188.680000
3.112856 2.216119 0.936505 2.318162 1.339684 1.534935 3.749979 5.111871 0.955524 2213.760000
3.025995 1.952407 0.744539 2.395479 1.139100 1.424078 3.901792 5.811560 0.932465 2191.560000
3.009508 1.961308 0.733855 2.526885 1.033477 1.373973 3.705971 5.816522 0.961572 941.440000
3.027515 1.903388 0.748009 2.363048 1.192003 1.474098 3.969726 5.883135 0.922422 2227.200000
3.007988 2.010327 0.730385 2.559316 0.980574 1.323953 3.638037 5.744947 0.971615 2227.200000
3.027515 1.903388 0.748009 2.363048 1.192003 1.474098 3.969726 5.883135 0.922422 2227.200000
3.027515 1.903388 0.748009 2.363048 1.192003 1.474098 3.969726 5.883135 0.922422 2225.280000
3.027515 1.903388 0.748009 2.363048 1.192003 1.474098 3.969726 5.883135 0.922422 2223.360000
3.027515 1.903388 0.748009 2.363048 1.192003 1.474098 3.969726 5.883135 0.922422 2223.360000
2.161753 1.903388 0.652780 4.926499 1.430465 2.100859 6.807932 5.078756 1.129107 2221.440000
3.027515 1.903388 0.748009 2.363048 1.192003 1.474098 3.969726 5.883135 0.922422 2219.520000
3.187595 2.284528 0.967023 2.295459 1.407251 1.657808 3.873493 4.944895 0.933827 2215.680000
2.773116 2.742245 0.707028 5.111274 0.647495 1.084725 1.646218 5.078756 1.131696 2205.120000
3.809476 3.195701 2.194380 7.553853 3.255007 1.468631 2.693903 1.735489 1.253345 1102.800000
3.027515 1.903388 0.748009 2.363048 1.192003 1.474098 3.969726 5.883135 0.922422 2195.400000
3.027515 1.903388 0.707028 2.363048 1.192003 1.474098 3.191321 5.078756 0.922422 2194.440000
1.761834 4.170660 1.940977 7.954344 1.030366 1.407553 3.094638 4.954268 2.907712 2190.720000
3.027515 1.903388 0.748009 2.363048 1.192003 1.474098 3.969726 5.883135 0.922422 2184.840000
3.027515 1.903388 0.748009 2.363048 1.192003 1.474098 3.969726 5.883135 0.922422 2227.200000
Gen 3 FITNESS 2232.960000 DIVERSITY 68.188405
 VILLAGER_LEADER F 2232.960000 3.027515 1.903388 0.748009 2.363048 1.192003 1.474098 3.969726 5.883135 0.922422 
GEN 4 NUM_GENOME 50 NUM_VILLAGE 1
3.011914 1.973953 0.735951 2.434370 1.055249 1.390234 3.766952 5.835987 0.944533 -100000000000.000000
3.025142 1.916381 0.745148 2.374947 1.151404 1.430720 3.886518 5.855250 0.941130 -100000000000.000000
3.038619 2.033552 0.747296 2.536551 1.075144 1.356507 3.675156 5.634419 0.957300 -100000000000.000000
3.083553 2.043535 0.938921 2.340529 1.271485 1.518255 3.855146 5.113359 0.946877 -100000000000.000000
3.114184 2.066760 0.748009 2.317764 1.192003 1.550809 3.969726 5.883135 0.932562 -100000000000.000000
3.027515 1.903388 0.955832 2.363048 1.366055 1.474098 3.892265 5.002831 0.922422 -100000000000.000000
3.114184 2.066760 0.955832 2.317764 1.366055 1.550809 3.892265 5.002831 0.932562 -100000000000.000000
3.027515 2.066760 0.882509 2.363048 1.430465 2.100859 3.936821 5.883135 0.922422 -100000000000.000000
3.049218 1.995072 0.831845 2.358228 1.229838 1.488200 3.946718 5.525482 0.923589 -100000000000.000000
3.027515 1.903388 0.831845 2.363048 1.192003 1.474098 3.931880 5.835987 0.949725 -100000000000.000000
3.022192 1.914383 0.742848 2.437101 1.114633 1.453871 3.800610 5.871795 0.949725 -100000000000.000000
3.013311 1.999332 0.735546 2.485263 1.057944 1.344180 3.807153 5.756287 0.944312 -100000000000.000000
2.812315 2.634000 0.715083 4.412299 0.855284 1.228447 1.818182 5.559285 1.060958 -100000000000.000000
2.988316 2.011633 0.739954 3.062023 0.984214 1.330376 3.797762 5.402606 0.993160 -100000000000.000000
3.027515 1.903388 0.748009 2.363048 1.192003 1.474098 3.969726 5.883135 0.922422 -100000000000.000000
3.027515 1.903388 0.748009 2.363048 1.192003 1.474098 3.969726 5.883135 0.922422 -100000000000.000000
3.039377 1.931539 0.846965 2.350882 1.224516 1.513712 3.961026 5.662949 0.923790 -100000000000.000000
3.102322 2.455451 0.601417 1.329260 0.635610 2.463993 1.887597 8.867703 1.455930 -100000000000.000000
4.354719 1.388680 0.748009 2.598808 0.776857 1.639999 3.969726 3.181317 0.818215 -100000000000.000000
3.027515 1.903388 0.748009 2.363048 1.192003 1.474098 3.969726 5.883135 0.922422 -100000000000.000000
3.027515 1.903388 0.748009 2.363048 1.192003 1.474098 3.969726 5.883135 0.922422 -100000000000.000000
3.027515 1.903388 0.748009 2.363048 1.192003 1.474098 3.969726 5.883135 0.922422 -100000000000.000000
3.027515 1.903388 0.748009 2.363048 1.192003 1.474098 3.969726 5.883135 0.922422 -100000000000.000000
3.104430 2.066760 0.652780 2.358228 1.114633 1.534725 3.936821 5.883135 1.455930 -100000000000.000000
3.027515 1.903388 0.748009 2.363048 1.192003 1.474098 3.969726 5.883135 0.922422 -100000000000.000000
3.027515 1.903388 0.748009 2.363048 1.192003 1.474098 3.969726 5.883135 0.922422 -100000000000.000000
3.779019 1.903388 0.838010 1.976177 1.655736 1.619801 4.087283 5.883135 1.307321 -100000000000.000000
3.027515 1.903388 0.748009 2.363048 1.192003 1.474098 3.969726 5.883135 0.922422 -100000000000.000000
3.027515 1.903388 0.748009 2.317764 1.366055 1.550809 3.892265 5.883135 0.932562 -100000000000.000000
3.114184 2.066760 0.955832 2.363048 1.192003 1.474098 3.969726 5.002831 0.922422 -100000000000.000000
3.078621 2.006599 0.897563 2.335043 1.263608 1.508021 3.903508 5.214709 0.931676 -100000000000.000000
3.063078 1.963549 0.806278 2.345769 1.294450 1.516886 3.958483 5.671257 0.923308 -100000000000.000000
3.037269 1.948443 0.821332 2.354691 1.229863 1.490182 3.925170 5.739610 0.927271 -100000000000.000000
3.104430 2.021705 0.882509 2.326121 1.328195 1.534725 3.936821 5.146356 0.927713 -100000000000.000000
3.027515 1.903388 0.748009 2.363048 1.192003 1.474098 3.969726 5.883135 0.922422 2232.960000
3.114184 2.066760 0.955832 2.317764 1.366055 1.550809 3.892265 5.002831 0.932562 2229.120000
3.027515 1.903388 0.748009 2.363048 1.192003 1.474098 3.969726 5.883135 0.922422 2227.200000
3.007988 2.010327 0.730385 2.559316 0.980574 1.323953 3.638037 5.744947 0.971615 2227.200000
3.027515 1.903388 0.748009 2.363048 1.192003 1.474098 3.969726 5.883135 0.922422 2227.200000
3.027515 1.903388 0.748009 2.363048 1.192003 1.474098 3.969726 5.883135 0.922422 2227.200000
3.027515 1.903388 0.748009 2.363048 1.192003 1.474098 3.969726 5.883135 0.922422 2225.280000
3.027515 1.903388 0.748009 2.363048 1.192003 1.474098 3.969726 5.883135 0.922422 2225.280000
3.027515 1.903388 0.748009 2.363048 1.192003 1.474098 3.969726 5.883135 0.922422 2223.360000
3.027515 1.903388 0.748009 2.363048 1.192003 1.474098 3.969726 5.883135 0.922422 2223.360000
3.025965 1.918041 0.742434 2.418245 1.127412 1.452644 3.931880 5.821933 0.930627 2222.400000
3.104430 1.903388 0.748009 2.326121 1.192003 1.550809 3.969726 5.146356 0.932562 -100000000000.000000
3.027515 1.903388 0.748009 2.363048 1.192003 1.474098 3.969726 5.883135 0.922422 2219.520000
3.913190 2.471536 0.987074 1.078979 1.407251 1.374277 4.824481 3.637313 1.338770 -100000000000.000000
3.112856 2.216119 0.936505 2.318162 1.339684 1.534935 3.749979 5.111871 0.955524 2213.760000
3.027515 1.903388 0.748009 2.363048 1.192003 1.474098 3.969726 5.883135 0.922422 2232.960000
FILLING
3.011914 1.973953 0.735951 2.434370 1.055249 1.390234 3.766952 5.835987 0.944533 807.040000
3.025142 1.916381 0.745148 2.374947 1.151404 1.430720 3.886518 5.855250 0.941130 877.320000
3.038619 2.033552 0.747296 2.536551 1.075144 1.356507 3.675156 5.634419 0.957300 779.200000
3.083553 2.043535 0.938921 2.340529 1.271485 1.518255 3.855146 5.113359 0.946877 2194.440000
3.114184 2.066760 0.748009 2.317764 1.192003 1.550809 3.969726 5.883135 0.932562 813.760000
3.027515 1.903388 0.955832 2.363048 1.366055 1.474098 3.892265 5.002831 0.922422 2237.760000
3.114184 2.066760 0.955832 2.317764 1.366055 1.550809 3.892265 5.002831 0.932562 829.120000
3.027515 2.066760 0.882509 2.363048 1.430465 2.100859 3.936821 5.883135 0.922422 1169.120000
3.049218 1.995072 0.831845 2.358228 1.229838 1.488200 3.946718 5.525482 0.923589 816.640000
3.027515 1.903388 0.831845 2.363048 1.192003 1.474098 3.931880 5.835987 0.949725 878.080000
3.022192 1.914383 0.742848 2.437101 1.114633 1.453871 3.800610 5.871795 0.949725 815.680000
3.013311 1.999332 0.735546 2.485263 1.057944 1.344180 3.807153 5.756287 0.944312 609.280000
2.812315 2.634000 0.715083 4.412299 0.855284 1.228447 1.818182 5.559285 1.060958 2133.000000
2.988316 2.011633 0.739954 3.062023 0.984214 1.330376 3.797762 5.402606 0.993160 2175.240000
3.027515 1.903388 0.748009 2.363048 1.192003 1.474098 3.969726 5.883135 0.922422 829.120000
3.027515 1.903388 0.748009 2.363048 1.192003 1.474098 3.969726 5.883135 0.922422 867.520000
3.039377 1.931539 0.846965 2.350882 1.224516 1.513712 3.961026 5.662949 0.923790 925.120000
3.102322 2.455451 0.601417 1.329260 0.635610 2.463993 1.887597 8.867703 1.455930 1191.440000
4.354719 1.388680 0.748009 2.598808 0.776857 1.639999 3.969726 3.181317 0.818215 1090.320000
3.027515 1.903388 0.748009 2.363048 1.192003 1.474098 3.969726 5.883135 0.922422 1199.840000
3.027515 1.903388 0.748009 2.363048 1.192003 1.474098 3.969726 5.883135 0.922422 887.680000
3.027515 1.903388 0.748009 2.363048 1.192003 1.474098 3.969726 5.883135 0.922422 1189.280000
3.027515 1.903388 0.748009 2.363048 1.192003 1.474098 3.969726 5.883135 0.922422 809.920000
3.104430 2.066760 0.652780 2.358228 1.114633 1.534725 3.936821 5.883135 1.455930 2183.880000
3.027515 1.903388 0.748009 2.363048 1.192003 1.474098 3.969726 5.883135 0.922422 827.200000
3.027515 1.903388 0.748009 2.363048 1.192003 1.474098 3.969726 5.883135 0.922422 827.200000
3.779019 1.903388 0.838010 1.976177 1.655736 1.619801 4.087283 5.883135 1.307321 1192.160000
3.027515 1.903388 0.748009 2.363048 1.192003 1.474098 3.969726 5.883135 0.922422 1160.480000
3.027515 1.903388 0.748009 2.317764 1.366055 1.550809 3.892265 5.883135 0.932562 2212.800000
3.114184 2.066760 0.955832 2.363048 1.192003 1.474098 3.969726 5.002831 0.922422 2156.040000
3.078621 2.006599 0.897563 2.335043 1.263608 1.508021 3.903508 5.214709 0.931676 941.440000
3.063078 1.963549 0.806278 2.345769 1.294450 1.516886 3.958483 5.671257 0.923308 1218.840000
3.037269 1.948443 0.821332 2.354691 1.229863 1.490182 3.925170 5.739610 0.927271 2192.520000
3.104430 2.021705 0.882509 2.326121 1.328195 1.534725 3.936821 5.146356 0.927713 1206.560000
3.027515 1.903388 0.748009 2.363048 1.192003 1.474098 3.969726 5.883135 0.922422 2232.960000
3.114184 2.066760 0.955832 2.317764 1.366055 1.550809 3.892265 5.002831 0.932562 2229.120000
3.027515 1.903388 0.748009 2.363048 1.192003 1.474098 3.969726 5.883135 0.922422 2227.200000
3.007988 2.010327 0.730385 2.559316 0.980574 1.323953 3.638037 5.744947 0.971615 2227.200000
3.027515 1.903388 0.748009 2.363048 1.192003 1.474098 3.969726 5.883135 0.922422 2227.200000
3.027515 1.903388 0.748009 2.363048 1.192003 1.474098 3.969726 5.883135 0.922422 2227.200000
3.027515 1.903388 0.748009 2.363048 1.192003 1.474098 3.969726 5.883135 0.922422 2225.280000
3.027515 1.903388 0.748009 2.363048 1.192003 1.474098 3.969726 5.883135 0.922422 2225.280000
3.027515 1.903388 0.748009 2.363048 1.192003 1.474098 3.969726 5.883135 0.922422 2223.360000
3.027515 1.903388 0.748009 2.363048 1.192003 1.474098 3.969726 5.883135 0.922422 2223.360000
3.025965 1.918041 0.742434 2.418245 1.127412 1.452644 3.931880 5.821933 0.930627 2222.400000
3.104430 1.903388 0.748009 2.326121 1.192003 1.550809 3.969726 5.146356 0.932562 2179.080000
3.027515 1.903388 0.748009 2.363048 1.192003 1.474098 3.969726 5.883135 0.922422 2219.520000
3.913190 2.471536 0.987074 1.078979 1.407251 1.374277 4.824481 3.637313 1.338770 921.280000
3.112856 2.216119 0.936505 2.318162 1.339684 1.534935 3.749979 5.111871 0.955524 2213.760000
3.027515 1.903388 0.748009 2.363048 1.192003 1.474098 3.969726 5.883135 0.922422 2232.960000
Gen 4 FITNESS 2237.760000 DIVERSITY 45.680165
 VILLAGER_LEADER F 2237.760000 3.027515 1.903388 0.955832 2.363048 1.366055 1.474098 3.892265 5.002831 0.922422 
GEN 5 NUM_GENOME 50 NUM_VILLAGE 1
3.007988 2.010327 0.748009 2.559316 1.192003 1.323953 3.638037 5.744947 0.971615 -100000000000.000000
3.027515 1.903388 0.730385 2.363048 0.980574 1.474098 3.969726 5.883135 0.922422 -100000000000.000000
3.027515 1.903388 0.748009 2.363048 1.192003 1.474098 3.969726 5.883135 0.922422 -100000000000.000000
2.238848 2.220104 0.906301 2.621201 1.310460 1.951692 3.969726 9.805820 1.232774 -100000000000.000000
3.027515 1.903388 0.777075 2.363048 1.233912 1.474098 3.952394 5.630728 0.922422 -100000000000.000000
3.027515 1.903388 0.926766 2.363048 1.324146 1.474098 3.909597 5.255238 0.922422 -100000000000.000000
3.007988 2.010327 0.955832 2.363048 1.366055 1.323953 3.638037 5.002831 0.922422 -100000000000.000000
3.027515 1.903388 0.730385 2.559316 0.980574 1.474098 3.892265 5.744947 0.971615 -100000000000.000000
3.027515 1.903388 0.748009 2.363048 1.192003 1.474098 3.969726 5.883135 0.922422 -100000000000.000000
3.027515 1.903388 0.748009 2.363048 1.192003 1.474098 3.969726 5.883135 0.922422 -100000000000.000000
3.027515 1.903388 0.748009 2.363048 1.192003 1.474098 3.969726 5.883135 0.922422 -100000000000.000000
3.027515 1.903388 0.748009 2.363048 1.192003 1.474098 3.969726 5.883135 0.922422 -100000000000.000000
3.015972 1.989732 0.736455 2.487090 0.994975 1.387399 3.666485 5.769824 0.966927 -100000000000.000000
3.019531 1.923983 0.741939 2.435274 1.177602 1.410652 3.941278 5.858258 0.927110 -100000000000.000000
3.027515 1.903388 0.955832 2.363048 1.366055 1.474098 3.892265 5.002831 0.922422 -100000000000.000000
3.027515 1.903388 0.955832 2.363048 1.366055 1.474098 3.892265 5.002831 0.922422 -100000000000.000000
3.027515 1.903388 0.748009 2.363048 1.192003 1.474098 3.969726 5.883135 0.922422 -100000000000.000000
3.027515 1.903388 0.748009 2.363048 1.192003 1.474098 3.969726 5.883135 0.922422 -100000000000.000000
3.027515 1.903388 0.748009 2.363048 1.192003 1.474098 3.969726 5.883135 0.922422 -100000000000.000000
3.027515 1.903388 0.748009 2.363048 1.192003 1.474098 3.969726 5.883135 0.922422 -100000000000.000000
3.027515 1.903388 0.748009 2.323902 1.263560 1.529433 3.898597 5.883135 0.929533 -100000000000.000000
3.027515 1.903388 0.748009 2.356910 1.294498 1.495474 3.963394 5.883135 0.925451 -100000000000.000000
3.027515 1.903388 0.748009 2.363048 1.192003 1.474098 3.892265 5.002831 0.922422 -100000000000.000000
3.027515 1.903388 0.955832 2.363048 1.366055 1.474098 3.969726 5.883135 0.922422 -100000000000.000000
3.007988 1.903388 0.955832 2.559316 0.980574 1.323953 3.892265 5.002831 0.971615 -100000000000.000000
3.027515 2.010327 0.730385 2.363048 1.366055 1.474098 3.638037 5.744947 0.922422 -100000000000.000000
3.114184 1.903388 0.748009 2.317764 1.366055 1.550809 3.892265 5.002831 0.932562 -100000000000.000000
3.027515 2.066760 0.955832 2.363048 1.192003 1.474098 3.969726 5.883135 0.922422 -100000000000.000000
3.027515 2.066760 0.748009 2.363048 1.192003 1.474098 3.969726 5.883135 0.922422 -100000000000.000000
3.027515 1.903388 0.748009 2.418245 1.192003 1.474098 3.969726 5.744947 0.922422 -100000000000.000000
3.027515 1.903388 0.748009 2.363048 1.192003 1.474098 3.969726 5.883135 0.922422 -100000000000.000000
3.027515 1.903388 0.748009 2.363048 1.192003 1.474098 3.969726 5.883135 0.922422 -100000000000.000000
3.027515 1.903388 0.748009 2.363048 1.192003 1.474098 3.969726 5.883135 0.922422 -100000000000.000000
3.027515 1.903388 0.748009 2.363048 1.192003 1.474098 3.969726 5.883135 0.922422 -100000000000.000000
3.027515 1.903388 0.955832 2.363048 1.366055 1.474098 3.892265 5.002831 0.922422 2237.760000
3.027515 1.903388 0.748009 2.363048 1.192003 1.474098 3.969726 5.883135 0.922422 2232.960000
3.027515 1.903388 0.748009 2.363048 1.192003 1.474098 3.969726 5.883135 0.922422 2232.960000
3.027515 1.903388 0.748009 2.363048 1.192003 1.474098 3.969726 5.883135 0.922422 -100000000000.000000
3.007988 2.010327 0.730385 2.559316 0.980574 1.323953 3.638037 5.744947 0.971615 2227.200000
3.027515 1.903388 0.748009 2.363048 1.192003 1.474098 3.969726 5.883135 0.922422 2227.200000
3.027515 1.903388 0.748009 2.363048 1.192003 1.474098 3.969726 5.883135 0.922422 2227.200000
3.027515 1.903388 0.777075 2.363048 1.192003 1.474098 3.909597 5.002831 0.922422 -100000000000.000000
3.027515 1.903388 0.748009 2.363048 1.192003 1.474098 3.969726 5.883135 0.922422 2225.280000
3.027515 1.903388 0.748009 2.363048 1.192003 1.474098 3.969726 5.883135 0.922422 2225.280000
3.027515 1.903388 0.748009 2.363048 1.192003 1.474098 3.969726 5.883135 0.922422 2223.360000
3.027515 1.903388 0.748009 2.363048 1.192003 1.474098 3.969726 5.883135 0.922422 2223.360000
3.025965 1.918041 0.742434 2.418245 1.127412 1.452644 3.931880 5.821933 0.930627 2222.400000
1.138167 3.438728 0.815399 2.764670 1.071540 2.153984 1.789133 4.070385 1.000657 -100000000000.000000
3.027515 1.903388 0.748009 2.363048 1.192003 1.474098 3.969726 5.883135 1.000657 -100000000000.000000
3.027515 1.903388 0.955832 2.363048 1.366055 1.474098 3.892265 5.002831 0.922422 2237.760000
FILLING
3.007988 2.010327 0.748009 2.559316 1.192003 1.323953 3.638037 5.744947 0.971615 811.840000
3.027515 1.903388 0.730385 2.363048 0.980574 1.474098 3.969726 5.883135 0.922422 808.000000
3.027515 1.903388 0.748009 2.363048 1.192003 1.474098 3.969726 5.883135 0.922422 2236.800000
2.238848 2.220104 0.906301 2.621201 1.310460 1.951692 3.969726 9.805820 1.232774 2180.160000
3.027515 1.903388 0.777075 2.363048 1.233912 1.474098 3.952394 5.630728 0.922422 1174.880000
3.027515 1.903388 0.926766 2.363048 1.324146 1.474098 3.909597 5.255238 0.922422 2200.200000
3.007988 2.010327 0.955832 2.363048 1.366055 1.323953 3.638037 5.002831 0.922422 1219.800000
3.027515 1.903388 0.730385 2.559316 0.980574 1.474098 3.892265 5.744947 0.971615 818.560000
3.027515 1.903388 0.748009 2.363048 1.192003 1.474098 3.969726 5.883135 0.922422 896.320000
3.027515 1.903388 0.748009 2.363048 1.192003 1.474098 3.969726 5.883135 0.922422 2156.040000
3.027515 1.903388 0.748009 2.363048 1.192003 1.474098 3.969726 5.883135 0.922422 917.440000
3.027515 1.903388 0.748009 2.363048 1.192003 1.474098 3.969726 5.883135 0.922422 2217.600000
3.015972 1.989732 0.736455 2.487090 0.994975 1.387399 3.666485 5.769824 0.966927 1133.600000
3.019531 1.923983 0.741939 2.435274 1.177602 1.410652 3.941278 5.858258 0.927110 2193.480000
3.027515 1.903388 0.955832 2.363048 1.366055 1.474098 3.892265 5.002831 0.922422 2192.520000
3.027515 1.903388 0.955832 2.363048 1.366055 1.474098 3.892265 5.002831 0.922422 2193.480000
3.027515 1.903388 0.748009 2.363048 1.192003 1.474098 3.969726 5.883135 0.922422 793.600000
3.027515 1.903388 0.748009 2.363048 1.192003 1.474098 3.969726 5.883135 0.922422 2195.400000
3.027515 1.903388 0.748009 2.363048 1.192003 1.474098 3.969726 5.883135 0.922422 808.000000
3.027515 1.903388 0.748009 2.363048 1.192003 1.474098 3.969726 5.883135 0.922422 2187.720000
3.027515 1.903388 0.748009 2.323902 1.263560 1.529433 3.898597 5.883135 0.929533 831.040000
3.027515 1.903388 0.748009 2.356910 1.294498 1.495474 3.963394 5.883135 0.925451 2143.120000
3.027515 1.903388 0.748009 2.363048 1.192003 1.474098 3.892265 5.002831 0.922422 2175.240000
3.027515 1.903388 0.955832 2.363048 1.366055 1.474098 3.969726 5.883135 0.922422 2195.400000
3.007988 1.903388 0.955832 2.559316 0.980574 1.323953 3.892265 5.002831 0.971615 924.160000
3.027515 2.010327 0.730385 2.363048 1.366055 1.474098 3.638037 5.744947 0.922422 806.080000
3.114184 1.903388 0.748009 2.317764 1.366055 1.550809 3.892265 5.002831 0.932562 1185.440000
3.027515 2.066760 0.955832 2.363048 1.192003 1.474098 3.969726 5.883135 0.922422 2240.640000
3.027515 2.066760 0.748009 2.363048 1.192003 1.474098 3.969726 5.883135 0.922422 2213.760000
3.027515 1.903388 0.748009 2.418245 1.192003 1.474098 3.969726 5.744947 0.922422 817.600000
3.027515 1.903388 0.748009 2.363048 1.192003 1.474098 3.969726 5.883135 0.922422 809.920000
3.027515 1.903388 0.748009 2.363048 1.192003 1.474098 3.969726 5.883135 0.922422 824.320000
3.027515 1.903388 0.748009 2.363048 1.192003 1.474098 3.969726 5.883135 0.922422 2232.000000
3.027515 1.903388 0.748009 2.363048 1.192003 1.474098 3.969726 5.883135 0.922422 2212.800000
3.027515 1.903388 0.955832 2.363048 1.366055 1.474098 3.892265 5.002831 0.922422 2237.760000
3.027515 1.903388 0.748009 2.363048 1.192003 1.474098 3.969726 5.883135 0.922422 2232.960000
3.027515 1.903388 0.748009 2.363048 1.192003 1.474098 3.969726 5.883135 0.922422 2232.960000
3.027515 1.903388 0.748009 2.363048 1.192003 1.474098 3.969726 5.883135 0.922422 809.920000
3.007988 2.010327 0.730385 2.559316 0.980574 1.323953 3.638037 5.744947 0.971615 2227.200000
3.027515 1.903388 0.748009 2.363048 1.192003 1.474098 3.969726 5.883135 0.922422 2227.200000
3.027515 1.903388 0.748009 2.363048 1.192003 1.474098 3.969726 5.883135 0.922422 2227.200000
3.027515 1.903388 0.777075 2.363048 1.192003 1.474098 3.909597 5.002831 0.922422 820.480000
3.027515 1.903388 0.748009 2.363048 1.192003 1.474098 3.969726 5.883135 0.922422 2225.280000
3.027515 1.903388 0.748009 2.363048 1.192003 1.474098 3.969726 5.883135 0.922422 2225.280000
3.027515 1.903388 0.748009 2.363048 1.192003 1.474098 3.969726 5.883135 0.922422 2223.360000
3.027515 1.903388 0.748009 2.363048 1.192003 1.474098 3.969726 5.883135 0.922422 2223.360000
3.025965 1.918041 0.742434 2.418245 1.127412 1.452644 3.931880 5.821933 0.930627 2222.400000
1.138167 3.438728 0.815399 2.764670 1.071540 2.153984 1.789133 4.070385 1.000657 1127.840000
3.027515 1.903388 0.748009 2.363048 1.192003 1.474098 3.969726 5.883135 1.000657 926.080000
3.027515 1.903388 0.955832 2.363048 1.366055 1.474098 3.892265 5.002831 0.922422 2237.760000
Gen 5 FITNESS 2240.640000 DIVERSITY 30.404484
 VILLAGER_LEADER F 2240.640000 3.027515 2.066760 0.955832 2.363048 1.192003 1.474098 3.969726 5.883135 0.922422 
GEN 6 NUM_GENOME 50 NUM_VILLAGE 1
3.027515 1.903388 0.955832 2.363048 1.366055 1.474098 3.969726 5.883135 0.922422 -100000000000.000000
3.027515 1.903388 0.748009 2.363048 1.192003 1.474098 3.892265 5.002831 0.922422 -100000000000.000000
3.010244 1.903388 0.955832 2.363048 1.192003 1.474098 3.892265 5.883135 0.922422 -100000000000.000000
3.027515 1.903388 0.748009 2.363048 1.192003 1.474098 3.969726 5.883135 0.922422 -100000000000.000000
3.027515 2.047825 0.835480 2.363048 1.192003 1.474098 3.969726 5.883135 0.922422 -100000000000.000000
3.027515 1.903388 0.955832 2.559316 1.192003 1.474098 3.892265 5.883135 0.922422 -100000000000.000000
3.007988 1.903388 0.730385 2.559316 1.192003 1.323953 3.969726 5.883135 0.922422 -100000000000.000000
3.027515 2.634340 0.534770 2.599393 1.271353 1.095984 4.479192 9.452518 0.198437 -100000000000.000000
3.025259 1.903388 0.955832 2.418245 1.192003 1.474098 3.931880 5.883135 0.922422 -100000000000.000000
3.027515 1.903388 0.742434 2.363048 1.127412 1.452644 3.931880 5.883135 0.922422 -100000000000.000000
3.027515 2.066760 0.922603 2.363048 1.127412 1.474098 3.969726 5.883135 0.927466 -100000000000.000000
2.422905 2.066760 1.196099 2.150490 0.940850 0.320712 6.069127 6.636342 1.642739 -100000000000.000000
3.027515 1.903388 0.955832 2.363048 1.366055 1.474098 3.892265 5.002831 0.922422 -100000000000.000000
3.027515 1.903388 0.955832 2.363048 1.366055 1.474098 3.892265 5.002831 0.922422 -100000000000.000000
3.027515 1.903388 0.955832 2.363048 1.366055 1.474098 3.892265 5.002831 0.922422 -100000000000.000000
3.027515 1.903388 0.955832 2.363048 1.366055 1.474098 3.892265 5.002831 0.922422 -100000000000.000000
3.010244 1.978269 0.734130 2.489758 1.029930 1.354518 3.802775 5.774367 0.966571 -100000000000.000000
3.025259 1.935446 0.744264 2.432606 1.142647 1.443533 3.804988 5.853715 0.927466 -100000000000.000000
3.027515 1.903388 0.955832 2.363048 1.366055 1.474098 3.969726 5.002831 0.922422 -100000000000.000000
3.027515 2.066760 0.955832 2.363048 1.192003 1.474098 3.892265 5.883135 0.922422 -100000000000.000000
3.007988 2.010327 0.955832 2.363048 1.192003 1.323953 3.969726 5.883135 0.922422 -100000000000.000000
3.027515 2.066760 0.730385 2.559316 0.980574 1.474098 3.638037 5.744947 0.971615 -100000000000.000000
3.027515 1.903388 0.922603 2.363048 1.317004 1.474098 3.913300 5.146204 0.922422 -100000000000.000000
3.027515 1.903388 0.781238 2.363048 1.241054 1.474098 3.948691 5.739762 0.922422 -100000000000.000000
3.027515 1.903388 0.955832 2.363048 1.192003 1.474098 3.969726 5.883135 0.922422 -100000000000.000000
3.027515 2.066760 0.748009 2.363048 1.192003 1.474098 3.969726 5.883135 0.922422 -100000000000.000000
3.027515 1.903388 0.899591 2.363048 1.337235 1.474098 3.900643 5.091708 0.922422 -100000000000.000000
3.027515 1.903388 0.804250 2.363048 1.220823 1.474098 3.961348 5.794258 0.922422 -100000000000.000000
2.796969 3.043744 0.360167 2.249939 1.539428 1.609667 4.705173 6.066152 0.883807 -100000000000.000000
3.027515 1.978746 0.878757 2.363048 1.192003 1.474098 3.969726 5.883135 0.922422 -100000000000.000000
3.027515 1.903388 0.748009 2.363048 1.192003 1.474098 3.969726 5.883135 0.922422 -100000000000.000000
3.836297 1.009499 0.647366 0.359884 0.886258 1.740777 3.969726 6.586522 1.080276 -100000000000.000000
3.447047 0.885757 1.559875 2.672329 1.192003 1.666515 4.266527 9.312234 0.439137 -100000000000.000000
3.027515 2.066760 0.955832 2.363048 1.366055 1.474098 3.892265 5.883135 0.922422 -100000000000.000000
3.027515 2.066760 0.955832 2.363048 1.192003 1.474098 3.969726 5.883135 0.922422 2240.640000
3.027515 1.903388 0.955832 2.363048 1.366055 1.474098 3.892265 5.002831 0.922422 2237.760000
3.027515 1.903388 0.955832 2.363048 1.366055 1.474098 3.892265 5.002831 0.922422 2237.760000
3.027515 1.903388 0.955832 2.363048 1.366055 1.474098 3.969726 5.883135 0.922422 -100000000000.000000
3.027515 1.903388 0.835480 2.559316 1.192003 1.474098 3.892265 5.883135 0.922422 -100000000000.000000
2.719732 2.955249 0.300009 3.278473 0.866936 0.716485 4.355742 5.883135 0.661436 -100000000000.000000
3.027515 1.903388 0.748009 2.363048 1.192003 1.474098 3.969726 5.883135 0.922422 2232.000000
3.007988 2.010327 0.730385 2.559316 0.980574 1.323953 3.638037 5.744947 0.971615 2227.200000
3.027515 1.903388 0.748009 2.363048 1.192003 1.474098 3.969726 5.883135 0.922422 2227.200000
3.027515 1.903388 0.748009 2.363048 1.192003 1.474098 3.969726 5.883135 0.922422 2227.200000
3.027515 1.903388 0.748009 2.363048 1.192003 1.474098 3.969726 5.883135 0.922422 2225.280000
3.027515 1.903388 0.748009 2.363048 1.192003 1.474098 3.969726 5.883135 0.922422 2225.280000
2.557367 1.903388 1.111684 1.951269 0.363111 1.093352 0.614956 4.223189 0.429706 -100000000000.000000
3.027515 1.903388 0.748009 2.363048 1.192003 1.474098 3.969726 5.883135 0.922422 2223.360000
3.567251 1.749478 0.843932 2.418245 1.414932 1.532752 3.666148 7.130892 1.025185 -100000000000.000000
3.027515 2.066760 0.955832 2.363048 1.192003 1.474098 3.969726 5.883135 0.922422 2240.640000
FILLING
3.027515 1.903388 0.955832 2.363048 1.366055 1.474098 3.969726 5.883135 0.922422 2234.880000
3.027515 1.903388 0.748009 2.363048 1.192003 1.474098 3.892265 5.002831 0.922422 812.800000
3.010244 1.903388 0.955832 2.363048 1.192003 1.474098 3.892265 5.883135 0.922422 2177.160000
3.027515 1.903388 0.748009 2.363048 1.192003 1.474098 3.969726 5.883135 0.922422 2232.000000
3.027515 2.047825 0.835480 2.363048 1.192003 1.474098 3.969726 5.883135 0.922422 1228.440000
3.027515 1.903388 0.955832 2.559316 1.192003 1.474098 3.892265 5.883135 0.922422 1205.400000
3.007988 1.903388 0.730385 2.559316 1.192003 1.323953 3.969726 5.883135 0.922422 2232.960000
3.027515 2.634340 0.534770 2.599393 1.271353 1.095984 4.479192 9.452518 0.198437 826.240000
3.025259 1.903388 0.955832 2.418245 1.192003 1.474098 3.931880 5.883135 0.922422 1226.520000
3.027515 1.903388 0.742434 2.363048 1.127412 1.452644 3.931880 5.883135 0.922422 1223.640000
3.027515 2.066760 0.922603 2.363048 1.127412 1.474098 3.969726 5.883135 0.927466 1233.240000
2.422905 2.066760 1.196099 2.150490 0.940850 0.320712 6.069127 6.636342 1.642739 1161.680000
3.027515 1.903388 0.955832 2.363048 1.366055 1.474098 3.892265 5.002831 0.922422 2163.720000
3.027515 1.903388 0.955832 2.363048 1.366055 1.474098 3.892265 5.002831 0.922422 1196.960000
3.027515 1.903388 0.955832 2.363048 1.366055 1.474098 3.892265 5.002831 0.922422 1215.000000
3.027515 1.903388 0.955832 2.363048 1.366055 1.474098 3.892265 5.002831 0.922422 2231.040000
3.010244 1.978269 0.734130 2.489758 1.029930 1.354518 3.802775 5.774367 0.966571 808.960000
3.025259 1.935446 0.744264 2.432606 1.142647 1.443533 3.804988 5.853715 0.927466 1139.360000
3.027515 1.903388 0.955832 2.363048 1.366055 1.474098 3.969726 5.002831 0.922422 2202.120000
3.027515 2.066760 0.955832 2.363048 1.192003 1.474098 3.892265 5.883135 0.922422 2183.880000
3.007988 2.010327 0.955832 2.363048 1.192003 1.323953 3.969726 5.883135 0.922422 797.440000
3.027515 2.066760 0.730385 2.559316 0.980574 1.474098 3.638037 5.744947 0.971615 893.440000
3.027515 1.903388 0.922603 2.363048 1.317004 1.474098 3.913300 5.146204 0.922422 1165.280000
3.027515 1.903388 0.781238 2.363048 1.241054 1.474098 3.948691 5.739762 0.922422 2187.720000
3.027515 1.903388 0.955832 2.363048 1.192003 1.474098 3.969726 5.883135 0.922422 1201.560000
3.027515 2.066760 0.748009 2.363048 1.192003 1.474098 3.969726 5.883135 0.922422 2164.680000
3.027515 1.903388 0.899591 2.363048 1.337235 1.474098 3.900643 5.091708 0.922422 851.320000
3.027515 1.903388 0.804250 2.363048 1.220823 1.474098 3.961348 5.794258 0.922422 2200.200000
2.796969 3.043744 0.360167 2.249939 1.539428 1.609667 4.705173 6.066152 0.883807 808.960000
3.027515 1.978746 0.878757 2.363048 1.192003 1.474098 3.969726 5.883135 0.922422 2193.480000
3.027515 1.903388 0.748009 2.363048 1.192003 1.474098 3.969726 5.883135 0.922422 816.640000
3.836297 1.009499 0.647366 0.359884 0.886258 1.740777 3.969726 6.586522 1.080276 827.200000
3.447047 0.885757 1.559875 2.672329 1.192003 1.666515 4.266527 9.312234 0.439137 1239.960000
3.027515 2.066760 0.955832 2.363048 1.366055 1.474098 3.892265 5.883135 0.922422 2232.000000
3.027515 2.066760 0.955832 2.363048 1.192003 1.474098 3.969726 5.883135 0.922422 2240.640000
3.027515 1.903388 0.955832 2.363048 1.366055 1.474098 3.892265 5.002831 0.922422 2237.760000
3.027515 1.903388 0.955832 2.363048 1.366055 1.474098 3.892265 5.002831 0.922422 2237.760000
3.027515 1.903388 0.955832 2.363048 1.366055 1.474098 3.969726 5.883135 0.922422 2202.120000
3.027515 1.903388 0.835480 2.559316 1.192003 1.474098 3.892265 5.883135 0.922422 815.680000
2.719732 2.955249 0.300009 3.278473 0.866936 0.716485 4.355742 5.883135 0.661436 903.040000
3.027515 1.903388 0.748009 2.363048 1.192003 1.474098 3.969726 5.883135 0.922422 2232.000000
3.007988 2.010327 0.730385 2.559316 0.980574 1.323953 3.638037 5.744947 0.971615 2227.200000
3.027515 1.903388 0.748009 2.363048 1.192003 1.474098 3.969726 5.883135 0.922422 2227.200000
3.027515 1.903388 0.748009 2.363048 1.192003 1.474098 3.969726 5.883135 0.922422 2227.200000
3.027515 1.903388 0.748009 2.363048 1.192003 1.474098 3.969726 5.883135 0.922422 2225.280000
3.027515 1.903388 0.748009 2.363048 1.192003 1.474098 3.969726 5.883135 0.922422 2225.280000
2.557367 1.903388 1.111684 1.951269 0.363111 1.093352 0.614956 4.223189 0.429706 1238.040000
3.027515 1.903388 0.748009 2.363048 1.192003 1.474098 3.969726 5.883135 0.922422 2223.360000
3.567251 1.749478 0.843932 2.418245 1.414932 1.532752 3.666148 7.130892 1.025185 1204.040000
3.027515 2.066760 0.955832 2.363048 1.192003 1.474098 3.969726 5.883135 0.922422 2240.640000
Gen 6 FITNESS 2240.640000 DIVERSITY 55.972234
 VILLAGER_LEADER F 2240.640000 3.027515 2.066760 0.955832 2.363048 1.192003 1.474098 3.969726 5.883135 0.922422 
GEN 7 NUM_GENOME 50 NUM_VILLAGE 1
3.027515 1.903388 0.955832 2.363048 1.192003 1.474098 3.969726 5.883135 0.922422 -100000000000.000000
3.027515 2.066760 0.955832 2.363048 1.366055 1.474098 3.969726 5.883135 0.922422 -100000000000.000000
3.027515 2.066760 0.955832 2.363048 1.192003 1.474098 3.969726 5.883135 0.922422 -100000000000.000000
3.027515 2.066760 0.955832 2.363048 1.192003 1.474098 3.969726 5.883135 0.922422 -100000000000.000000
4.174181 1.008081 1.323177 1.922222 1.269360 0.910338 2.652313 5.883135 0.798237 -100000000000.000000
3.027515 2.066760 0.955832 2.363048 1.192003 1.474098 3.969726 5.883135 0.922422 -100000000000.000000
3.027515 2.066760 0.955832 2.363048 1.192003 1.474098 3.969726 5.883135 0.922422 -100000000000.000000
3.007988 2.066760 0.748009 2.363048 1.192003 1.474098 3.969726 5.883135 0.922422 -100000000000.000000
3.027515 1.903388 0.955832 2.363048 1.192003 1.474098 3.969726 5.883135 0.922422 -100000000000.000000
3.027515 2.066760 0.955832 2.363048 1.366055 1.474098 3.892265 5.002831 0.922422 -100000000000.000000
2.674497 1.903388 0.863806 1.057258 0.924700 1.474098 4.444100 4.746500 0.969105 -100000000000.000000
3.027515 2.066760 0.748009 2.363048 1.366055 1.474098 3.969726 5.883135 0.922422 -100000000000.000000
3.027515 2.066760 0.955832 2.363048 1.192003 1.474098 3.969726 5.883135 0.922422 -100000000000.000000
3.027515 2.066760 0.955832 2.363048 1.192003 1.474098 3.969726 5.883135 0.922422 -100000000000.000000
3.025205 1.903388 0.921223 2.415013 1.332498 1.462333 3.969726 5.883135 0.922422 -100000000000.000000
3.010298 1.903388 0.764994 2.507351 1.225560 1.335718 3.969726 5.883135 0.922422 -100000000000.000000
3.027515 2.066760 0.955832 2.363048 1.192003 1.474098 3.969726 5.883135 0.922422 -100000000000.000000
3.027515 2.066760 0.955832 2.363048 1.192003 1.474098 3.969726 5.883135 0.922422 -100000000000.000000
3.027515 2.066760 0.955832 2.363048 1.192003 1.474098 3.892265 5.883135 0.922422 -100000000000.000000
3.027515 1.903388 0.955832 2.363048 1.366055 1.474098 3.969726 5.002831 0.922422 -100000000000.000000
3.027515 2.066760 0.955832 2.363048 1.192003 1.474098 3.969726 5.883135 0.922422 -100000000000.000000
3.027515 2.066760 0.955832 2.363048 1.192003 1.474098 3.969726 5.883135 0.922422 -100000000000.000000
3.027515 2.066760 0.955832 2.363048 1.192003 1.474098 3.969726 5.883135 0.922422 -100000000000.000000
3.027515 2.066760 0.955832 2.363048 1.192003 1.474098 3.969726 5.883135 0.922422 -100000000000.000000
3.027515 2.066760 0.955832 2.363048 1.192003 1.474098 3.969726 5.883135 0.922422 -100000000000.000000
3.027515 1.903388 0.955832 2.363048 1.366055 1.474098 3.969726 5.883135 0.922422 -100000000000.000000
3.027515 2.050231 0.955832 2.363048 1.237806 1.474098 3.969726 5.883135 0.922422 -100000000000.000000
3.027515 2.066760 0.955832 2.363048 1.192003 1.323953 3.969726 5.883135 0.922422 -100000000000.000000
3.027515 2.066760 0.955832 2.363048 1.192003 1.474098 3.892265 5.883135 0.922422 -100000000000.000000
3.027515 1.903388 0.955832 2.363048 1.366055 1.474098 3.969726 5.002831 0.922422 -100000000000.000000
3.027515 1.903388 0.955832 2.363048 1.192003 1.474098 3.969726 5.883135 0.922422 -100000000000.000000
1.333892 1.557677 0.826434 2.584309 2.011452 1.052892 5.059658 6.316333 0.922422 -100000000000.000000
3.027515 2.066760 0.955832 2.363048 1.192003 1.474098 3.969726 5.883135 0.922422 -100000000000.000000
3.027515 2.066760 0.955832 2.363048 1.192003 1.474098 3.969726 5.883135 0.922422 -100000000000.000000
3.027515 2.066760 0.955832 2.363048 1.192003 1.474098 3.969726 5.883135 0.922422 2240.640000
4.823651 3.555860 0.955832 2.064065 0.535579 2.079615 3.594531 5.501391 1.507952 -100000000000.000000
3.027515 1.903388 0.955832 2.363048 1.366055 1.474098 3.892265 5.002831 0.922422 2237.760000
3.468726 0.391225 0.574389 1.789465 2.210009 0.864519 4.339048 5.002831 0.661964 -100000000000.000000
3.027515 1.903388 0.955832 2.363048 1.366055 1.474098 3.969726 5.883135 0.922422 2234.880000
3.007988 1.903388 0.730385 2.559316 1.192003 1.323953 3.969726 5.883135 0.922422 2232.960000
3.027515 2.066760 0.955832 2.363048 1.366055 1.474098 3.892265 5.883135 0.922422 2232.000000
3.027515 1.903388 0.748009 2.363048 1.192003 1.474098 3.969726 5.883135 0.922422 2232.000000
3.027515 1.903388 0.748009 2.363048 1.192003 1.474098 3.969726 5.883135 0.922422 2232.000000
3.027515 1.903388 0.955832 2.363048 1.366055 1.474098 3.892265 5.002831 0.922422 2231.040000
3.027515 1.903388 0.748009 2.363048 1.192003 1.474098 3.969726 5.883135 0.922422 2227.200000
3.027515 1.903388 0.748009 2.363048 1.192003 1.474098 3.969726 5.883135 0.922422 2227.200000
3.027515 1.903388 0.748009 2.363048 1.192003 1.052892 3.969726 5.883135 0.922422 -100000000000.000000
3.027515 1.903388 0.748009 2.363048 1.192003 1.474098 3.969726 5.883135 0.922422 2225.280000
3.027515 1.903388 0.748009 2.363048 1.192003 1.474098 3.969726 5.883135 0.922422 2225.280000
3.027515 2.066760 0.955832 2.363048 1.192003 1.474098 3.969726 5.883135 0.922422 2240.640000
FILLING
3.027515 1.903388 0.955832 2.363048 1.192003 1.474098 3.969726 5.883135 0.922422 812.800000
3.027515 2.066760 0.955832 2.363048 1.366055 1.474098 3.969726 5.883135 0.922422 2184.840000
3.027515 2.066760 0.955832 2.363048 1.192003 1.474098 3.969726 5.883135 0.922422 2199.240000
3.027515 2.066760 0.955832 2.363048 1.192003 1.474098 3.969726 5.883135 0.922422 2193.480000
4.174181 1.008081 1.323177 1.922222 1.269360 0.910338 2.652313 5.883135 0.798237 1019.280000
3.027515 2.066760 0.955832 2.363048 1.192003 1.474098 3.969726 5.883135 0.922422 2192.520000
3.027515 2.066760 0.955832 2.363048 1.192003 1.474098 3.969726 5.883135 0.922422 811.840000
3.007988 2.066760 0.748009 2.363048 1.192003 1.474098 3.969726 5.883135 0.922422 817.600000
3.027515 1.903388 0.955832 2.363048 1.192003 1.474098 3.969726 5.883135 0.922422 2199.240000
3.027515 2.066760 0.955832 2.363048 1.366055 1.474098 3.892265 5.002831 0.922422 1229.840000
2.674497 1.903388 0.863806 1.057258 0.924700 1.474098 4.444100 4.746500 0.969105 816.640000
3.027515 2.066760 0.748009 2.363048 1.366055 1.474098 3.969726 5.883135 0.922422 1211.600000
3.027515 2.066760 0.955832 2.363048 1.192003 1.474098 3.969726 5.883135 0.922422 2190.600000
3.027515 2.066760 0.955832 2.363048 1.192003 1.474098 3.969726 5.883135 0.922422 2156.040000
3.025205 1.903388 0.921223 2.415013 1.332498 1.462333 3.969726 5.883135 0.922422 821.440000
3.010298 1.903388 0.764994 2.507351 1.225560 1.335718 3.969726 5.883135 0.922422 818.560000
3.027515 2.066760 0.955832 2.363048 1.192003 1.474098 3.969726 5.883135 0.922422 2188.680000
3.027515 2.066760 0.955832 2.363048 1.192003 1.474098 3.969726 5.883135 0.922422 816.640000
3.027515 2.066760 0.955832 2.363048 1.192003 1.474098 3.892265 5.883135 0.922422 1814.000000
3.027515 1.903388 0.955832 2.363048 1.366055 1.474098 3.969726 5.002831 0.922422 2196.360000
3.027515 2.066760 0.955832 2.363048 1.192003 1.474098 3.969726 5.883135 0.922422 810.880000
3.027515 2.066760 0.955832 2.363048 1.192003 1.474098 3.969726 5.883135 0.922422 2177.160000
3.027515 2.066760 0.955832 2.363048 1.192003 1.474098 3.969726 5.883135 0.922422 817.600000
3.027515 2.066760 0.955832 2.363048 1.192003 1.474098 3.969726 5.883135 0.922422 2188.680000
3.027515 2.066760 0.955832 2.363048 1.192003 1.474098 3.969726 5.883135 0.922422 2188.680000
3.027515 1.903388 0.955832 2.363048 1.366055 1.474098 3.969726 5.883135 0.922422 824.320000
3.027515 2.050231 0.955832 2.363048 1.237806 1.474098 3.969726 5.883135 0.922422 808.000000
3.027515 2.066760 0.955832 2.363048 1.192003 1.323953 3.969726 5.883135 0.922422 2238.720000
3.027515 2.066760 0.955832 2.363048 1.192003 1.474098 3.892265 5.883135 0.922422 2193.480000
3.027515 1.903388 0.955832 2.363048 1.366055 1.474098 3.969726 5.002831 0.922422 2231.040000
3.027515 1.903388 0.955832 2.363048 1.192003 1.474098 3.969726 5.883135 0.922422 817.600000
1.333892 1.557677 0.826434 2.584309 2.011452 1.052892 5.059658 6.316333 0.922422 1194.080000
3.027515 2.066760 0.955832 2.363048 1.192003 1.474098 3.969726 5.883135 0.922422 818.560000
3.027515 2.066760 0.955832 2.363048 1.192003 1.474098 3.969726 5.883135 0.922422 2157.960000
3.027515 2.066760 0.955832 2.363048 1.192003 1.474098 3.969726 5.883135 0.922422 2240.640000
4.823651 3.555860 0.955832 2.064065 0.535579 2.079615 3.594531 5.501391 1.507952 1104.080000
3.027515 1.903388 0.955832 2.363048 1.366055 1.474098 3.892265 5.002831 0.922422 2237.760000
3.468726 0.391225 0.574389 1.789465 2.210009 0.864519 4.339048 5.002831 0.661964 1127.640000
3.027515 1.903388 0.955832 2.363048 1.366055 1.474098 3.969726 5.883135 0.922422 2234.880000
3.007988 1.903388 0.730385 2.559316 1.192003 1.323953 3.969726 5.883135 0.922422 2232.960000
3.027515 2.066760 0.955832 2.363048 1.366055 1.474098 3.892265 5.883135 0.922422 2232.000000
3.027515 1.903388 0.748009 2.363048 1.192003 1.474098 3.969726 5.883135 0.922422 2232.000000
3.027515 1.903388 0.748009 2.363048 1.192003 1.474098 3.969726 5.883135 0.922422 2232.000000
3.027515 1.903388 0.955832 2.363048 1.366055 1.474098 3.892265 5.002831 0.922422 2231.040000
3.027515 1.903388 0.748009 2.363048 1.192003 1.474098 3.969726 5.883135 0.922422 2227.200000
3.027515 1.903388 0.748009 2.363048 1.192003 1.474098 3.969726 5.883135 0.922422 2227.200000
3.027515 1.903388 0.748009 2.363048 1.192003 1.052892 3.969726 5.883135 0.922422 1093.200000
3.027515 1.903388 0.748009 2.363048 1.192003 1.474098 3.969726 5.883135 0.922422 2225.280000
3.027515 1.903388 0.748009 2.363048 1.192003 1.474098 3.969726 5.883135 0.922422 2225.280000
3.027515 2.066760 0.955832 2.363048 1.192003 1.474098 3.969726 5.883135 0.922422 2240.640000
Gen 7 FITNESS 2240.640000 DIVERSITY 34.964608
 VILLAGER_LEADER F 2240.640000 3.027515 2.066760 0.955832 2.363048 1.192003 1.474098 3.969726 5.883135 0.922422 
GEN 8 NUM_GENOME 50 NUM_VILLAGE 1
3.323307 2.733341 0.795878 2.800956 1.773994 1.082972 4.468889 5.883135 1.035824 -100000000000.000000
2.826668 0.462347 0.648415 3.104493 0.908301 1.290171 5.771766 5.883135 0.922422 -100000000000.000000
3.007988 1.903388 0.730385 2.363048 1.192003 1.323953 3.969726 5.883135 0.922422 -100000000000.000000
3.027515 2.066760 0.955832 2.559316 1.192003 1.474098 3.969726 5.883135 0.922422 -100000000000.000000
3.027515 2.066760 0.955832 2.363048 1.192003 1.323953 3.969726 5.883135 0.922422 -100000000000.000000
3.027515 2.066760 0.955832 2.363048 1.192003 1.323953 3.969726 5.883135 0.922422 -100000000000.000000
3.027515 2.066760 0.955832 2.363048 1.192003 1.453683 3.969726 5.883135 0.922422 -100000000000.000000
3.007988 1.903388 0.648415 2.363048 1.366055 1.474098 3.969726 5.883135 0.922422 -100000000000.000000
3.027515 2.066760 0.955832 2.363048 1.192003 1.323953 3.969726 5.883135 0.922422 -100000000000.000000
3.027515 2.066760 0.955832 2.363048 1.192003 1.474098 3.969726 5.883135 0.922422 -100000000000.000000
3.027515 2.066760 0.955832 2.363048 1.192003 1.474098 3.969726 5.883135 0.922422 -100000000000.000000
3.027515 2.066760 0.955832 2.363048 1.192003 1.474098 3.969726 5.883135 0.922422 -100000000000.000000
3.027515 2.066760 0.955832 2.363048 1.192003 1.474098 3.969726 5.883135 0.922422 -100000000000.000000
3.027515 2.066760 0.955832 2.363048 1.192003 1.474098 3.969726 5.883135 0.922422 -100000000000.000000
3.027515 2.022870 0.955832 2.363048 1.366055 1.474098 3.892265 5.814021 0.922422 -100000000000.000000
3.027515 1.903388 0.955832 2.363048 1.192003 1.474098 3.969726 5.883135 0.922422 -100000000000.000000
3.027515 1.903388 0.955832 2.363048 1.192003 1.474098 3.969726 5.883135 0.922422 -100000000000.000000
3.027515 2.066760 0.748009 2.363048 1.366055 1.474098 3.892265 5.883135 0.922422 -100000000000.000000
3.027515 2.066760 0.955832 2.363048 1.366055 1.474098 3.969726 5.883135 0.922422 -100000000000.000000
3.027515 2.066760 0.955832 2.363048 1.192003 1.323953 3.892265 5.883135 0.922422 -100000000000.000000
3.027515 1.903388 0.730385 2.559316 1.192003 1.474098 3.969726 5.883135 0.922422 -100000000000.000000
3.007988 1.903388 0.748009 2.363048 1.192003 1.323953 3.969726 5.883135 0.922422 -100000000000.000000
3.027515 1.903388 0.748009 2.363048 1.192003 1.474098 3.969726 5.883135 0.922422 -100000000000.000000
3.027515 1.903388 0.748009 2.363048 1.192003 1.474098 3.969726 5.883135 0.922422 -100000000000.000000
3.027515 2.066760 0.955832 2.559316 1.192003 1.474098 3.969726 5.883135 0.922422 -100000000000.000000
3.027515 2.066760 0.955832 2.363048 1.366055 1.474098 3.969726 5.883135 0.922422 -100000000000.000000
3.007988 1.903388 0.955832 2.363048 1.192003 1.474098 3.892265 5.814021 0.922422 -100000000000.000000
3.027515 2.051541 0.899881 2.363048 1.192003 1.387399 3.969726 5.883135 0.922422 -100000000000.000000
3.027515 2.066760 0.748009 2.363048 1.192003 1.474098 3.969726 5.883135 0.922422 -100000000000.000000
3.027515 1.903388 0.955832 2.363048 1.192003 1.474098 4.468889 5.002831 1.035824 -100000000000.000000
3.027515 2.066760 0.955832 2.363048 1.192003 1.474098 3.969726 5.883135 0.922422 -100000000000.000000
3.027515 2.066760 0.955832 2.363048 1.192003 1.474098 3.969726 5.883135 0.922422 -100000000000.000000
3.027515 2.066760 0.955832 2.363048 1.192003 1.323953 3.969726 5.883135 0.922422 -100000000000.000000
3.027515 2.066760 0.955832 2.363048 1.192003 1.474098 3.969726 5.883135 0.922422 -100000000000.000000
1.662294 1.403392 0.955832 3.418661 1.447572 1.474098 0.644468 4.916722 1.113216 -100000000000.000000
3.027515 2.066760 0.955832 2.363048 1.192003 1.474098 3.969726 5.883135 0.922422 2240.640000
3.876965 2.405627 1.005145 2.760228 1.367012 0.992079 3.242081 3.856979 0.413555 -100000000000.000000
3.027515 1.903388 0.955832 2.363048 1.366055 1.474098 3.892265 5.002831 0.922422 2237.760000
3.027515 1.903388 0.955832 2.363048 1.366055 1.474098 3.969726 5.883135 0.922422 2234.880000
3.007988 1.903388 0.730385 2.559316 1.192003 1.323953 3.969726 5.883135 0.922422 2232.960000
3.027515 1.903388 0.748009 2.363048 1.192003 1.474098 3.969726 5.883135 0.922422 2232.000000
3.027515 2.066760 0.955832 2.363048 1.366055 1.474098 3.892265 5.883135 0.922422 2232.000000
3.027515 1.903388 0.648415 2.363048 1.192003 1.474098 3.969726 5.883135 0.922422 -100000000000.000000
3.027515 1.903388 0.955832 2.363048 1.366055 1.474098 3.969726 5.002831 0.922422 2231.040000
3.027515 1.903388 0.955832 2.363048 1.366055 1.474098 3.892265 5.002831 0.922422 2231.040000
3.027515 1.903388 0.748009 2.363048 1.192003 1.474098 3.969726 5.883135 0.922422 2227.200000
3.027515 1.903388 0.748009 2.363048 1.192003 1.474098 3.969726 5.883135 0.922422 2227.200000
3.027515 1.903388 0.748009 2.363048 1.192003 1.474098 3.969726 5.883135 0.922422 2225.280000
3.027515 1.903388 0.748009 2.363048 1.192003 1.474098 3.969726 5.883135 0.922422 2225.280000
3.027515 2.066760 0.955832 2.363048 1.192003 1.474098 3.969726 5.883135 0.922422 2240.640000
FILLING
3.323307 2.733341 0.795878 2.800956 1.773994 1.082972 4.468889 5.883135 1.035824 1143.200000
2.826668 0.462347 0.648415 3.104493 0.908301 1.290171 5.771766 5.883135 0.922422 808.960000
3.007988 1.903388 0.730385 2.363048 1.192003 1.323953 3.969726 5.883135 0.922422 2233.920000
3.027515 2.066760 0.955832 2.559316 1.192003 1.474098 3.969726 5.883135 0.922422 815.680000
3.027515 2.066760 0.955832 2.363048 1.192003 1.323953 3.969726 5.883135 0.922422 808.960000
3.027515 2.066760 0.955832 2.363048 1.192003 1.323953 3.969726 5.883135 0.922422 808.960000
3.027515 2.066760 0.955832 2.363048 1.192003 1.453683 3.969726 5.883135 0.922422 866.560000
3.007988 1.903388 0.648415 2.363048 1.366055 1.474098 3.969726 5.883135 0.922422 814.720000
3.027515 2.066760 0.955832 2.363048 1.192003 1.323953 3.969726 5.883135 0.922422 811.840000
3.027515 2.066760 0.955832 2.363048 1.192003 1.474098 3.969726 5.883135 0.922422 919.360000
3.027515 2.066760 0.955832 2.363048 1.192003 1.474098 3.969726 5.883135 0.922422 2221.440000
3.027515 2.066760 0.955832 2.363048 1.192003 1.474098 3.969726 5.883135 0.922422 797.440000
3.027515 2.066760 0.955832 2.363048 1.192003 1.474098 3.969726 5.883135 0.922422 2227.200000
3.027515 2.066760 0.955832 2.363048 1.192003 1.474098 3.969726 5.883135 0.922422 1188.560000
3.027515 2.022870 0.955832 2.363048 1.366055 1.474098 3.892265 5.814021 0.922422 1167.200000
3.027515 1.903388 0.955832 2.363048 1.192003 1.474098 3.969726 5.883135 0.922422 2239.680000
3.027515 1.903388 0.955832 2.363048 1.192003 1.474098 3.969726 5.883135 0.922422 813.760000
3.027515 2.066760 0.748009 2.363048 1.366055 1.474098 3.892265 5.883135 0.922422 1215.440000
3.027515 2.066760 0.955832 2.363048 1.366055 1.474098 3.969726 5.883135 0.922422 2183.880000
3.027515 2.066760 0.955832 2.363048 1.192003 1.323953 3.892265 5.883135 0.922422 1225.560000
3.027515 1.903388 0.730385 2.559316 1.192003 1.474098 3.969726 5.883135 0.922422 1165.520000
3.007988 1.903388 0.748009 2.363048 1.192003 1.323953 3.969726 5.883135 0.922422 815.680000
3.027515 1.903388 0.748009 2.363048 1.192003 1.474098 3.969726 5.883135 0.922422 1214.040000
3.027515 1.903388 0.748009 2.363048 1.192003 1.474098 3.969726 5.883135 0.922422 827.200000
3.027515 2.066760 0.955832 2.559316 1.192003 1.474098 3.969726 5.883135 0.922422 2228.160000
3.027515 2.066760 0.955832 2.363048 1.366055 1.474098 3.969726 5.883135 0.922422 1129.280000
3.007988 1.903388 0.955832 2.363048 1.192003 1.474098 3.892265 5.814021 0.922422 1224.600000
3.027515 2.051541 0.899881 2.363048 1.192003 1.387399 3.969726 5.883135 0.922422 2161.800000
3.027515 2.066760 0.748009 2.363048 1.192003 1.474098 3.969726 5.883135 0.922422 1208.280000
3.027515 1.903388 0.955832 2.363048 1.192003 1.474098 4.468889 5.002831 1.035824 810.880000
3.027515 2.066760 0.955832 2.363048 1.192003 1.474098 3.969726 5.883135 0.922422 809.920000
3.027515 2.066760 0.955832 2.363048 1.192003 1.474098 3.969726 5.883135 0.922422 829.120000
3.027515 2.066760 0.955832 2.363048 1.192003 1.323953 3.969726 5.883135 0.922422 1141.640000
3.027515 2.066760 0.955832 2.363048 1.192003 1.474098 3.969726 5.883135 0.922422 2178.120000
1.662294 1.403392 0.955832 3.418661 1.447572 1.474098 0.644468 4.916722 1.113216 2192.520000
3.027515 2.066760 0.955832 2.363048 1.192003 1.474098 3.969726 5.883135 0.922422 2240.640000
3.876965 2.405627 1.005145 2.760228 1.367012 0.992079 3.242081 3.856979 0.413555 1195.040000
3.027515 1.903388 0.955832 2.363048 1.366055 1.474098 3.892265 5.002831 0.922422 2237.760000
3.027515 1.903388 0.955832 2.363048 1.366055 1.474098 3.969726 5.883135 0.922422 2234.880000
3.007988 1.903388 0.730385 2.559316 1.192003 1.323953 3.969726 5.883135 0.922422 2232.960000
3.027515 1.903388 0.748009 2.363048 1.192003 1.474098 3.969726 5.883135 0.922422 2232.000000
3.027515 2.066760 0.955832 2.363048 1.366055 1.474098 3.892265 5.883135 0.922422 2232.000000
3.027515 1.903388 0.648415 2.363048 1.192003 1.474098 3.969726 5.883135 0.922422 1229.840000
3.027515 1.903388 0.955832 2.363048 1.366055 1.474098 3.969726 5.002831 0.922422 2231.040000
3.027515 1.903388 0.955832 2.363048 1.366055 1.474098 3.892265 5.002831 0.922422 2231.040000
3.027515 1.903388 0.748009 2.363048 1.192003 1.474098 3.969726 5.883135 0.922422 2227.200000
3.027515 1.903388 0.748009 2.363048 1.192003 1.474098 3.969726 5.883135 0.922422 2227.200000
3.027515 1.903388 0.748009 2.363048 1.192003 1.474098 3.969726 5.883135 0.922422 2225.280000
3.027515 1.903388 0.748009 2.363048 1.192003 1.474098 3.969726 5.883135 0.922422 2225.280000
3.027515 2.066760 0.955832 2.363048 1.192003 1.474098 3.969726 5.883135 0.922422 2240.640000
Gen 8 FITNESS 2240.640000 DIVERSITY 31.624901
 VILLAGER_LEADER F 2240.640000 3.027515 2.066760 0.955832 2.363048 1.192003 1.474098 3.969726 5.883135 0.922422 
GEN 9 NUM_GENOME 50 NUM_VILLAGE 1
3.027515 1.926242 0.955832 2.363048 1.314062 1.474098 3.969726 5.883135 0.922422 -100000000000.000000
3.027515 2.043906 0.955832 2.363048 1.243996 1.474098 3.969726 5.883135 0.922422 -100000000000.000000
2.423888 1.188140 1.313768 3.436269 1.355278 1.474098 2.049569 7.494395 0.783824 -100000000000.000000
3.027515 1.911806 0.955832 2.363048 1.320536 1.474098 3.969726 5.349657 0.922422 -100000000000.000000
3.027515 2.066760 0.955832 2.363048 1.192003 1.474098 3.969726 5.883135 0.922422 -100000000000.000000
3.027515 2.066760 0.955832 2.363048 1.192003 1.474098 3.969726 5.883135 0.922422 -100000000000.000000
3.007988 2.066760 0.955832 2.363048 1.192003 1.323953 3.969726 5.883135 0.922422 -100000000000.000000
3.027515 1.903388 0.730385 2.363048 1.192003 1.474098 3.969726 5.883135 0.922422 -100000000000.000000
1.978123 3.091800 1.402176 2.264922 1.463730 1.795830 4.437189 6.802442 1.063459 -100000000000.000000
3.027515 1.903388 0.955832 2.363048 1.192003 1.474098 3.969726 5.002831 0.922422 -100000000000.000000
3.027515 2.032460 0.955832 2.363048 1.192003 1.474098 3.969726 5.883135 0.922422 -100000000000.000000
3.027515 1.937688 0.955832 2.363048 1.192003 1.474098 3.969726 5.883135 0.922422 -100000000000.000000
3.027515 1.903388 0.955832 2.363048 1.192003 1.474098 3.892265 5.002831 0.922422 -100000000000.000000
3.027515 2.066760 0.955832 2.363048 1.192003 1.474098 3.969726 5.883135 0.922422 -100000000000.000000
3.027515 1.903388 0.955832 2.363048 1.192003 1.474098 3.969726 5.883135 0.922422 -100000000000.000000
3.027515 1.903388 0.955832 2.363048 1.366055 1.474098 3.892265 5.002831 0.922422 -100000000000.000000
3.027515 1.903388 0.955832 2.363048 1.366055 1.474098 3.909090 5.200728 0.922422 -100000000000.000000
3.027515 1.903388 0.955832 2.363048 1.366055 1.474098 3.969726 6.802442 0.922422 -100000000000.000000
3.027515 1.903388 0.955832 2.363048 1.366055 1.474098 3.892265 5.002831 0.922422 -100000000000.000000
3.027515 1.903388 0.955832 2.363048 1.366055 1.474098 3.892265 5.002831 0.922422 -100000000000.000000
3.027515 2.066760 0.955832 3.436269 1.192003 1.323953 3.969726 5.002831 0.922422 -100000000000.000000
3.027515 2.066760 0.955832 2.363048 1.366055 1.474098 3.969726 5.883135 0.922422 -100000000000.000000
3.027515 1.903388 0.955832 2.363048 1.366055 1.474098 3.969726 5.143263 0.922422 -100000000000.000000
3.027515 1.903388 0.955832 2.363048 1.366055 1.474098 3.969726 5.742703 0.922422 -100000000000.000000
3.027515 2.066760 0.955832 2.363048 1.192003 1.474098 3.969726 5.883135 0.922422 -100000000000.000000
3.027515 2.066760 0.955832 2.363048 1.192003 1.474098 3.969726 6.802442 0.922422 -100000000000.000000
3.027515 1.929365 0.955832 2.406886 1.192003 1.474098 3.969726 5.883135 0.922422 -100000000000.000000
3.027515 2.040783 0.955832 2.515478 1.192003 1.474098 3.969726 5.883135 0.922422 -100000000000.000000
3.007988 1.903388 0.730385 2.363048 1.192003 1.323953 3.892265 5.002831 0.922422 -100000000000.000000
3.027515 1.903388 0.955832 2.363048 1.366055 1.474098 3.969726 5.883135 0.922422 -100000000000.000000
3.027515 2.029664 0.955832 2.363048 1.192003 1.474098 3.969726 5.883135 0.922422 -100000000000.000000
3.027515 3.010382 1.157539 3.631764 1.830368 1.178875 1.622033 5.883135 1.602516 -100000000000.000000
3.027515 1.903388 0.955832 2.363048 1.366055 1.474098 3.892265 5.002831 0.922422 -100000000000.000000
3.027515 2.066760 0.955832 2.363048 1.192003 1.474098 3.969726 5.883135 0.922422 -100000000000.000000
3.027515 2.066760 0.955832 2.363048 1.192003 1.474098 3.969726 5.883135 0.922422 2240.640000
3.027515 2.066760 0.955832 2.363048 1.192003 1.474098 3.969726 5.883135 0.922422 2240.640000
3.027515 1.903388 0.955832 2.363048 1.192003 1.474098 3.969726 5.883135 0.922422 2239.680000
3.027515 1.903388 0.955832 2.363048 1.366055 1.474098 3.892265 5.002831 0.922422 2237.760000
3.027515 1.903388 0.955832 2.363048 1.366055 1.474098 3.969726 5.883135 0.922422 2234.880000
3.007988 1.903388 0.730385 2.363048 1.192003 1.323953 3.969726 5.883135 0.922422 2233.920000
3.007988 1.903388 0.730385 2.559316 1.192003 1.323953 3.969726 5.883135 0.922422 2232.960000
3.027515 1.903388 0.748009 2.363048 1.192003 1.474098 3.969726 5.883135 0.922422 2232.000000
3.027515 2.066760 0.955832 2.363048 1.366055 1.474098 3.892265 5.883135 0.922422 2232.000000
3.007988 1.903388 0.955832 2.363048 1.366055 1.474098 3.969726 6.802442 0.922422 -100000000000.000000
3.027515 1.903388 0.955832 2.363048 1.366055 1.474098 3.969726 5.002831 0.922422 2231.040000
3.027515 2.066760 0.955832 2.559316 1.192003 1.474098 3.969726 5.883135 0.922422 2228.160000
3.027515 2.066760 0.955832 2.363048 1.192003 1.474098 3.969726 5.883135 0.922422 2227.200000
3.027515 1.903388 0.748009 2.363048 1.192003 1.474098 3.969726 5.883135 0.922422 2227.200000
3.027515 1.903388 0.748009 2.363048 1.192003 1.474098 3.969726 5.883135 0.922422 2227.200000
3.027515 2.066760 0.955832 2.363048 1.192003 1.474098 3.969726 5.883135 0.922422 2240.640000
FILLING
3.027515 1.926242 0.955832 2.363048 1.314062 1.474098 3.969726 5.883135 0.922422 1224.600000
3.027515 2.043906 0.955832 2.363048 1.243996 1.474098 3.969726 5.883135 0.922422 1204.640000
2.423888 1.188140 1.313768 3.436269 1.355278 1.474098 2.049569 7.494395 0.783824 879.240000
3.027515 1.911806 0.955832 2.363048 1.320536 1.474098 3.969726 5.349657 0.922422 2182.920000
3.027515 2.066760 0.955832 2.363048 1.192003 1.474098 3.969726 5.883135 0.922422 2196.360000
3.027515 2.066760 0.955832 2.363048 1.192003 1.474098 3.969726 5.883135 0.922422 817.600000
3.007988 2.066760 0.955832 2.363048 1.192003 1.323953 3.969726 5.883135 0.922422 816.640000
3.027515 1.903388 0.730385 2.363048 1.192003 1.474098 3.969726 5.883135 0.922422 831.040000
1.978123 3.091800 1.402176 2.264922 1.463730 1.795830 4.437189 6.802442 1.063459 1153.760000
3.027515 1.903388 0.955832 2.363048 1.192003 1.474098 3.969726 5.002831 0.922422 2197.320000
3.027515 2.032460 0.955832 2.363048 1.192003 1.474098 3.969726 5.883135 0.922422 2185.800000
3.027515 1.937688 0.955832 2.363048 1.192003 1.474098 3.969726 5.883135 0.922422 2205.960000
3.027515 1.903388 0.955832 2.363048 1.192003 1.474098 3.892265 5.002831 0.922422 2246.400000
3.027515 2.066760 0.955832 2.363048 1.192003 1.474098 3.969726 5.883135 0.922422 2186.760000
3.027515 1.903388 0.955832 2.363048 1.192003 1.474098 3.969726 5.883135 0.922422 2232.960000
3.027515 1.903388 0.955832 2.363048 1.366055 1.474098 3.892265 5.002831 0.922422 1187.360000
3.027515 1.903388 0.955832 2.363048 1.366055 1.474098 3.909090 5.200728 0.922422 822.400000
3.027515 1.903388 0.955832 2.363048 1.366055 1.474098 3.969726 6.802442 0.922422 1219.800000
3.027515 1.903388 0.955832 2.363048 1.366055 1.474098 3.892265 5.002831 0.922422 1235.600000
3.027515 1.903388 0.955832 2.363048 1.366055 1.474098 3.892265 5.002831 0.922422 809.920000
3.027515 2.066760 0.955832 3.436269 1.192003 1.323953 3.969726 5.002831 0.922422 2206.920000
3.027515 2.066760 0.955832 2.363048 1.366055 1.474098 3.969726 5.883135 0.922422 2184.840000
3.027515 1.903388 0.955832 2.363048 1.366055 1.474098 3.969726 5.143263 0.922422 1182.800000
3.027515 1.903388 0.955832 2.363048 1.366055 1.474098 3.969726 5.742703 0.922422 1199.640000
3.027515 2.066760 0.955832 2.363048 1.192003 1.474098 3.969726 5.883135 0.922422 2187.720000
3.027515 2.066760 0.955832 2.363048 1.192003 1.474098 3.969726 6.802442 0.922422 2157.000000
3.027515 1.929365 0.955832 2.406886 1.192003 1.474098 3.969726 5.883135 0.922422 823.360000
3.027515 2.040783 0.955832 2.515478 1.192003 1.474098 3.969726 5.883135 0.922422 894.400000
3.007988 1.903388 0.730385 2.363048 1.192003 1.323953 3.892265 5.002831 0.922422 822.400000
3.027515 1.903388 0.955832 2.363048 1.366055 1.474098 3.969726 5.883135 0.922422 1170.080000
3.027515 2.029664 0.955832 2.363048 1.192003 1.474098 3.969726 5.883135 0.922422 808.960000
3.027515 3.010382 1.157539 3.631764 1.830368 1.178875 1.622033 5.883135 1.602516 1054.280000
3.027515 1.903388 0.955832 2.363048 1.366055 1.474098 3.892265 5.002831 0.922422 2192.520000
3.027515 2.066760 0.955832 2.363048 1.192003 1.474098 3.969726 5.883135 0.922422 1196.000000
3.027515 2.066760 0.955832 2.363048 1.192003 1.474098 3.969726 5.883135 0.922422 2240.640000
3.027515 2.066760 0.955832 2.363048 1.192003 1.474098 3.969726 5.883135 0.922422 2240.640000
3.027515 1.903388 0.955832 2.363048 1.192003 1.474098 3.969726 5.883135 0.922422 2239.680000
3.027515 1.903388 0.955832 2.363048 1.366055 1.474098 3.892265 5.002831 0.922422 2237.760000
3.027515 1.903388 0.955832 2.363048 1.366055 1.474098 3.969726 5.883135 0.922422 2234.880000
3.007988 1.903388 0.730385 2.363048 1.192003 1.323953 3.969726 5.883135 0.922422 2233.920000
3.007988 1.903388 0.730385 2.559316 1.192003 1.323953 3.969726 5.883135 0.922422 2232.960000
3.027515 1.903388 0.748009 2.363048 1.192003 1.474098 3.969726 5.883135 0.922422 2232.000000
3.027515 2.066760 0.955832 2.363048 1.366055 1.474098 3.892265 5.883135 0.922422 2232.000000
3.007988 1.903388 0.955832 2.363048 1.366055 1.474098 3.969726 6.802442 0.922422 875.200000
3.027515 1.903388 0.955832 2.363048 1.366055 1.474098 3.969726 5.002831 0.922422 2231.040000
3.027515 2.066760 0.955832 2.559316 1.192003 1.474098 3.969726 5.883135 0.922422 2228.160000
3.027515 2.066760 0.955832 2.363048 1.192003 1.474098 3.969726 5.883135 0.922422 2227.200000
3.027515 1.903388 0.748009 2.363048 1.192003 1.474098 3.969726 5.883135 0.922422 2227.200000
3.027515 1.903388 0.748009 2.363048 1.192003 1.474098 3.969726 5.883135 0.922422 2227.200000
3.027515 2.066760 0.955832 2.363048 1.192003 1.474098 3.969726 5.883135 0.922422 2240.640000
Gen 9 FITNESS 2246.400000 DIVERSITY 35.165772
 VILLAGER_LEADER F 2246.400000 3.027515 1.903388 0.955832 2.363048 1.192003 1.474098 3.892265 5.002831 0.922422 
END_OF_AN_ERA
